# Void_ID, Void_Volume, r = (a*b*c)**(1/3.0), a, b, c, vector_a, vector_b, vector_c 

37, 3843365.5028497977, 97.17197418729313, 116.5344436558119, 106.61439513569228, 73.85041223613459, 0.267991830206, 0.682938716137, 0.679540351226, 0.910983484043, -0.409159415976, 0.0519390423288, 0.313511516125, 0.605130797695, -0.731797271748,  
40, 740848.9595089605, 56.13240999359756, 138.04778239552547, 40.96328744752002, 31.276405017038602, -0.820446093588, -0.0654475835741, -0.567965510679, -0.566588257939, 0.225930892615, 0.792422221879, -0.0764588352098, -0.971942305678, 0.22244595063,  
61, 2453650.718156322, 83.67095198202428, 149.28102133355085, 100.1937709784243, 39.1632577336833, -0.27284495476, 0.953517557388, 0.12790581853, 0.961266241611, 0.275593087592, -0.00395762690599, 0.0390236261902, -0.121871726925, 0.991778422217,  
70, 2074639.69549992, 79.11971083280935, 105.13352380014759, 80.22614569557598, 58.72147082451422, -0.791412239752, 0.0977820777077, 0.603411411933, 0.599565388481, -0.0681797027055, 0.797416373718, -0.119113440495, -0.992869675949, 0.00466849818361,  
79, 1349179.8147916265, 68.54783487923615, 97.55377634555968, 71.0817718914677, 46.44927019737525, 0.362658411439, -0.931808467882, 0.0145552669372, -0.790996538083, -0.316037783243, -0.523874599789, -0.492750802489, -0.178474364394, 0.851671032677,  
84, 2312239.127807339, 82.0316371181191, 114.59932320265571, 80.45855583817493, 59.86732465503265, 0.387101725931, 0.175326108742, -0.905214344437, 0.307179251131, 0.901147394846, 0.305899134417, 0.869363653171, -0.396477147331, 0.294979169076,  
134, 227498.0038667227, 37.87008910922658, 79.46066875574131, 62.98467114832081, 10.851802948323863, -0.9979741349, -0.00673836591789, -0.0632631053242, 0.00484742514032, -0.999538260108, 0.0299961505984, -0.0634360192636, 0.0296287192766, 0.997545994155,  
163, 595187.8188526125, 52.182130713394216, 89.1875305064168, 63.64351060784846, 25.03266909454215, -0.732009277611, -0.619835258014, 0.282783787397, -0.681253149444, 0.661352352307, -0.313858586739, -0.00752089510238, 0.422394743127, 0.906380779317,  
196, 1342837.3663199157, 68.44025244128555, 108.09751395433359, 76.82006948269255, 38.60507553724586, -0.0491976546313, 0.658530194916, 0.750944454113, -0.539662658602, -0.65018350525, 0.534813635215, 0.840442624865, -0.378945104051, 0.387371659296,  
199, 643302.8973663395, 53.551992316939135, 128.93820207712002, 56.38569131551436, 21.124010688840755, 0.296775984114, -0.267580625864, 0.916692218749, -0.764244526611, 0.509028152534, 0.396005862929, 0.5725856432, 0.818102040451, 0.0534296978341,  
200, 1038385.9048544563, 62.81886108999902, 122.3818271272753, 60.834710276653965, 33.296746382288944, -0.336461064058, -0.735703402518, 0.587821789232, -0.922291897006, 0.383512864384, -0.047911789453, 0.190188351615, 0.558263724753, 0.807570433173,  
223, 3178521.0571264117, 91.21063820839493, 119.5160526402375, 106.55761014651881, 59.58346713906252, 0.612728451876, -0.735419975094, -0.289346340041, -0.153869451025, -0.470132955236, 0.869079511001, 0.775169682265, 0.487988180834, 0.401222505678,  
235, 776161.4047521183, 57.01045117740803, 73.32409587495252, 66.44404478908417, 38.033006275684926, -0.592028678706, 0.637633540477, 0.492874742352, -0.686343013488, -0.0783592090264, -0.723044329344, -0.422416040682, -0.766344114885, 0.484026224656,  
284, 1054781.8378576434, 63.14776895111892, 144.73852335808655, 62.46688221410924, 27.850953349349147, 0.683496229511, -0.666902880781, 0.296771716729, -0.3145884807, 0.0977451521406, 0.944182171535, -0.658685806781, -0.738705917696, -0.142991521098,  
293, 2868150.4118198487, 88.13960594545881, 123.52083529124326, 79.82105718506155, 69.44734038501835, -0.744722040518, -0.655001692478, 0.127913506784, -0.65959295329, 0.693208056068, -0.290516311028, -0.101618002033, 0.300724747658, 0.94828181877,  
316, 1671662.622627098, 73.62410146940408, 120.12199916998766, 73.67891009145596, 45.091458024364115, -0.922943789946, -0.332637580907, -0.193718869415, -0.341525249297, 0.939776496905, 0.0134402365256, -0.177581712719, -0.0785644680072, 0.980965014501,  
336, 747677.5722469378, 56.304345535739664, 134.55969080274596, 60.1297028619258, 22.06082278554495, -0.118598365074, -0.978855891217, -0.166660049297, -0.184312877792, -0.143225413446, 0.972376081577, -0.975686010396, 0.146039806811, -0.163429446382,  
361, 1149401.9657819467, 64.98220472862046, 121.66303542969749, 75.69418981868532, 29.796285961003665, 0.827200116103, -0.159908598442, -0.538673563546, 0.149820545159, -0.861182018449, 0.485715282185, -0.541566036756, -0.48248810477, -0.688412272253,  
399, 3197220.5788324713, 91.38915534940178, 133.74268131995365, 92.32887654540093, 61.81251486452012, -0.937635190653, -0.107410636549, -0.330610351329, -0.344352216161, 0.156877380763, 0.925640879947, 0.0475583901611, -0.981759870111, 0.184080843556,  
438, 428491.22985897446, 46.76824890508871, 103.0679753878446, 80.7848446175142, 12.285693856327043, 0.471329713505, 0.641311024563, 0.605448982938, 0.805977635154, -0.0344539594387, -0.590942447545, -0.358117791792, 0.766507073975, -0.533121517807,  
445, 2751755.3427505163, 86.93081201380662, 117.8437672011909, 109.12690352781523, 51.08374864410418, 0.381417227863, -0.766434886989, 0.516815694707, -0.862919170977, -0.0947135261066, 0.496386797098, -0.331498721944, -0.635300646921, -0.697496727857,  
448, 678454.932014907, 54.51016101462464, 113.93479733003728, 93.68102956438906, 15.174848203071477, 0.202647076444, -0.860341176084, 0.467704204752, -0.58877957024, -0.488688063789, -0.643834290776, 0.782478613175, -0.144903543933, -0.605582515334,  
461, 276683.18835428264, 40.42326488270043, 97.64266056261359, 53.34105956090649, 12.682150992745852, -0.654131051943, 0.402277689904, -0.640535109958, 0.755911634219, 0.377516536777, -0.534863408463, -0.026648980025, 0.834058705767, 0.551031675313,  
466, 1118804.5064402146, 64.40039521526911, 112.80020707118324, 81.10062343848661, 29.19654810637458, 0.602206349907, -0.626641875773, 0.494638728426, -0.737919854565, -0.200467056458, 0.644427845079, 0.304666703743, 0.753082278906, 0.583134016181,  
482, 1194385.4795991872, 65.8191043981683, 148.0951808819858, 97.38498222842246, 19.77074295605165, -0.920549341356, -0.259034798876, 0.292386530299, -0.18402034532, 0.947819684129, 0.260335089618, -0.344565556371, 0.185846225008, -0.920182459088,  
519, 1999384.3960855457, 78.15124416526554, 112.58950324365163, 83.31447170894538, 50.884948730098735, 0.689508687235, -0.484227470827, -0.538610737661, -0.603848184539, 0.0262975306862, -0.796665431602, -0.399931419441, -0.874546852019, 0.274267503302,  
574, 887661.3228262763, 59.61921168891944, 114.28017861032579, 55.70610767883778, 33.28779001021681, 0.451794361638, 0.880391578547, -0.144196127604, 0.644113449896, -0.43373933891, -0.630069876716, 0.617251746417, -0.191783352526, 0.763033044658,  
585, 918615.5015619313, 60.304314748693166, 107.68397246244992, 74.43658279072936, 27.359469033116678, -0.184868198073, -0.886941262188, -0.423271717422, -0.914768205654, 0.312717693223, -0.255747481454, 0.359197549081, 0.339915933392, -0.869157223384,  
586, 675972.7836502206, 54.44360407798393, 101.99152451040221, 79.4025806298245, 19.92699906012222, 0.473751109664, 0.712667124809, -0.517363948597, 0.314090189418, 0.412105718846, 0.855287220415, -0.822743726201, 0.567692210366, 0.0286062106209,  
616, 1543624.684090157, 71.69425702768973, 134.00810303030954, 73.50431780278426, 37.411850886710646, 0.334060321533, 0.70516165356, 0.625420453716, 0.864155451105, -0.494080413008, 0.0954981769826, -0.376349648468, -0.508558342603, 0.774421948466,  
630, 933769.4386874384, 60.634111147063855, 136.15056775841924, 58.78985427756347, 27.850256930988152, 0.190844359994, -0.730427578007, -0.655785013206, -0.606358148908, -0.61308859783, 0.506411064713, -0.771950921699, 0.30099489115, -0.559905215184,  
659, 1420473.556760606, 69.73457868390706, 105.46421969395277, 72.67751651792713, 44.24246559559979, -0.227696855703, 0.950740097617, -0.210350680262, -0.192013159329, 0.16794345777, 0.966915684864, 0.954612533203, 0.260553759857, 0.144314412574,  
660, 1667213.8707434984, 73.55873214991144, 155.99038944768074, 88.56905623769518, 28.80864594550112, 0.625640304306, 0.760173827119, 0.175242580985, 0.317257037795, -0.453155945039, 0.833065220403, 0.712686594231, -0.465602235861, -0.524683119953,  
702, 756116.1601333221, 56.5153780319701, 100.2800051986242, 55.91403744481149, 32.1932416919785, -0.162077152234, 0.331390029408, 0.929468474523, -0.14557069637, -0.939646457116, 0.309634797768, 0.975981643824, -0.0851186468356, 0.200535899228,  
712, 3503975.0310613182, 94.22311644265812, 108.7062170822339, 100.63349320525123, 76.46724833433872, -0.693516009048, -0.119112969281, -0.71052631601, -0.197688406082, -0.916918930239, 0.346668385451, 0.69278773033, -0.380882890032, -0.612350704079,  
734, 1698802.0025474639, 74.02039272763676, 97.0548953667314, 80.57056376815147, 51.8633190818309, 0.345425732631, -0.935836564071, 0.0699356031171, 0.172131286866, 0.136440804704, 0.975579175102, 0.922524733174, 0.324952045937, -0.208216916995,  
768, 2397023.8636981105, 83.02226600213889, 130.00266888623506, 91.55919971965874, 48.076129033464085, 0.609155281272, 0.734302517786, -0.29954908725, -0.383657774789, 0.603438565396, 0.699048360013, 0.694072442287, -0.310904664112, 0.64930865903,  
786, 2060909.8265300852, 78.94478753041257, 97.40443955478896, 74.03737537228612, 68.22453969968822, -0.992704808539, -0.114895538612, 0.0365537728637, -0.120525964245, 0.93742866862, -0.326651164381, -0.00326420684131, 0.328673860318, 0.94443784258,  
814, 656288.1252937157, 53.909914825757596, 120.46382012148176, 108.89073810714025, 11.944235677206779, 0.159330722134, 0.838461317787, 0.52114905695, 0.547870292047, -0.51423983736, 0.659845082397, 0.821250183608, 0.180388492557, -0.541302251683,  
838, 595859.6459864109, 52.201757117003126, 138.45241268472583, 54.59766376668959, 18.818316870978006, -0.760940980013, -0.06904551086, -0.645136840033, 0.2063526993, -0.968447010945, -0.139746021352, -0.615132008945, -0.239464202799, 0.751178745139,  
839, 1276954.8936875819, 67.30215686596819, 131.4265492952556, 90.02726509792514, 25.76497854189304, 0.506991956252, 0.596571136164, -0.622143099127, -0.616361011431, 0.755479790951, 0.222147223825, 0.602543160183, 0.270837894249, 0.750725365999,  
938, 1071334.4687799464, 63.47638071013836, 119.54254831725589, 78.41847323861758, 27.28321695644709, 0.781008409626, -0.28362977342, 0.55639915144, -0.557770901507, -0.717544579101, 0.417158720914, -0.280922561439, 0.636147725479, 0.718608784975,  
943, 221798.236782422, 37.551142931148085, 118.72922420421212, 67.88381042837958, 6.569701507921947, 0.404372682324, -0.86781993324, -0.28874088256, -0.596488463554, -0.489561104854, 0.636027859029, -0.693313959644, -0.0849616859852, -0.715609715752,  
965, 625763.3079412783, 53.06080425107721, 134.20317806561118, 52.92489496819953, 21.032876889195062, -0.478223970252, -0.830454017196, 0.285741070901, 0.127661119013, 0.256168887742, 0.958164985608, -0.86890993375, 0.494695488433, -0.016489413427,  
973, 589487.1436470301, 52.01499680872549, 120.69318908578963, 112.09691721596444, 10.401819097307326, 0.00968706190604, -0.833321168561, 0.552704252616, -0.342974169552, -0.521969894547, -0.780971285135, 0.939294884396, -0.181997964863, -0.290863990439,  
989, 879300.16541629, 59.43143024082747, 92.2728664348872, 58.202492288798915, 39.08705514436367, -0.3897569487, 0.150435245469, 0.908547609023, -0.88544653184, -0.332389088185, -0.324810611446, -0.253128347272, 0.931067522243, -0.262753323159,  
994, 1189767.8470580922, 65.73417342708241, 115.23737541316576, 51.65064472187597, 47.72044814175804, 0.504928627481, 0.396896187448, 0.766498856842, 0.458470188639, -0.875713098413, 0.151432015758, 0.731335878567, 0.274954515615, -0.624137682778,  
1025, 1704603.1530241072, 74.10455312981338, 112.0263938765351, 75.64684006422324, 48.020152014753506, 0.701835165805, 0.605641533395, 0.37500097742, 0.542014357671, -0.112441208796, -0.832812950574, 0.462220549216, -0.787753329153, 0.40718160112,  
1046, 3375425.0072222264, 93.05647944783732, 113.39143036167309, 95.19413736369792, 74.65337008446238, -0.0505981878793, -0.877102078693, -0.477631413263, 0.0538596305955, -0.479944467498, 0.875644019171, 0.997265743709, -0.0185809491183, -0.0715247142911,  
1073, 284876.4563048846, 40.818400542803644, 78.45494893535631, 43.32373713435398, 20.008829930877283, -0.881662957697, 0.317878896773, 0.34874551755, -0.042904938099, -0.789996665562, 0.611608072779, 0.469925095426, 0.524269277555, 0.710149371119,  
1074, 1312947.0729506135, 67.9286322329601, 130.67797953220472, 77.63513767873233, 30.895688050870337, 0.117141978904, -0.95789940963, -0.262119205343, 0.894713197717, 0.21633955314, -0.39074990925, 0.431005859137, -0.188748294769, 0.882387687251,  
1102, 1946299.5545355957, 77.45337700884728, 111.85977846596442, 104.57149107341412, 39.722247990759115, -0.456100721329, -0.286093436797, 0.842687769832, 0.689433244271, 0.485162268113, 0.537865573627, -0.562720120217, 0.826297839172, -0.0240405341522,  
1109, 1269691.4396812392, 67.1743068970363, 110.81097716313384, 77.95693194608035, 35.08908624035688, 0.747475343298, -0.621524667267, 0.234494561006, -0.516094520793, -0.765589835092, -0.384081566873, -0.418242820345, -0.166070142962, 0.893025000124,  
1121, 1606412.639819989, 72.65343760113434, 104.93983883594588, 74.26232021383008, 49.210706093538796, 0.351116421982, -0.103188515092, 0.930628491165, -0.491864683184, 0.825400992526, 0.27709625579, -0.796734831453, -0.555036333847, 0.239057056913,  
1181, 1002005.4810299212, 62.076491436374404, 97.8332688053295, 73.96460007019148, 33.05757638298848, -0.903588023519, 0.116127252163, 0.41236288031, -0.172205302914, -0.979827127154, -0.101410722024, 0.392267787871, -0.162644588592, 0.905357785851,  
1183, 3268261.7385520204, 92.06108170038776, 132.4590304307979, 88.46336205295718, 66.58604315168023, -0.868014031433, 0.355115386916, -0.347051441736, 0.496090936205, 0.590517554331, -0.636539708928, 0.0211050764224, 0.724694473556, 0.688747047722,  
1268, 3876092.437263761, 97.44700716707344, 129.59586683562492, 104.1707890584789, 68.54383692094959, -0.487707250458, -0.847588279525, 0.209130930908, -0.100879651667, 0.292663335981, 0.950879312874, 0.867159116731, -0.442653679737, 0.228238441297,  
1269, 2164934.910688161, 80.25130033573781, 119.43998470996652, 77.83642110478861, 55.59345129557444, -0.423681752817, -0.705554290921, -0.568055380129, -0.140380107531, -0.568401877261, 0.810686580212, -0.894867139714, 0.423216786636, 0.141775716434,  
1276, 3522254.3887616745, 94.38667846219326, 120.03770138900602, 94.1915788037391, 74.37078450581183, 0.453546023636, -0.629356048067, -0.631036424626, -0.562454148863, -0.751362601497, 0.345108057713, -0.691333013005, 0.198406667814, -0.694761440565,  
1296, 890989.4405755802, 59.69362906999568, 147.0911145202632, 59.150436597041036, 24.44778708027113, -0.751959031759, -0.585373901995, 0.303141896509, -0.216978704616, 0.654016831056, 0.724694574589, -0.622477193397, 0.47916529461, -0.618807534006,  
1383, 327541.62804960535, 42.76212690331799, 91.4294798194488, 55.106626756319066, 15.519860661455072, 0.808998563675, -0.364400581552, 0.461230463149, -0.518976364434, -0.811240829529, 0.269354505557, -0.276016045061, 0.457275117046, 0.845407954895,  
1385, 496912.9446941184, 49.1357097505474, 104.31210053006586, 63.954068786638445, 17.782336754993906, -0.120319909738, 0.935386149981, 0.332529502067, 0.00433726865572, -0.334464442792, 0.94239838954, 0.992725695961, 0.114831558953, 0.036185710538,  
1393, 1547344.940096794, 71.75180707136906, 99.88090039450336, 63.06771025576835, 58.64203291034691, 0.241286101281, 0.72208384277, -0.648364050005, -0.671935328111, 0.60635835932, 0.425243994572, 0.700202779318, 0.333053245132, 0.631499488315,  
1395, 373846.14619914925, 44.689081940122115, 103.58595141961663, 77.44307350865569, 11.125533834254773, 0.579494788034, 0.21875540565, 0.785068062744, -0.609206006485, 0.756143617165, 0.238987179327, -0.541344467325, -0.61676000415, 0.571448392226,  
1446, 513902.4873473065, 49.689432509709235, 77.08099601586042, 53.016357333957764, 30.021674214470806, -0.878665091328, -0.196146245785, 0.435286466073, -0.0927564534598, 0.964471695566, 0.247367315534, -0.468341646262, 0.176977396063, -0.865641440586,  
1455, 2396206.0323864617, 83.01282291270776, 108.1135337071287, 91.03665569009341, 58.121817991835286, 0.64210134461, 0.0451317998497, -0.765290130534, 0.494534798244, 0.738400642523, 0.458475544002, -0.58578255059, 0.672850363576, -0.451808799892,  
1464, 483893.9284203028, 48.70279151461005, 108.58577487019336, 76.71961534978689, 13.866990308627289, 0.546509217113, 0.471234511962, 0.692290192294, 0.598802426262, -0.797801332683, 0.0703469108903, 0.585459930237, 0.376099811626, -0.718182150838,  
1474, 578718.3398612469, 51.69631005622338, 122.60786050304013, 50.9997852991511, 22.094896646112453, 0.0776435537773, 0.924794829157, 0.372459397145, 0.801911690326, -0.279904104343, 0.527817518931, -0.592375826208, -0.257697916827, 0.763336534032,  
1475, 2115714.854636795, 79.63845792444533, 97.75126509492199, 87.33101173222867, 59.16674092639498, 0.586555520473, 0.703699958731, 0.40094761439, 0.378648013325, -0.675882882012, 0.632303733825, -0.715945740548, 0.219063228054, 0.662897426987,  
1510, 548526.8995231793, 50.78121725077941, 127.17822431777522, 38.56010144107094, 26.70289794856476, -0.615668437119, 0.787336771576, 0.0324527912311, 0.754637643567, 0.577240667623, 0.311953904533, -0.226879709199, -0.216550270759, 0.949542825673,  
1512, 1958961.1550564168, 77.6209710747333, 123.88704531343204, 89.6591990147875, 42.10333184598226, -0.987998289051, 0.034647696259, -0.150528794509, 0.149950391047, -0.018742127122, -0.988515863755, 0.0370710271968, 0.99922383369, -0.0133217539269,  
1515, 1664983.9057007194, 73.52592160446665, 135.18995449314946, 75.14400152556642, 39.12755319246767, 0.609304718589, 0.784531052605, 0.115146808049, -0.498308597536, 0.265891551846, 0.825221318362, 0.616795186044, -0.560189887588, 0.552947545719,  
1530, 1750296.255704689, 74.76086508991595, 138.00893019985912, 89.69771143911423, 33.754711661105276, -0.969126735119, -0.229672251126, 0.0896885072907, -0.154142211576, 0.848266105045, 0.506640694815, -0.192441029637, 0.477174257578, -0.85747954962,  
1546, 2140748.163484959, 79.95132341965379, 129.74944082529123, 83.09483014715514, 47.402087925909356, -0.927269374204, -0.0860991074536, 0.364360331758, -0.356643925121, 0.499241954021, -0.789659788782, 0.113914960988, 0.862174237054, 0.493638497914,  
1566, 2718442.4589649085, 86.57859061999235, 121.57379322635423, 99.07373825645631, 53.88067378451072, 0.224619455543, -0.122840364286, 0.966672822155, 0.587583658595, -0.77430872381, -0.234928594223, 0.77736191336, 0.620770686433, -0.101745813294,  
1570, 888058.6746336226, 59.62810632285271, 113.08223525375774, 75.3051995236983, 24.896236654740328, 0.349867092433, 0.845350528198, -0.403702244369, -0.594617669676, 0.533393078232, 0.601599244517, 0.723894221929, 0.0295687093008, 0.689277046541,  
1578, 495935.3097390493, 49.10346511884524, 69.4555736708812, 55.82775856831487, 30.53367837660319, -0.45111501509, 0.888482931331, -0.084221873012, 0.351608719274, 0.263671977415, 0.898247402922, -0.820284433408, -0.375599745819, 0.431344733652,  
1589, 1947072.1529189588, 77.46362422172565, 137.79368317411718, 105.64651278415684, 31.93073835430223, 0.243155664963, -0.10599211933, 0.964178921796, -0.811942528908, -0.566067994569, 0.142535452697, 0.530683193956, -0.817516174864, -0.223702149047,  
1643, 1230267.9441846504, 66.4717378135904, 108.642457219221, 67.21807330335312, 40.21846205248461, 0.333891473163, -0.0236630839868, 0.942314460573, -0.746772688694, 0.603379400221, 0.279756770801, 0.575193042004, 0.797103103648, -0.183792291964,  
1645, 2789484.597372911, 87.32631204551558, 144.70732598145426, 93.85196665206469, 49.03446739771047, 0.637205328865, 0.763291287365, 0.106563499842, 0.3380479953, -0.401069923647, 0.851390902711, 0.692598672927, -0.506487242661, -0.513592982119,  
1655, 2427287.9931446975, 83.37021076780033, 128.35562289157136, 72.26409307641033, 62.47341450340068, 0.0323121923488, -0.554862761256, 0.831314163477, -0.899090229922, -0.379441977771, -0.218312949602, -0.436569216372, 0.740372272358, 0.511132289764,  
1663, 1033538.1786218159, 62.72095151329459, 100.49991278714535, 91.05161426049256, 26.96401623540489, -0.707298977306, -0.69978072495, -0.100175314774, -0.0633864626466, -0.0783560732468, 0.994908278254, 0.704066980518, -0.71004736657, -0.0110645456903,  
1676, 1773120.6155480905, 75.08443031020362, 110.02262291631476, 105.27531518797237, 36.54610733276661, -0.751719841271, -0.259236225317, -0.606394145522, 0.00420851239447, -0.921366842589, 0.388671364782, 0.659469156719, -0.289619959363, -0.69370073553,  
1686, 3232105.0019239862, 91.72033184491026, 125.80543655721134, 105.51641832843771, 58.12693211425519, -0.68381407286, 0.632767417717, 0.36332314657, -0.295628067281, -0.695502345426, 0.654889710823, -0.667084971794, -0.340414280814, -0.662658100248,  
1689, 1305961.0681634722, 67.80793838139107, 103.82162373334884, 62.65447409275681, 47.92936943085865, -0.946822242681, 0.0470089596393, 0.318304568735, 0.076412788991, -0.92811590059, 0.364365147552, 0.312551957988, 0.369311566006, 0.875168692751,  
1704, 1578468.4540601578, 72.22969248223514, 115.46222278630567, 66.01728558002483, 49.436728124126965, 0.0111465127881, 0.124426038387, 0.992166274484, 0.62531405152, -0.775144553743, 0.0901845761432, 0.780293593607, 0.619410269348, -0.0864455088595,  
1709, 1268165.12498821, 67.14737903099763, 100.54399963031705, 66.55835420533505, 45.24061128812178, 0.0332436389506, -0.948256533652, 0.315760046326, 0.910074143726, -0.101867506024, -0.401731333278, 0.413110049975, 0.300720065182, 0.859597306305,  
1721, 1972750.1325125028, 77.80266811118325, 115.85279816762203, 97.7920374960373, 41.56937065593549, 0.82107180775, 0.448207075752, -0.353484799906, 0.462758020873, -0.160083041591, 0.871910794699, -0.334209665684, 0.879479298813, 0.338851091666,  
1727, 652640.1807340508, 53.809843999185446, 134.52860304847337, 65.90272727110293, 17.573860673091087, -0.21570602882, -0.959663209576, -0.180325908616, -0.957489270964, 0.171653574753, 0.231839052496, 0.191533822389, -0.222669204116, 0.955893937851,  
1733, 2277689.0018912028, 81.62100510205478, 128.4813933505428, 79.88085647571212, 52.98133106220199, 0.235047490171, -0.635976807899, 0.73504161595, -0.338501148078, 0.655327548632, 0.675250158648, -0.911136460753, -0.407528285912, -0.0612457840788,  
1735, 1820332.3084262926, 75.7450091980028, 123.21570514601069, 76.65111057315285, 46.01268214168148, -0.512258194452, -0.809987014292, -0.285504078597, -0.189038207029, -0.217939222984, 0.957479530522, -0.837768523221, 0.544447914647, -0.0414773400326,  
1747, 332301.4067299097, 42.96826885929508, 128.09735057070975, 64.61711920586812, 9.584199185609043, 0.763741560562, 0.51467016418, 0.389632456006, 0.255728537203, -0.795438829963, 0.549436059107, 0.592707131668, -0.31998701519, -0.739125541555,  
1767, 1073380.935690335, 63.516772604819515, 135.9679343197026, 71.3517761881384, 26.413380030089446, 0.285660030224, -0.85361257804, 0.435596044224, -0.906656162362, -0.387966899859, -0.165699390058, -0.310439930396, 0.347602145024, 0.884759740489,  
1779, 802276.6349881096, 57.64281457390835, 109.29330419234535, 70.00435430771796, 25.03323203316407, 0.240364862119, 0.83848802944, 0.48904249053, 0.910212233323, -0.0196521632573, -0.413675576736, 0.337251276301, -0.544565530459, 0.767925751404,  
1789, 2661316.0594235365, 85.96782684131153, 126.9181433849805, 94.74817665445805, 52.833973478234206, 0.864268997958, 0.381275480642, -0.328128186887, -0.312257510264, 0.918052602489, 0.244283987085, 0.394378430511, -0.108666586051, 0.912500535136,  
1798, 797474.7091352126, 57.52757975476615, 98.23197372396424, 71.6720985340638, 27.04116005507058, -0.867266377007, -0.468531205493, -0.168307875019, -0.100952839148, -0.165540289433, 0.98102239365, -0.487501339057, 0.867798894937, 0.0962679716413,  
1833, 459560.1123753653, 47.87233076695369, 91.01831127209356, 52.1481596671124, 23.114577394784234, -0.642326558773, 0.766428671938, -0.00191904324216, 0.733752609802, 0.615660972372, 0.287347654779, -0.221412961465, -0.183162927278, 0.957824432016,  
1840, 1845538.7291184228, 76.09302534960234, 126.89484335987133, 94.82017606892168, 36.61759548556903, -0.960963003951, -0.266215275103, 0.075362672053, 0.176477942296, -0.379991537493, 0.90799888068, -0.213085994191, 0.885853181252, 0.412138933304,  
1846, 2646599.3597925827, 85.8090705587302, 117.8520199605357, 94.50087204019329, 56.731824015376105, -0.348628527806, 0.422125690175, -0.836820202489, 0.937084047919, 0.174334171733, -0.302458399952, -0.0182108960612, 0.889616489427, 0.456345116118,  
1854, 568313.380280777, 51.384613070226195, 128.37739062013665, 59.584401487376596, 17.73691752023526, -0.400241026324, -0.687106464558, 0.606375978423, -0.0685203027145, 0.682272261371, 0.727880161483, -0.913844674418, 0.249778437273, -0.320154093072,  
1860, 991966.8023688596, 61.868489017415, 115.73930071933094, 54.24853804501057, 37.717216608275194, 0.355809393568, -0.706221682289, -0.612087094223, -0.718165836143, -0.625722883182, 0.30448104253, 0.598028015436, -0.33124282472, 0.729822364569,  
1863, 1392094.9078341115, 69.26705849026833, 118.64928728738923, 74.49559297157809, 37.59971216797902, -0.376620141675, -0.773046985761, 0.510446497383, -0.204142545048, 0.606732333069, 0.768245857334, -0.903594538599, 0.185133016544, -0.386319396354,  
1865, 1352012.673399936, 68.59577772816395, 129.218048138322, 71.8545841789501, 34.76277969560785, 0.884508327054, -0.408155423589, 0.225951697418, 0.186726292104, 0.753573515127, 0.630285847165, -0.427525801804, -0.515301957588, 0.742755398026,  
1871, 2592531.607494546, 85.22071040803422, 119.21488684082259, 93.68520595741556, 55.41584295121357, -0.476714904346, -0.185757853559, 0.859207146045, -0.00490828350592, 0.977965316335, 0.208709723774, 0.879044258685, -0.0952778037421, 0.467122394439,  
1874, 2408256.7093640105, 83.15174925574495, 120.9742071494386, 76.86056092177118, 61.832646556148305, -0.999060301202, 0.0378317349809, -0.0211488626148, 0.0429508139417, 0.798784014431, -0.600082765851, 0.00580879878417, 0.600427229661, 0.799658301863,  
1882, 249483.51351727862, 39.05270139990017, 117.80514503481591, 44.01385723399041, 11.486813069963105, 0.111189825193, -0.961951426323, 0.249572186287, -0.404148975422, 0.185656918329, 0.895653456613, -0.907909923087, -0.200451894656, -0.368128523059,  
1897, 1733123.715941874, 74.51556268865087, 119.81911879725885, 79.46387736551617, 43.45553312605381, 0.77976614395, -0.450429231072, 0.434831310447, -0.430029892984, -0.890116063163, -0.150889645901, -0.455015441375, 0.0693318245516, 0.887780404275,  
1903, 935173.2092694225, 60.66448044404945, 87.29499113780201, 74.68638250987604, 34.2430703143373, -0.721443324619, 0.165230929425, -0.672471760986, -0.497685795399, 0.551508204735, 0.66943823402, -0.481485595236, -0.817641388428, 0.315648826244,  
1917, 2170349.287885261, 80.31814593035041, 140.87939085654148, 80.85485296728103, 45.48701804414574, 0.354479987363, -0.680726021915, -0.641058516555, 0.339292083832, -0.54521373066, 0.766565633034, -0.871335079294, -0.489238255851, 0.0376975941395,  
1921, 960797.0048414916, 61.213565576021075, 88.85564065491563, 70.6330685130993, 36.54685035848971, 0.565981245959, -0.749473192842, -0.343446010946, -0.652584171442, -0.661856877845, 0.368889376959, -0.503784803668, 0.015342961296, -0.863692922937,  
1945, 475372.53278299916, 48.415210568295635, 76.83412490480168, 58.53553948928877, 25.23316342572731, 0.43048871311, -0.693289381679, 0.577952680707, -0.752168853437, 0.0783929093013, 0.6542908892, -0.498920318091, -0.716382848079, -0.487723416676,  
1951, 1840198.1877843142, 76.01955618519935, 127.62453454435348, 104.31228362280498, 32.999424427117305, 0.234605635998, 0.29857873839, 0.925100498616, -0.907980143068, -0.272574132642, 0.318237964438, 0.347177555947, -0.914633303131, 0.207156137855,  
1954, 704516.2852254962, 55.199372709077615, 110.91010123547436, 45.113241515446134, 33.61454924559038, -0.449455474582, 0.302175415724, 0.840642489112, 0.373493394048, -0.791282056529, 0.484123322736, 0.8114754839, 0.531566294216, 0.242785530629,  
1963, 260998.56576923843, 39.644520598094246, 95.9300926764148, 58.348912885435226, 11.131709866482979, -0.93009411176, 0.25992295159, -0.259547688307, 0.364922899465, 0.734468159149, -0.572178119682, -0.0419072871392, 0.62689439496, 0.777976347232,  
1966, 358436.7920187387, 44.06644246436252, 89.48953861923195, 62.76830378214996, 15.23390737961192, 0.489861175937, -0.791409116779, -0.365660550495, -0.186343615389, -0.504788634837, 0.842890557038, -0.851652561385, -0.344760850473, -0.394750390333,  
1993, 1730958.6075221484, 74.48452018434672, 96.87517265669615, 78.73249267804307, 54.179074544347166, 0.552081007901, -0.734665346804, 0.394301139892, -0.297810200493, 0.267960606053, 0.916245708359, -0.778791143502, -0.623268755682, -0.070854872759,  
1995, 2020172.1299456372, 78.4211587868571, 104.73581761586215, 80.59660874231827, 57.13309750898123, -0.35670235235, -0.41178634328, 0.838567492404, -0.011906640312, 0.899545247379, 0.436665294973, -0.934142207453, 0.145775016397, -0.32577289766,  
1996, 3478846.388057023, 93.99733651631436, 108.24806100615618, 90.70771335846058, 84.58284685659801, -0.912194239363, -0.409444659012, -0.0160231357298, -0.124430735803, 0.239535739295, 0.962880896886, -0.390408326832, 0.880328177901, -0.269450621698,  
1998, 1059769.529345297, 63.247146987099235, 98.78020179589704, 90.19740010622736, 28.39611267083872, -0.43570228461, 0.422766698845, 0.794626854274, -0.158894205426, -0.905091313297, 0.394413927336, -0.885954937154, -0.0455854466025, -0.461525531678,  
1999, 823279.3813215895, 58.14149703389197, 97.59142220006373, 60.067712075876166, 33.52786445796716, 0.808370365755, -0.54239019354, 0.228801725782, 0.265259860283, 0.682594115583, 0.680957032341, -0.525523128218, -0.489773571483, 0.695663201833,  
2013, 139672.35774392833, 32.186514684924504, 121.77356419822345, 89.42617525087016, 3.061992911667016, 0.854390288318, 0.465205814551, 0.231518434114, -0.401656929582, 0.308567320145, 0.862240059297, -0.329680066346, 0.829680516251, -0.450490060721,  
2021, 2317877.723831161, 82.09826341437743, 121.98688819274818, 84.33612097952984, 53.78672947648946, 0.616466014878, -0.782472878276, -0.0877829554226, -0.697895981211, -0.594618822316, 0.399211291871, 0.364569406164, 0.184836822386, 0.91264697292,  
2025, 3063932.334928247, 90.10111945602628, 103.96523164382408, 87.55978161235272, 80.35219877412605, -0.0962395688409, -0.784466055134, -0.612658921205, -0.979877103903, 0.18280503472, -0.0801447473447, -0.174867969151, -0.592617353461, 0.786273403939,  
2035, 2348972.2138550607, 82.46375186441041, 122.37774190428597, 78.47285275303678, 58.39388817471411, -0.293589999524, 0.48541917627, -0.82351268083, -0.0345032128505, 0.855534373542, 0.516595067718, 0.955308557735, 0.180080978997, -0.23442781516,  
2044, 633065.3136538235, 53.26639473459665, 119.68499725823938, 73.81427983434489, 17.1072344882892, 0.595397580879, 0.503296091869, 0.626254552553, 0.615579952165, 0.215132109021, -0.758142135856, 0.516297436732, -0.836905741155, 0.181729846877,  
2051, 202049.26693734888, 36.40180257440042, 116.23281079377307, 84.2676136563733, 4.924693814894012, -0.267950529581, -0.910831728559, 0.313987381829, -0.934058584556, 0.165735366185, -0.316332655623, -0.236087005816, 0.378044112037, 0.895179074286,  
2060, 1459662.412618634, 70.37006278127345, 105.2252260037267, 72.11337859608153, 45.922773042750514, -0.981262307139, -0.0401298138107, 0.188451273892, 0.139739263199, -0.821606383809, 0.552662544782, 0.132654524644, 0.568640965925, 0.811819086351,  
2061, 541540.746871697, 50.56470875277251, 148.4573026278582, 58.790995446136876, 14.812560976198718, 0.459090962834, -0.878308107666, -0.133455445198, -0.492543842029, -0.376662269594, 0.784554713416, -0.739348396578, -0.294449321061, -0.605527493846,  
2064, 3314214.024311004, 92.49053973473205, 131.3107774901587, 100.7107357196479, 59.82955876765142, 0.531301238011, 0.790557996862, 0.304527581814, 0.47702774476, -0.576225779118, 0.66363271635, 0.700116793983, -0.207320778211, -0.683267568164,  
2068, 613658.4610682828, 52.71643574146167, 116.40960674286447, 69.15480282102203, 18.198137740052868, -0.167943820364, 0.205369923343, -0.964167033137, 0.0603158248695, 0.978367093037, 0.197888434559, 0.983949630048, -0.02492039021, -0.176697763653,  
2090, 15246.87009593665, 15.382633644569204, 115.25888398131707, 19.814234766716215, 1.5938240517827602, -0.300875613247, 0.0770881161527, -0.950542628029, 0.943540177018, 0.168905733431, -0.284961028153, -0.138584990908, 0.982612983612, 0.123555350888,  
2107, 2470957.3428895487, 83.86721333793761, 147.6318760032895, 84.15941638149015, 47.47814966526598, -0.167672331605, -0.764205088368, -0.622797376461, 0.18675655858, -0.644924363985, 0.741076617203, -0.967991723643, 0.00794654958388, 0.250856284171,  
2127, 1085152.953032732, 63.74812992418793, 92.34534778572717, 73.99019965072449, 37.91518041310729, 0.0771164937441, -0.691057920479, 0.718673776436, 0.996991338128, 0.0477881829729, -0.0610291837257, 0.00783058686786, 0.721217886711, 0.692664017975,  
2136, 2785639.156172923, 87.28616572527906, 125.62258807730261, 98.50358285159176, 53.742329258089455, 0.0861444335137, -0.530676410743, 0.843185438475, -0.964407179233, -0.256786141802, -0.0630846258737, 0.249995858401, -0.807739700931, -0.53390883709,  
2138, 1098029.402117083, 63.99928470153982, 130.2683159261127, 63.16988716749205, 31.854915708922995, -0.305469574397, -0.948972384452, 0.0783565738479, 0.00785043057068, 0.0797771788649, 0.996781807856, -0.952169475386, 0.305101647455, -0.0169196590568,  
2155, 2312885.0401776293, 82.03927478205807, 139.28089317942585, 81.58070832865022, 48.59442222646609, -0.272783596479, -0.902740665333, 0.332638543538, -0.951152407465, 0.201101169983, -0.234237949967, -0.144562122512, 0.380286221925, 0.913501057552,  
2165, 923112.2638760309, 60.40255421497983, 101.72162771654884, 61.372225998672825, 35.30049008422263, 0.457227221634, 0.104597268059, -0.883177603493, -0.696180851025, 0.660052692995, -0.282245753086, -0.553421620885, -0.743901777108, -0.374612674043,  
2182, 1625161.5195181847, 72.93499772728032, 104.36458229102875, 78.10460383159823, 47.5968430382224, -0.965186200837, -0.217526684426, -0.14525060852, -0.0578145455709, -0.36415985375, 0.929540251542, -0.255094249314, 0.905577021837, 0.338905859329,  
2183, 904644.6917411473, 59.99703796939301, 83.6923449087039, 62.750645983666665, 41.12306656343853, 0.818748816604, 0.260973034552, 0.511413189648, -0.31775542859, -0.535919587402, 0.782190311523, 0.478206924783, -0.802921709182, -0.355857929536,  
2185, 1688353.6071641024, 73.86832765614311, 131.95970561756982, 68.95128280552485, 44.29871333936176, -0.0804056755669, -0.0386693520983, 0.996011851609, 0.162006821361, -0.986467294431, -0.0252203657851, 0.983508371682, 0.159332853568, 0.0855822680509,  
2187, 1180864.6786451521, 65.56979729013017, 125.21577721681771, 63.43789820666725, 35.489810783538374, 0.367036815615, -0.445627435514, -0.816517093942, -0.876991241553, 0.126860963266, -0.463457288472, -0.310113427993, -0.8861842273, 0.344248713959,  
2189, 585809.9275397965, 51.90661475460513, 136.26058575348395, 76.09549815833245, 13.487731191204043, 0.424937355594, -0.199660438052, -0.882929189288, -0.822507026727, 0.322168532355, -0.468710601272, -0.378034965055, -0.925388105736, 0.0273206690624,  
2204, 658710.4983407729, 53.97616092419852, 105.03931863959605, 54.69890339887952, 27.370041770633957, -0.221749070445, -0.292894706641, 0.930075287586, 0.141725027225, 0.93401251059, 0.32792475771, -0.964749380106, 0.204531955653, -0.165605895734,  
2213, 1331444.49437866, 68.24614936027021, 113.3922798973934, 85.72742306030851, 32.69875371899039, -0.391453676244, -0.111140851003, 0.913461400713, 0.533684443135, 0.781255688698, 0.323759886385, -0.749629865007, 0.614237136711, -0.24651126825,  
2223, 1292348.3157982817, 67.57151516766532, 137.70421200223407, 82.33873949812686, 27.21068866449193, 0.477205236916, -0.878236034919, 0.0312510612563, 0.586882129688, 0.344958500162, 0.732511432688, -0.654098255396, -0.331217602395, 0.680037037338,  
2224, 2245736.5933689848, 81.23753469741365, 125.7138138309276, 86.6255200952925, 49.231305151518704, 0.740332407975, 0.553248931724, 0.381868492087, 0.594216476335, -0.272941406378, -0.756577668145, 0.314348063385, -0.787031516669, 0.530816999365,  
2242, 723346.1482258004, 55.68683322300086, 103.8755350836579, 64.0071324912846, 25.972629399310097, 0.563001285024, 0.419307879678, -0.712187092765, -0.580570770146, 0.813957413986, 0.0202708921771, 0.588189709119, 0.40206247059, 0.701696968662,  
2246, 3192842.392631167, 91.34742102575927, 129.10426228914721, 97.68362808776129, 60.44028588676513, 0.552692289239, 0.425920074179, -0.716326269117, 0.693488474649, 0.241628320545, 0.678741106932, -0.462174175982, 0.871898987912, 0.161824552938,  
2247, 687170.6775551224, 54.74258944853427, 126.23910724040672, 38.793537839663244, 33.49829538843345, 0.734992937675, -0.0370630774981, -0.677061082809, -0.385030531795, -0.844728038248, -0.37173381738, -0.558154880973, 0.53391091924, -0.635139558807,  
2269, 2462803.565673235, 83.77486206903254, 108.3989767246113, 87.34168033347181, 62.10040592268525, 0.758223408226, -0.463856103484, -0.458186401456, -0.603443712354, -0.233158564495, -0.7625567322, -0.246886510849, -0.854678067499, 0.456697330512,  
2272, 2838585.6401083837, 87.83571294037131, 126.83459823940663, 75.78584049327473, 70.49975099731124, -0.401426920172, 0.360705173334, 0.841871846359, 0.881621942333, -0.0969053757389, 0.46190052928, -0.248191818073, -0.927631999277, 0.279105168994,  
2276, 3894356.2043441115, 97.59982098063743, 114.34791251741586, 104.33474310551583, 77.92734346457115, 0.246757630784, 0.591811594255, -0.767378465007, -0.206679664516, 0.805785310506, 0.554971665626, -0.946780960901, -0.0216580303426, -0.321149095898,  
2278, 2098217.165401643, 79.41830407942042, 115.27969900287592, 86.40054704936402, 50.291258106357006, -0.418157537268, -0.891315083524, 0.175218994146, -0.130737000383, 0.249937344433, 0.959395205631, 0.898917187931, -0.378270730748, 0.221041044835,  
2291, 1866056.3462228288, 76.37397264650872, 119.70382186934472, 71.93077917954992, 51.738443894148695, 0.061142127412, -0.411700173705, 0.909265971664, 0.83242377433, -0.481630345074, -0.274049029618, 0.550756116794, 0.773650552689, 0.313261108564,  
2295, 3136854.470179862, 90.81032998267321, 103.40962717767455, 95.75383875711783, 75.62904131305399, 0.0492399278939, 0.223707266644, 0.973411777385, 0.673858631623, -0.726801372184, 0.132944762883, 0.737217725023, 0.649395737776, -0.186534719744,  
2298, 2244811.897332845, 81.22638314632478, 117.69460064883613, 103.2695527631965, 44.092275292456726, 0.0606681062328, 0.42294456223, 0.904122380083, 0.945412576058, -0.314898382089, 0.0838693626347, 0.320178765562, 0.849680473024, -0.418961396605,  
2302, 1662517.5051552944, 73.48959813205506, 122.93380767747098, 81.85987714270132, 39.439844647808805, -0.342090696464, -0.25605536032, 0.904107077643, -0.198661365629, 0.960116270931, 0.196749607622, -0.918426707582, -0.112304936419, -0.379315151367,  
2304, 397743.32091378287, 45.621696259436085, 100.8296795159062, 92.6029720741571, 10.169532156338192, -0.951039665293, -0.134037427976, 0.278491513229, -0.114715415445, 0.989786665475, 0.084632915033, 0.286991164495, -0.0485419895477, 0.956702538281,  
