# Void_ID, Void_Volume, r = (a*b*c)**(1/3.0), a, b, c, vector_a, vector_b, vector_c 

0, 3381450.417599394, 93.11181768152268, 126.9847400806665, 101.49835572601121, 62.633095076216996, 0.329660360518, 0.860752666726, -0.387851638423, -0.246183934508, 0.474977126656, 0.844861053395, -0.91143706151, 0.183034357098, -0.368484608944,  
38, 1891799.3531302516, 76.72357326097315, 119.23978275139027, 70.06348327288802, 54.05969141857041, 0.315225960126, 0.941715905542, 0.117489349784, -0.620554396843, 0.11087158486, 0.776285857291, 0.718014508643, -0.317613987287, 0.619335547548,  
40, 1547756.072819867, 71.75816137603506, 113.94853738113726, 76.51838821834949, 42.37789093002574, 0.0260321260265, -0.965813749269, 0.257926598352, 0.569174207571, -0.197789056769, -0.798072810249, 0.82180475166, 0.167580699203, 0.544567405749,  
44, 949144.1915950034, 60.96508659629511, 108.83705310593221, 80.23628518901997, 25.94752849148028, -0.534973606008, 0.423032056608, 0.731332427803, -0.692582930702, 0.276171580127, -0.666376877173, -0.483872013011, -0.863002397107, 0.145240275449,  
64, 1928114.1898373417, 77.21139170296176, 123.22265421443124, 75.1326700598537, 49.71927179611386, 0.595760683075, 0.316270224582, 0.738269837895, 0.390383010664, -0.91734594766, 0.077958433134, 0.701904775228, 0.241763432624, -0.669985170849,  
83, 2583492.964594063, 85.1215568141282, 107.848967888612, 85.48153932496318, 66.90065139844684, 0.454772770792, 0.207833619863, -0.8660178482, -0.667709397649, 0.723045796514, -0.177112778859, -0.589360574892, -0.658794324959, -0.46759400142,  
135, 1425763.357468667, 69.82103460913804, 132.8948736258199, 86.83168265796559, 29.496629569921122, 0.44118393805, -0.147237687153, 0.88525578015, -0.742455981298, 0.494225046645, 0.45221755727, 0.50409904646, 0.856774571723, -0.108726650862,  
143, 1142731.895115231, 64.85626183396367, 100.62364471262067, 85.2580570597708, 31.799498044310965, -0.135425840187, -0.337551445893, 0.931514285014, 0.426891037483, -0.868311163452, -0.252586154688, 0.894105074321, 0.363448407342, 0.261689455796,  
171, 794168.2170381382, 57.4479626073842, 134.487554835819, 85.32969308908422, 16.52120088570457, -0.21553978009, 0.435769738328, 0.873869176912, -0.828352821228, -0.555471772265, 0.0726822796839, 0.517082398426, -0.7082060755, 0.48069735579,  
177, 922718.5642056344, 60.393965932297114, 102.09131322975018, 88.33153221337058, 24.42733536024159, -0.778366876653, 0.627798443483, -0.00375761756772, 0.346875641928, 0.435042113254, 0.830912539761, -0.52328032102, -0.64545137234, 0.556390358991,  
204, 1140590.888151051, 64.81573190742857, 120.9430468518541, 65.54476861935001, 34.34965254820705, -0.383016566634, 0.753560491189, 0.534270433211, 0.921836801437, 0.348931582242, 0.168711773241, 0.0592893008925, -0.557129551391, 0.828306369507,  
222, 873045.1325328222, 59.29016996948074, 124.50050184715018, 109.48287240493883, 15.290820881306395, -0.89639266192, 0.416402231104, -0.151951892344, -0.41100154213, -0.652409263641, 0.636741615636, -0.166005807195, -0.633222973878, -0.755956835627,  
235, 1643394.568630524, 73.20674198927162, 122.46435016895688, 87.2116346506082, 36.73407673736219, 0.264290996022, 0.265771819137, 0.92710064695, 0.526002803429, 0.766003806516, -0.369539198446, -0.8083757296, 0.585323422183, 0.0626511870429,  
242, 568940.618330323, 51.40351023476113, 99.09440471893274, 53.49243842705492, 25.623402729786623, -0.868421508959, -0.448189548642, -0.212061810012, -0.0697257262717, -0.313054458774, 0.947172227706, -0.490899588382, 0.837330898946, 0.240612883688,  
248, 2134145.6216454576, 79.86904290351116, 123.53284971741563, 86.76767088975063, 47.5329797964442, 0.38573185083, 0.64754142197, -0.657191787904, 0.820410957764, 0.0851210497074, 0.565402747851, -0.422062554175, 0.757261192542, 0.498416178142,  
250, 409498.56505499134, 46.06678723607224, 82.28318730725215, 50.7375361654717, 23.416570751287818, -0.651453614587, -0.735699360901, -0.18535004292, 0.0648106075498, -0.297374074839, 0.952558788087, -0.755915189152, 0.608535216715, 0.241406538493,  
261, 2069938.1058504, 79.05989807413114, 103.02085347339359, 92.6636222481721, 51.76477539371174, -0.534263000774, -0.826753567355, 0.176186222132, -0.0396392777598, 0.232699444488, 0.971740549835, 0.844388402136, -0.512181127532, 0.157094617786,  
265, 3717212.0763522615, 96.0969439791134, 119.67437380264002, 106.34644410259591, 69.72758012047471, -0.887767725506, 0.459679565464, -0.0237310481149, 0.436886273302, 0.857735975559, 0.270960108563, -0.144909798668, -0.23018187011, 0.962298008375,  
284, 1931288.041170515, 77.25373413619073, 123.55703201386041, 99.6875728549653, 37.43259645727454, -0.576657758043, -0.0643694890029, 0.814446068794, 0.176549048422, -0.983154694582, 0.0472998945207, -0.797681805979, -0.171065529567, -0.578308154018,  
309, 1057526.776519159, 63.20249957588759, 90.77081558580848, 61.11467162753976, 45.51044090115828, 0.115476588286, -0.935594889074, 0.333657550637, 0.70104514129, -0.161205742733, -0.694657050914, 0.703705099763, 0.314125630997, 0.637278762018,  
319, 842877.7075733157, 58.59924035922973, 140.83182768864427, 61.544670270276725, 23.215855591888168, 0.494785216037, 0.750668767053, -0.437817304549, 0.437997324398, 0.21971880275, 0.871712103586, 0.750563744003, -0.623073069462, -0.220077296193,  
326, 1379004.6071175998, 69.04926116468869, 128.77042403527068, 52.57885031275229, 48.62391196063058, -0.9731479522, -0.173479753024, 0.151287271178, -0.123950089466, 0.948769383761, 0.290642446587, -0.193957310899, 0.264086030921, -0.944795813825,  
367, 1185159.3172580448, 65.64919049476255, 103.52064191419691, 53.135864547430046, 51.436737941145616, -0.282276995925, -0.32276668731, -0.903405425672, -0.958851568913, 0.0650957090615, 0.276344381985, 0.0303869439758, -0.944237371758, 0.327860365722,  
419, 4028643.0281697256, 98.70899402040446, 120.75822025935761, 104.42240634748617, 76.27105906683215, -0.404689715382, -0.913816068181, 0.0341530056923, -0.91200294408, 0.406056091902, 0.058043778461, 0.0669093734337, 0.00765792155555, 0.99772966879,  
423, 754732.9025466054, 56.480893451416215, 113.57580602032868, 85.87869229929834, 18.47282958815957, -0.110686190904, 0.727610373448, 0.677002002651, -0.292909606985, -0.674814131242, 0.677369803292, 0.949711813804, -0.123324907165, 0.287816674281,  
432, 2583707.0442462326, 85.1239079320665, 110.79279669713883, 91.63453948841216, 60.75526690498323, 0.337512744495, 0.941304646762, 0.00554159614159, 0.366469956474, -0.136818932364, 0.920315353968, -0.867055314444, 0.308587332421, 0.391138006289,  
452, 1640161.7877663313, 73.15870793612561, 103.40007689274924, 80.41239633428438, 47.092767568877555, -0.912634566003, -0.29162152166, -0.286452503989, -0.364504942295, 0.263377245978, 0.89317891452, 0.185025122563, -0.919559304453, 0.346664664502,  
468, 65575.16424503054, 25.015945720791446, 85.89738548908167, 65.530038495651, 2.7811884011129755, 0.525322101329, -0.806539038027, -0.271166867433, -0.780360885333, -0.583699489758, 0.224347485607, -0.339224967386, 0.0937533241761, -0.936021760275,  
472, 649035.9124530245, 53.71060440490602, 96.2920410744433, 81.91461055480572, 19.643928978190257, -0.723144882692, -0.140843992732, -0.6761837386, -0.285510162818, 0.952387903629, 0.106963675837, -0.628924022092, -0.270407564118, 0.728926830144,  
474, 948845.8194321821, 60.95869761580351, 96.07395241381272, 87.71633950377293, 26.879481171958798, -0.393784229998, 0.832845339262, 0.388976375985, -0.713883033729, -0.0105182590288, -0.700185961285, -0.579055260194, -0.553405824957, 0.598696081952,  
523, 1921129.0066174539, 77.11803825300589, 124.85498425274903, 84.3569525877377, 43.54528661869868, 0.205413192155, -0.498597582516, 0.84214361673, 0.817909395573, -0.385071014333, -0.427486297503, 0.537428731202, 0.776608501518, 0.328708981089,  
530, 1244568.1589018723, 66.72829458857973, 167.97185233712293, 56.0256833729478, 31.57231320320452, -0.997137288586, 0.00516727254903, -0.0754355818217, -0.0370628991294, 0.836187353634, 0.547190141661, 0.0659057601314, 0.548419555557, -0.833602076451,  
543, 1240076.6775369418, 66.64792664444663, 122.41025669069154, 53.548117546369035, 45.16457352470551, -0.737273403208, 0.481117587139, 0.474292943514, 0.599222377848, 0.789928004625, 0.130177914388, 0.312026394409, -0.380183659372, 0.87068933285,  
567, 855233.7455299651, 58.884194673806654, 89.02846915225433, 74.76065999111542, 30.67567917855198, -0.568964222284, 0.437129456891, -0.696561233259, 0.821823760629, 0.271588425775, -0.500844719899, 0.0297560115988, 0.857413298767, 0.513767471596,  
634, 1903825.286803645, 76.88580406206141, 119.96633625805488, 80.30179496038576, 47.17955417864383, -0.158222292945, -0.984956326806, -0.0694747457778, -0.983118218049, 0.16369332854, -0.0817500063097, -0.091892738317, -0.0553672148218, 0.994228442647,  
636, 3300547.693432974, 92.36323476899494, 116.63876153199466, 95.42388112314487, 70.79415907587354, -0.684413519949, 0.197185632308, 0.701923044302, 0.0198759030064, -0.957329318801, 0.288314973324, 0.728823080171, 0.211278020093, 0.65128988633,  
645, 1102614.023028819, 64.08823345515341, 111.72917816483184, 62.86439451853209, 37.47689146288094, -0.222688369407, 0.81649283224, 0.532681279032, 0.0653985533904, -0.532659336766, 0.843799182371, 0.972693641053, 0.222740849096, 0.0652195890719,  
671, 862512.15964021, 59.05076646788343, 100.17934993162642, 75.62701467464355, 27.178247589866384, -0.77544965603, 0.141123990324, -0.615436308904, 0.631406938242, 0.176039249096, -0.755205575401, -0.0017633213706, 0.974214659165, 0.225616241802,  
675, 1184101.6750600466, 65.62965612567186, 106.24158078050797, 57.6483920299703, 46.15499030091664, -0.710931808992, 0.416952867384, -0.566326998601, 0.65018924547, 0.696585130069, -0.303353097299, -0.268011022233, 0.583883090136, 0.766322796878,  
686, 381383.1456125124, 44.987407053108825, 105.65488961375219, 34.50438090987897, 24.975204156084892, -0.362795684733, -0.575705253306, -0.732763776708, 0.260668975596, -0.817643365475, 0.513333236851, -0.894668081637, -0.00477369986858, 0.44670598327,  
689, 1607386.6185510603, 72.66811805634737, 102.03648957416095, 69.50836084131548, 54.105221996228266, -0.46173107627, -0.128949252662, 0.877597005148, -0.851315961262, -0.213456002669, -0.479267846851, -0.249129579349, 0.968405196786, 0.0112172871357,  
711, 2129812.6191446534, 79.81495299251088, 148.64550837670365, 72.13539626419173, 47.41901998124962, -0.966812586207, -0.246722779613, -0.0663422427345, -0.219386474696, 0.934799428094, -0.279319895381, -0.130931271556, 0.255495399676, 0.957903493507,  
723, 511523.2518831887, 49.61263079425186, 143.22417493646486, 75.20056539276135, 11.33807526472054, 0.212007890329, 0.892232687551, -0.398714792432, 0.809187905781, -0.389034825555, -0.440303120184, 0.547966775979, 0.229287452276, 0.804462352539,  
758, 1103561.6651997706, 64.1065884191446, 123.26562943564998, 80.45206870103112, 26.5661599444138, 0.212654524317, -0.615990556081, 0.758507539914, 0.717640614266, -0.428371219628, -0.549081093238, 0.663151567927, 0.661100395563, 0.350964763107,  
823, 1752450.160768476, 74.79151929053532, 112.82408779623253, 78.7061151677746, 47.11365080448261, -0.152963993203, -0.984321878671, -0.0878205895736, -0.559145356214, 0.159479079573, -0.813586439048, 0.814836478938, -0.0753449556925, -0.574773564322,  
829, 1950903.5057768552, 77.51440063495544, 126.87031415799528, 93.46296354439251, 39.277841834423626, -0.423440743557, -0.88854359434, -0.176601861974, 0.748404174645, -0.452950261468, 0.484486585996, -0.510479312088, 0.0729817894663, 0.856787330869,  
838, 577613.6519572751, 51.66339556216247, 110.97370289659348, 65.37274728220343, 19.00780753859016, 0.0964133977559, 0.748864130611, 0.655672914355, 0.493533874949, -0.608026795332, 0.621874368692, 0.864366109361, 0.263639773257, -0.428211745455,  
889, 560366.2402722168, 51.14397171290674, 108.65445486623142, 41.357809857469, 29.769962269801795, -0.886286142424, -0.318963453504, -0.335796350601, -0.0588404436545, -0.64162271848, 0.764760151499, -0.459385106352, 0.697554730798, 0.54989337294,  
906, 2206691.2584864777, 80.76396931363352, 116.4082380842486, 76.83075141742495, 58.90255977590746, -0.725242988384, 0.201395353799, -0.658378705054, 0.682729385537, 0.333844096782, -0.649945155508, -0.0888999095859, 0.920862655618, 0.379616616554,  
911, 936734.2830856643, 60.6982171839524, 106.08006450937823, 78.17871739663467, 26.965314475198003, -0.961154492717, 0.224538186205, 0.160513688095, -0.147847168581, -0.909915954194, 0.387548927293, 0.233073498864, 0.348762898313, 0.907767142437,  
940, 3083296.3218060345, 90.29053336719365, 126.32058560488484, 82.18272157987995, 70.9042072699169, -0.749177385084, -0.454855465729, -0.481497404951, 0.139183949212, -0.818807104621, 0.556940529774, -0.647580940084, 0.350230539387, 0.676740345569,  
956, 75473.89091800284, 26.216177983499293, 123.29700973587295, 62.120760318434286, 2.352441454864, -0.421822332116, 0.466252345615, 0.777608301356, 0.251203965456, -0.763971117969, 0.594343922866, 0.871184531467, 0.446045828494, 0.205135640529,  
971, 2598838.9425473385, 85.28976520835072, 136.81614770629957, 80.79400821294527, 56.12731207902172, 0.125176913276, -0.501525004463, 0.856039374259, -0.940635519795, 0.21438075826, 0.263145794928, 0.31549256613, 0.838160820121, 0.444916711678,  
1005, 2605620.5453582886, 85.36388791527368, 133.5670994815436, 77.42826897331832, 60.1483219425422, 0.888587644459, 0.311749292024, -0.336488301486, 0.33625319855, 0.0562591729133, 0.940089725467, -0.31200285989, 0.948497382382, 0.0548354906507,  
1018, 1344307.6589814958, 68.4652220813659, 135.4421852089334, 97.98463335496419, 24.182329797102028, -0.188538020085, 0.504580202768, 0.84252728974, -0.593872116276, -0.741855482923, 0.3113942067, 0.782156841364, -0.441643817381, 0.439524076788,  
1036, 1484982.1849647674, 70.77461975514281, 102.14761066348588, 97.22066088499061, 35.69816172794032, 0.513269234162, 0.803434339721, -0.301741536782, 0.84858640103, -0.52765387841, 0.038503306172, -0.128280213789, -0.275816327211, -0.952611956882,  
1071, 1837223.9356104708, 75.97857812558347, 120.83521413455207, 91.14534377537765, 39.824055285942364, -0.959270795777, 0.166527826197, 0.228184187603, 0.252896891199, 0.866171984135, 0.431032778708, 0.125867798867, -0.471184228303, 0.873007858044,  
1086, 1279597.8940918972, 67.34855815140637, 136.2876537372874, 107.70185192757619, 20.81158807729738, 0.836200348782, 0.470168158013, -0.28233115288, 0.274579771463, 0.0867130930886, 0.957646484142, -0.474736691019, 0.878306747485, 0.0565891466919,  
1094, 848701.5070788099, 58.733893043187116, 139.16471989107436, 102.41421305213296, 14.215985834092805, -0.303126648609, 0.942281885965, 0.142193819436, 0.952033464291, 0.292900991124, 0.0885510715313, -0.0417913600422, -0.162215464062, 0.985869984047,  
1103, 553208.5098545583, 50.925278678940245, 140.5849346181934, 74.50356818493614, 12.609108643434631, 0.312913870105, -0.769038129088, -0.557373542523, -0.377060092086, -0.639202761885, 0.67025779828, -0.871728510978, 0.000430357642236, -0.489988997775,  
1118, 2515002.0490391017, 84.36259132901249, 132.71834731540423, 86.46830913189224, 52.31928526202243, -0.618322132327, 0.361778839365, -0.697706107228, 0.775079692882, 0.427670044344, -0.465134177257, -0.13011229902, 0.828380591612, 0.544845285457,  
1139, 1511295.3607578196, 71.19020550688887, 134.9112392064747, 59.28932898624708, 45.1061825527817, -0.400536040794, -0.224339115971, 0.88839340445, -0.898497058769, -0.0939338201215, -0.428811698558, -0.179649423623, 0.969973400915, 0.163944155458,  
1153, 2731273.7173791686, 86.71459607056555, 124.63876847091589, 102.48793823513782, 51.04470645589564, 0.71464063611, -0.101012206287, 0.692159877053, 0.10210212604, 0.993983761334, 0.0396413680625, 0.691999940086, -0.042341662518, -0.720654748501,  
1173, 1821322.563671439, 75.7587417264428, 136.1702226171685, 117.6971904321484, 27.13001383987216, 0.848393533712, -0.529315630732, -0.00730582082731, -0.0402981665906, -0.0783391176552, 0.996111961787, 0.52782996289, 0.844800536048, 0.0877928503216,  
1178, 2282802.2421967755, 81.68203712425452, 132.2466175840185, 92.77763248572036, 44.417265904854034, 0.494444300506, 0.00173216373064, 0.869207589305, 0.811254145096, 0.35811421624, -0.462191432409, 0.31207618583, -0.93367617927, -0.175662308144,  
1183, 2063468.1015927033, 78.97743960939455, 120.0296421948013, 70.2387245902425, 58.43109457605472, -0.141303217983, 0.117836087673, 0.982928307167, -0.0552019287688, -0.992283666213, 0.1110219475, 0.988426096199, -0.0385717799485, 0.146717654506,  
1199, 1514932.649419145, 71.24727175580908, 115.66153988739745, 76.24561620268587, 41.01104800081087, 0.138442533386, -0.875379405872, -0.463189551615, 0.343446853188, -0.396234566256, 0.85149423224, -0.928912226201, -0.276964012607, 0.245790585125,  
1244, 1115622.2401729068, 64.33927824690724, 113.17157550287718, 85.36699706171814, 27.567741490296036, -0.385502241099, 0.723683814911, -0.572424456276, 0.279558641724, 0.682821707766, 0.674982578472, -0.879337812189, -0.100181093218, 0.465541362949,  
1264, 3697098.570908038, 95.92330640367028, 133.85929701461126, 89.95837457811133, 73.29633861769356, 0.582197277439, -0.236332946442, -0.777941558582, -0.69213863752, -0.646105253354, -0.321701893126, 0.426603371524, -0.725737376752, 0.539735882993,  
1283, 1635766.8706540572, 73.09330502453795, 104.09817861523543, 87.59200188118675, 42.8277457638619, 0.960562070911, -0.116433578573, -0.252514810868, 0.251057895382, 0.753551981856, 0.607560156534, -0.119542632954, 0.646995079133, -0.753065021419,  
1309, 3319164.398786268, 92.5365672419004, 144.92198583664987, 80.8819758425619, 67.60115651810261, -0.410607154607, -0.387264122044, -0.825486683335, -0.911052493186, 0.137294966177, 0.388758854462, 0.0372171901918, -0.911688868003, 0.409192239313,  
1315, 327531.22534973867, 42.761674191109634, 138.74609804057243, 53.220358996373754, 10.589257827269243, -0.376866526649, -0.793901268083, 0.4771712456, -0.918789457044, 0.385731875841, -0.0838859558222, 0.117462992961, 0.470033718468, 0.874797547315,  
1317, 2311955.5592527417, 82.028283580348, 127.13098708093774, 84.14488294546591, 51.59549018631709, 0.453753492368, 0.402555601034, -0.795019972227, 0.550590666509, 0.574841512449, 0.60531574696, 0.700683727595, -0.712394710565, 0.0391929871514,  
1319, 1026015.7139624123, 62.56841224416773, 122.75751019940753, 98.00466823223168, 20.359662232759582, 0.117323961463, -0.891222892969, 0.438128797405, 0.478860357303, -0.335729856145, -0.811158567666, 0.870016003457, 0.304970849003, 0.387382156259,  
1328, 124159.43697268941, 30.94784229302863, 94.51423703063035, 63.071394577161364, 4.9723473421128155, 0.656998494817, 0.0875548043989, 0.748790447345, -0.682779106426, 0.490213638975, 0.541759429997, 0.319633649098, 0.867193602599, -0.381850214056,  
1338, 2047908.2996079233, 78.77842592902509, 118.10429334999102, 94.12617060823689, 43.97904768010778, -0.679085348554, 0.71395025963, 0.170640312219, 0.733919437526, 0.655818389101, 0.176817701996, -0.0143299895719, -0.245310552753, 0.969338632319,  
1347, 4591949.191049869, 103.11048308394926, 135.54103092377122, 114.49285883392244, 70.64139721246127, -0.545657472743, -0.535088056308, 0.644933092992, 0.524551049465, 0.382094300833, 0.760822017147, -0.653532033602, 0.753448549848, 0.0721883909508,  
1372, 801280.0719431582, 57.61893731508794, 122.61629241692427, 51.30814333234206, 30.406137363245747, -0.0347692556449, 0.860111553232, 0.508919654621, 0.221092059155, -0.489990362628, 0.843224611779, 0.974632956677, 0.141836386478, -0.173127234225,  
1377, 3270634.6945056426, 92.08335695042663, 120.40600934452397, 103.926649378038, 62.39766550684565, 0.210761566728, -0.905098613411, -0.369291296936, 0.102346644132, -0.355269649563, 0.929144036484, 0.97216496873, 0.233623577794, -0.0177566177388,  
1384, 2143059.817708305, 79.98009113935804, 148.94622101462534, 74.72523189205111, 45.967292427103004, -0.590148279372, -0.53929336585, 0.600739272816, -0.266435319001, 0.832554505098, 0.485659568865, -0.762061171523, 0.126552999137, -0.635017408633,  
1399, 415685.54771188955, 46.29763130489925, 96.54079663928567, 77.01588520728387, 13.3470450544397, 0.969388828295, -0.168643263495, 0.178450971571, 0.0162812930105, 0.769348871852, 0.63862135329, 0.244990242815, 0.616166992834, -0.748543931822,  
1409, 3659723.145301131, 95.59896882198821, 126.91750123474714, 94.90865234589643, 72.53244270067754, 0.397562271924, 0.141850507532, -0.906544358239, 0.794040368251, 0.441926357958, 0.417373918364, -0.459830548714, 0.885764939279, -0.0630582176554,  
1440, 589148.0631686633, 52.005021667340046, 123.78728520036972, 83.06312679679606, 13.678911224643754, 0.374924277017, -0.889690168949, 0.260544026565, 0.37037360444, 0.401392070093, 0.837680010028, -0.84985597582, -0.217567941898, 0.480009386389,  
1442, 1181051.9211757134, 65.57326277496563, 115.83371300209225, 69.09828151132236, 35.227202580484665, 0.911548926159, -0.401741336028, -0.0876496100669, -0.335230924905, -0.602638104393, -0.724187504809, -0.238115060855, -0.689515202196, 0.684010236571,  
1464, 2931637.191703871, 88.78519191509035, 123.75473395523457, 89.43085897826975, 63.237164796161764, -0.991774728044, -0.0828692139819, -0.097547845636, -0.121265328054, 0.364470496468, 0.923285425758, 0.0409586257852, -0.927520323539, 0.371521789933,  
1472, 3372339.4141209223, 93.02811541782198, 114.23811263889088, 102.61226569836462, 68.68032991083139, -0.103426015761, 0.537260999246, 0.837050582673, 0.738760321637, -0.521996519424, 0.426324783334, 0.665985169834, 0.662472831442, -0.342919088361,  
1488, 3240348.0656589875, 91.79823924669799, 121.92123968565097, 84.05869451237365, 75.48159052583799, -0.307242716159, 0.112008681639, -0.945016385363, 0.941691335652, -0.107368953263, -0.318887654564, 0.137183605891, 0.987889651283, 0.0724892761859,  
1490, 1465007.365000882, 70.45585121855932, 131.1114566604466, 69.05999998936502, 38.62637765210259, 0.383987603342, 0.41439009942, -0.825126878717, 0.829491934399, 0.237717856449, 0.50540414669, -0.405581867501, 0.878505017759, 0.252452535195,  
1502, 1732539.072286598, 74.50718283860748, 110.89558716223755, 80.39359189727978, 46.393670179317134, 0.735105026766, -0.285937592958, -0.614703418372, -0.154574346089, -0.95351294533, 0.258688682819, -0.660096486247, -0.0951459721738, -0.745130775652,  
1517, 1853409.817337186, 76.20104899357955, 106.83677972611974, 83.52621172906395, 49.58373936186551, -0.147330949954, 0.0227334207061, 0.98882596182, -0.95762966476, -0.253407998284, -0.136856901824, 0.24746518211, -0.967092331677, 0.0591050391627,  
1522, 212096.53661147156, 36.99545069987918, 137.53245452626393, 45.36803728742466, 8.115023511969444, -0.899351988745, -0.403062985458, 0.169429130007, -0.173235181299, 0.684289670873, 0.708334114876, -0.401441866652, 0.607690608856, -0.685241965737,  
1534, 971253.2527843318, 61.434825022489, 88.56867040659624, 86.66570721004592, 30.20761702247752, -0.196938205696, 0.698570627873, 0.687905822777, 0.956163190262, -0.0182458058085, 0.292265365993, 0.216719396284, 0.715308442872, -0.664354223913,  
1544, 963155.809565129, 61.263618759490136, 83.7502100838025, 68.94056197056236, 39.824214173012, 0.0505243477663, 0.0392248576526, 0.99795225378, -0.858772696823, -0.508411374145, 0.0634612466943, 0.509859535044, -0.860220486377, 0.00799808371319,  
1549, 607877.084130201, 52.55036305135034, 134.0888384701316, 90.51599074821873, 11.956641948519348, -0.728884450955, -0.585840153216, 0.35428628542, 0.0836144681717, 0.437434288341, 0.895354602432, -0.679511646603, 0.682233507139, -0.269854338242,  
1553, 640032.8235795383, 53.46109862195557, 78.68667712893964, 55.74169870526881, 34.83631688128123, 0.621275147652, 0.333228712495, -0.709207879312, 0.737067726985, -0.555736587847, 0.384562102612, 0.265985632596, 0.761653116646, 0.590877460355,  
1556, 1933682.6424299553, 77.2856498802746, 116.34691537705471, 79.5621917229435, 49.8694958327629, 0.250690516272, -0.922557634455, 0.293328614629, -0.540478846972, 0.118000280829, 0.833041745473, -0.803141881007, -0.367373576667, -0.469041335214,  
1561, 1712471.9652011574, 74.21840560083271, 105.9308167943199, 81.77649264863952, 47.193703550802326, 0.628850034127, -0.136762634239, 0.765404217688, -0.222405880901, -0.974916862548, 0.00852849691481, 0.745039098785, -0.175593544856, -0.643493316427,  
1567, 2590546.167831148, 85.19894998031567, 127.87829128980829, 80.90042192543345, 59.77989061317551, -0.0845899597122, -0.989635874589, 0.116040400047, -0.974971010518, 0.106237412811, 0.195307810311, 0.205611447554, 0.0966149462886, 0.973852907162,  
1572, 1574055.869556543, 72.16232399920138, 98.6535028097629, 74.3934634175824, 51.20168411236412, -0.0118391513334, 0.026963724604, 0.999566301979, 0.682293206551, -0.730550338591, 0.0277881823449, 0.730982773251, 0.682326285834, -0.00974807010536,  
1577, 1516252.9444738769, 71.26796356821175, 126.84808606864979, 53.93761450091771, 52.90630047670214, -0.546840903799, -0.792959792051, 0.268662974977, 0.0447210192725, 0.292769652746, 0.955136618954, -0.836041300635, 0.534322654042, -0.12463645137,  
1581, 703938.5207535711, 55.18427915756311, 163.34388708324462, 52.07713062173322, 19.75587130853279, -0.794824759831, 0.34228461244, 0.501093649178, 0.174433316539, -0.66202815346, 0.728897621143, 0.581228543037, 0.666753303789, 0.466490527927,  
1582, 497947.9979140351, 49.16980210954362, 89.82087188250966, 42.40090830409216, 31.21353489578842, -0.166405805919, 0.806408898505, -0.567462594511, 0.972368813089, 0.229756930182, 0.0413599367182, -0.163731484719, 0.544900395895, 0.822359750636,  
1595, 979384.892658557, 61.60579936090129, 95.13146143477628, 54.426587528040876, 45.157461178753664, -0.544534177329, -0.113634178256, 0.831005296766, 0.288183306263, 0.905112042687, 0.312606097467, -0.787675638643, 0.409706558057, -0.460116968361,  
1598, 3358449.918875829, 92.90022283837634, 118.8200948482979, 97.11961835178545, 69.47897540849362, -0.808338482122, -0.00299314409516, 0.588710403687, 0.360975880696, -0.792471676737, 0.491614742583, -0.465064846959, -0.609901371254, -0.641665805124,  
1600, 691433.6234589722, 54.855556911939104, 119.00529858188543, 46.61067902968346, 29.75843976508271, 0.855211497787, 0.448644887808, -0.259482289757, 0.291681463463, -0.00278964881965, 0.956511443597, 0.428410104836, -0.893705758347, -0.133247137196,  
1602, 3698344.3255023425, 95.93407912883971, 127.82087272858217, 95.23968125282083, 72.526884422402, 0.839229212561, -0.035008520482, 0.542649732588, -0.304354061023, -0.857214739593, 0.415393182134, 0.450625048486, -0.513767742972, -0.730054636284,  
1603, 512117.3707976599, 49.63183122345847, 100.31662154683838, 61.68361553724596, 19.75778151561591, 0.726275796411, 0.685525753277, -0.0507731143683, 0.547303978516, -0.621364293321, -0.560682414639, 0.415910834974, -0.37942173973, 0.826472819137,  
1610, 2342070.953443275, 82.38291337754487, 109.27466171963584, 94.27590957529843, 54.27392582345873, -0.967091788428, -0.186273147365, -0.173308359079, -0.196229976638, 0.112499738354, 0.974082955984, 0.161948352955, -0.976035923233, 0.145349948518,  
1622, 1152596.8998242265, 65.04235826821827, 131.41459504693427, 50.28851520829694, 41.636711725510565, -0.655303719423, 0.0145076446516, -0.755226167156, 0.753730231232, -0.0531943778692, -0.655027554146, 0.049676693105, 0.998478786159, -0.0239236233122,  
1634, 1635385.993990232, 73.08763149903126, 125.38249966415488, 70.53123034567304, 44.14822844356376, -0.433127202981, 0.481373297401, 0.762023998695, 0.0914524329526, -0.817607715263, 0.568466425085, 0.896681258054, 0.315907221335, 0.310105383642,  
1640, 1501835.9288768154, 71.04136435725148, 133.93284826347562, 64.0877463313025, 41.770702187728446, 0.205299434651, -0.934616556247, -0.290420445081, -0.924718279091, -0.0880501658952, -0.370328600842, -0.32054367323, -0.344585346576, 0.882333662782,  
1646, 1052445.4192466096, 63.10110884613064, 90.03445224847935, 64.02897105700734, 43.5838632609453, 0.338017673671, 0.0981149456399, 0.936011490169, -0.517873409781, -0.811051666279, 0.27203368554, 0.785844249027, -0.576687655554, -0.223338676013,  
1647, 1650989.0559451114, 73.31933687055981, 112.84991774114414, 75.97730025068331, 45.96957417801958, -0.0695071924249, -0.99744897483, -0.0162570849687, -0.0614884545725, -0.011981830111, 0.998035873955, 0.99568464895, -0.0703702945686, 0.0604987726061,  
1655, 1573354.6544075627, 72.15160671111745, 122.64649072882276, 78.73531734287205, 38.896749624769065, 0.30779964681, -0.712300155579, -0.630783533223, -0.720550299533, 0.258439861444, -0.643440831669, -0.621342613431, -0.652562124536, 0.433700392386,  
1656, 922449.9081237455, 60.38810398556849, 100.8581965167748, 61.439292362980396, 35.538310666898326, -0.274075651263, -0.942107999227, 0.193171051603, -0.935482304292, 0.30775626801, 0.173663288743, 0.223059175426, 0.133111221513, 0.965673861594,  
1681, 411499.02599325863, 46.14167976637921, 142.38860382675517, 77.28438305387138, 8.927158101525572, -0.0758817160678, 0.268369128831, 0.960322849805, 0.185445293113, -0.942498332986, 0.278041247983, 0.97972037257, 0.1991855994, 0.0217505991393,  
1682, 3336897.233093029, 92.70106868409422, 115.36162589236305, 84.419972818354, 81.79893442032488, -0.383519638144, 0.619060909313, 0.685329320632, 0.0245821020377, -0.734967927971, 0.677656155519, 0.9232055066, 0.27674127884, 0.266656815343,  
1683, 1851945.3539870507, 76.18097373425759, 136.49902131513983, 76.76486008161923, 42.19369489439717, 0.540535791639, -0.0780880812603, -0.83768926788, -0.740128818917, 0.429299365742, -0.517601570691, -0.400037984903, -0.899780143223, -0.174256433157,  
1689, 269403.99268277065, 40.06561432811286, 143.5121407595769, 30.85285657914067, 14.525510191131715, -0.91977005955, 0.18797818177, 0.344510146055, 0.378046183573, 0.660070552723, 0.649144012152, 0.105376091414, -0.727303972632, 0.678177565798,  
1705, 1695045.1011604492, 73.96578707717191, 100.40342164581119, 93.88278475663334, 42.92973151506457, 0.986195260564, -0.165297378481, -0.00978185610811, -0.137450869897, -0.85013781967, 0.508303989687, 0.0923372427906, 0.499942460924, 0.861122157048,  
1720, 1807531.2629284558, 75.56703856273923, 142.338259791834, 74.95438157589295, 40.44627506543119, 0.239713932265, 0.736041239546, 0.63307229, 0.789569396552, 0.231624222285, -0.568269643461, 0.564904769591, -0.63607665681, 0.525632084214,  
1721, 2235140.9034954184, 81.10956999821083, 111.77267070474196, 90.14600928170553, 52.95831559630163, -0.265867923308, 0.898283712587, 0.349857998417, -0.751173732052, 0.034416466994, -0.659206743802, -0.60419555744, -0.438066066364, 0.665616894219,  
1724, 1471605.0291402426, 70.56145887305236, 130.57122044848617, 88.69537031703038, 30.335715259547143, -0.0235468028348, 0.993043084384, -0.115373223205, 0.101903833481, 0.117188254776, 0.987867664044, 0.994515538741, 0.0115041513864, -0.10395430584,  
1725, 1070349.7303633755, 63.45692622169449, 135.22204421483156, 67.31555674172586, 28.07205173461881, -0.518867889106, -0.85202101841, 0.0695434960515, -0.133484883417, 0.161105664092, 0.977868473209, -0.844368343529, 0.498101545054, -0.197324482161,  
1729, 1012199.9874092137, 62.286305673539076, 121.9889156073275, 53.25027625933435, 37.19936121712924, 0.119091671189, 0.620104042466, -0.775427720919, -0.70130469966, 0.605381106601, 0.37641125648, 0.702843433552, 0.498983659339, 0.506977726952,  
1736, 2082864.0452198407, 79.22412257064423, 104.34406294654076, 88.69662243662289, 53.727605840260686, -0.0239198642898, 0.854082719813, 0.519586901114, 0.379479511779, -0.473079270382, 0.795104586878, 0.924890880176, 0.216191377376, -0.312790901588,  
1746, 3112224.88514813, 90.57203392533654, 111.42363023727268, 91.94991944663593, 72.51931691792736, -0.914709406438, -0.144833437865, -0.37726645365, -0.187226274499, -0.675443546187, 0.713247739605, -0.358124313487, 0.723048609148, 0.590717940221,  
1750, 2363521.7175278454, 82.63366134611687, 114.00999290640775, 92.18067398436557, 53.68935543655329, 0.110992100056, -0.973233079406, 0.201241464103, 0.960775218056, 0.0532953092697, -0.272159126946, 0.254149039139, 0.223555324605, 0.940973582385,  
1751, 2114863.777897572, 79.62777792043406, 107.65558719807991, 87.76459735762343, 53.43648104386995, -0.32952835998, 0.577681797889, 0.746789662727, -0.272091088972, -0.815516590355, 0.510782860086, -0.904089320405, 0.0348773743745, -0.425917914023,  
1754, 1603293.5189585434, 72.60638416957624, 172.05034718374552, 68.77514869586886, 32.347247862243826, 0.848343424754, -0.498216850362, -0.179146319224, -0.336853603551, -0.768957364632, 0.543354599827, -0.408464298869, -0.40060521888, -0.820166065596,  
1758, 1623166.7271968778, 72.90514433748098, 129.99815613658149, 89.71939439767166, 33.22392949449779, 0.415417998814, -0.402386073363, -0.815790006206, 0.695088713329, 0.718923677805, -0.000652758021392, -0.586753412315, 0.566775258329, -0.578347853529,  
1765, 576499.0773620383, 51.63014393261678, 125.57769892573245, 53.98042016325372, 20.30304727370615, -0.620433977441, -0.125908806829, 0.774085687763, -0.724411078712, 0.470179692359, -0.504142485744, 0.30048339168, 0.873543375715, 0.382925191216,  
1766, 2245644.2985784626, 81.23642178803294, 139.07789580226782, 104.16531870237748, 37.0059109311616, -0.56609540646, 0.491855864729, 0.661523846219, 0.800237576257, 0.135261162461, 0.584229611947, -0.197878276549, -0.860105938976, 0.470172267801,  
1768, 1814031.7260426972, 75.65751796745023, 132.72863596491368, 95.33711515439231, 34.22391049669439, -0.116645463688, -0.15121841613, 0.981594023221, -0.5924410977, -0.782651441131, -0.190971902257, 0.797124445465, -0.603812646703, 0.00170473581208,  
1769, 183811.07220669006, 35.271805124342336, 159.5486287521013, 49.35870416240241, 5.572194068923187, -0.901877669768, 0.217372254891, 0.373317521123, 0.373500505199, 0.826580326864, 0.421025338735, 0.217057691387, -0.519147634151, 0.826662986086,  
1770, 1482346.858334134, 70.73272819046385, 115.41952521768411, 112.08113183133366, 27.355801046497884, 0.482542472616, 0.57959322295, -0.656676829218, -0.330790419245, 0.814809888175, 0.476090899584, -0.81100583269, 0.0125116762293, -0.584904263363,  
1779, 2125774.2877573576, 79.76447544376813, 129.14345226511034, 108.21896033129183, 36.312219197245575, -0.690073161442, -0.594667854753, -0.412515665619, -0.723193314219, 0.588719455046, 0.361110555813, -0.0281151583076, -0.547521274266, 0.836319312284,  
1792, 1847319.8367269959, 76.11749630546457, 110.27020014891892, 68.6953386318503, 58.21944390772605, -0.665169586956, 0.363767612214, -0.652090902324, 0.170193104389, 0.924179546263, 0.341945132278, 0.727037638508, 0.116470127388, -0.676646866259,  
1796, 800181.8548671901, 57.592601524684135, 140.7300019084033, 85.52573550143377, 15.87144901816448, 0.623624389134, -0.456755537368, -0.634402869131, -0.403768521382, -0.883114501022, 0.238913706651, -0.669375531685, 0.107159494064, -0.735155249191,  
1798, 1106740.9909698188, 64.16809240175637, 121.73595239422927, 82.73467923914475, 26.2331801022097, 0.310527898195, 0.946726494058, 0.085330943336, 0.470488926037, -0.231079169581, 0.85161175888, 0.825961618309, -0.224301945676, -0.517180860287,  
1811, 2001468.053833988, 78.17838317039546, 121.93138291943188, 100.979843514217, 38.806981216128996, -0.172012039482, -0.791594834262, 0.586335634806, -0.944749928493, -0.0360323584276, -0.325805527514, 0.279033028306, -0.609983022318, -0.741661163604,  
1814, 3444245.338020532, 93.68466107635733, 131.1695850792854, 99.51439194450904, 62.992149977362175, -0.723533734042, 0.354136860096, -0.592525121851, 0.09699764216, 0.902014902141, 0.420666820336, 0.683440116703, 0.246893095565, -0.686988650738,  
1818, 2625504.0338170803, 85.58047517546157, 107.6075086571234, 90.24798039722141, 64.54223674275777, 0.0247211602309, -0.609031228688, 0.792760888743, -0.973633559285, -0.194555635453, -0.119104143284, 0.226774241198, -0.768914213158, -0.597782883941,  
1819, 663084.4625240802, 54.095368150001704, 121.19698802115064, 66.28145359219764, 19.705905291049028, -0.0787263474562, -0.996066528115, -0.0406648962322, -0.803516423347, 0.087546164511, -0.58880983899, 0.590053827738, -0.0136799359937, -0.807248003852,  
1822, 578989.365350225, 51.704378938845046, 99.9959094618522, 68.05255853592281, 20.312121473612113, 0.30922707274, 0.297521611807, 0.90324941627, 0.891505079175, 0.239949371432, -0.384243403267, 0.331054846347, -0.924069905179, 0.191043186357,  
1823, 2002022.9051427909, 78.1856067631588, 93.33572908449126, 85.58123932841411, 59.83481285186943, -0.03267421697, 0.944806222317, 0.325996315648, -0.621710320875, -0.274599311747, 0.733533567674, 0.782565442926, -0.178707639061, 0.596368097134,  
1827, 2559544.9431962357, 84.85772483397703, 134.3818960043015, 83.28873924506951, 54.594274369288016, -0.140489247157, -0.0828146402946, 0.986612642726, 0.834705157976, -0.545831615245, 0.0730420909317, 0.532475417913, 0.833792290173, 0.14580928011,  
1829, 1410357.0031422467, 69.56863518718663, 109.90262609582823, 79.41923478577158, 38.575066364615694, -0.898641879838, 0.0414802366238, 0.436717485077, 0.106057827936, -0.94544422657, 0.308037256802, 0.425669483209, 0.323132487402, 0.845216473248,  
1830, 1121751.9736139704, 64.45689945789458, 116.3377270187312, 86.27020498175769, 26.68251908094397, -0.362462668358, 0.466971107041, 0.806572252954, 0.241850498616, -0.78864951071, 0.565278944925, -0.900071747344, -0.399962416291, -0.172918810974,  
1835, 3236644.943135454, 91.76325640955264, 109.75683530410933, 99.41794106085153, 70.81252982284714, -0.0463327547463, 0.865679254902, 0.498450301906, -0.988186186535, -0.112694365804, 0.103865493106, 0.14608674334, -0.487749328599, 0.860673722076,  
1839, 597837.123259452, 52.25944061410743, 83.95865681907895, 73.44731289729793, 23.144770382309705, -0.760818969403, 0.63362521393, -0.140262554053, 0.641076146909, 0.700211301667, -0.314206153475, 0.100875515665, 0.328972979574, 0.938936051629,  
1847, 2203483.8081364934, 80.72481989614462, 117.84946907300208, 117.07719087840093, 38.12600762435087, 0.673967685903, 0.410493383732, 0.614217176796, 0.725606767213, -0.211627226169, -0.654758532987, -0.138788968343, 0.886966233324, -0.440486689027,  
1850, 1113409.8965926392, 64.29672059679483, 129.08903334671544, 82.37692453416591, 24.996059241415164, -0.2474422598, -0.783502094995, -0.569997188768, -0.947690190196, 0.0732874557421, 0.310664211388, 0.201632416718, -0.617052198739, 0.760651663089,  
1851, 4407192.104499754, 101.70862676916312, 111.73177823136656, 101.1385844980532, 93.10645476349644, 0.759622447206, -0.491863379933, 0.42549283564, -0.313923563026, 0.29567422106, 0.902235419155, -0.569583825505, -0.818930504061, 0.0701932706264,  
1852, 859216.1688412883, 58.97545188510868, 144.53750872232095, 95.7243723378915, 14.825547462445078, 0.467942022558, 0.110869454415, 0.876777182414, -0.364952661485, -0.879314019009, 0.305967989908, 0.804884972154, -0.463157446287, -0.371005878052,  
1854, 2098981.592337699, 79.4279475235061, 106.69251977362806, 75.65940340379252, 62.075915908224296, -0.078791165184, 0.211417436295, 0.974214873588, 0.615643489111, -0.758310769444, 0.214354545694, 0.784075918903, 0.616658288337, -0.0704095790437,  
1859, 1649358.9195460437, 73.29519782939424, 113.52178537681868, 81.76223671229164, 42.42233681473396, 0.868776064932, 0.372075771428, 0.326783979591, 0.440862214795, -0.881677190106, -0.168183946951, -0.225540809094, -0.290180896619, 0.930014188425,  
1862, 1522702.2365120943, 71.3688653297003, 121.30795585386815, 79.8826696009784, 37.51323534099376, 0.291250323928, -0.113073792947, 0.949940822452, 0.914295476279, 0.325085798019, -0.241625756039, 0.281490729629, -0.938900176416, -0.198064201355,  
