# Void_ID, Void_Volume, r = (a*b*c)**(1/3.0), a, b, c, vector_a, vector_b, vector_c 

0, 1653342.5893930567, 73.35415995226381, 121.04108708689982, 64.6374598252122, 50.44953265846432, 0.419645760492, 0.757771155139, -0.499680209874, -0.34748090171, 0.642677952938, 0.682804563367, 0.838543057122, -0.112906710368, 0.53300808259,  
1, 1239022.6768718977, 66.62903886872282, 116.02822283389408, 79.35370924490569, 32.1262306820185, -0.101764940979, -0.956754596208, 0.272515209524, -0.994146582673, 0.0878158750789, -0.0629360329588, -0.0362831772038, 0.277324745954, 0.960090889621,  
2, 2169449.340496004, 80.3070429404352, 136.06589688888792, 90.37371698246123, 42.11816779848395, 0.33812534906, -0.621012613834, 0.707117091988, -0.806669319001, 0.195750989041, 0.557643398662, 0.484722454715, 0.758963031872, 0.434763450795,  
3, 797061.9614180556, 57.51765322268928, 124.80224122865023, 73.98607095140399, 20.6077760005048, -0.97050385221, 0.174060712699, 0.166808696238, -0.136522358653, -0.967066106809, 0.21481338564, 0.198705607454, 0.185704101615, 0.962304561046,  
5, 1532934.5177526, 71.52837049792656, 118.29790523942255, 64.34737420507133, 48.07586536322259, 0.600284165144, 0.776128969197, -0.193087400548, 0.645220783357, -0.612607396285, -0.45651102806, 0.472598203341, -0.14945233752, 0.868513060932,  
6, 1841666.6189973503, 76.0397713646486, 103.71364433656002, 74.62496416759497, 56.80706826675189, 0.544141967367, -0.767780624245, 0.338263850246, -0.636677119375, -0.11530604902, 0.76246098964, 0.54639890649, 0.630251876707, 0.55157121652,  
7, 2913223.166452259, 88.59891059277575, 100.95283804597705, 91.28081633912885, 75.47221526037518, 0.866464494985, 0.488254276377, -0.104149126403, -0.427776153958, 0.833653598144, 0.349326838945, -0.257384616938, 0.25812679036, -0.93119478041,  
8, 1986301.785912359, 77.98041484771713, 108.56686569961526, 85.44097358602687, 51.12026957281791, -0.401826816578, -0.909878274602, -0.103231462671, 0.579323029417, -0.339898454789, 0.740846723701, -0.709168553353, 0.237887716872, 0.663693752491,  
9, 1856445.990724086, 76.24263601431774, 113.08896017786185, 68.5551133547373, 57.165452485703206, 0.36373601226, -0.605897037147, 0.707520242652, -0.602016174079, 0.426701258869, 0.674909298963, -0.7108253228, -0.671427446606, -0.209553201861,  
10, 3697957.086944833, 95.93073072319203, 146.58596409430967, 98.86539209852198, 60.91672923095242, -0.726665462879, -0.462944731484, 0.507581994016, -0.686625919662, 0.465319149058, -0.558590132359, -0.0224087373015, 0.754427110535, 0.656001206845,  
11, 2627931.257800177, 85.6068395103538, 120.01231466483765, 96.28874134650502, 54.2905285163921, 0.884593623785, 0.00771984078974, -0.466298750607, 0.256980519614, 0.826301369445, 0.501185653618, -0.389172369649, 0.563175328749, -0.728957074038,  
12, 2973504.399642019, 89.20584786674297, 125.0629318957096, 81.95322133743608, 69.26045515769958, 0.538337756873, -0.682599472895, -0.494216975759, -0.700903861937, -0.0370583647078, -0.712292393563, -0.467895539461, -0.729852476332, 0.498386523638,  
13, 522857.1286804392, 49.976381490475596, 113.16023371109551, 67.54325357669617, 16.331219337894577, 0.925986509721, 0.245538729195, 0.286809547052, -0.268794855063, -0.104732425928, 0.957486524632, 0.265138284122, -0.963712535679, -0.0309812664131,  
14, 2727412.1712788963, 86.6737103426695, 117.43523908255045, 81.85352390677379, 67.73706070884268, -0.85379300321, 0.507108726481, -0.117805972674, 0.0937798004458, 0.372389359787, 0.923326331124, 0.512096530645, 0.777281740584, -0.365499985029,  
15, 2342984.1066811923, 82.39361878183125, 122.0496456461876, 77.55885642590412, 59.089839932318306, -0.334024041002, 0.940818475216, -0.0573457646582, 0.942335565011, 0.334665278486, 0.00168353510941, -0.0207755372339, 0.0534766123398, 0.998352958119,  
16, 2908182.754929987, 88.54778362854064, 109.92359783344747, 90.87358234812056, 69.50315226706346, -0.740050718427, 0.567860899151, 0.360359450231, 0.671414184908, 0.592655927608, 0.444929144669, -0.039088699901, -0.571220579712, 0.819865307751,  
18, 2867835.253319244, 88.13637750441255, 115.09767854886215, 85.61099142075874, 69.48155014661208, -0.577219286148, -0.144973195676, 0.803617239881, 0.783952229569, -0.373822992074, 0.495656405538, -0.228553708026, -0.916099963504, -0.329429900609,  
19, 741652.8310197527, 56.15270514907717, 138.36394062531699, 79.2864531461866, 16.13950225915831, -0.859759311146, -0.0967228561052, -0.501456494627, -0.481290612156, 0.481849441687, 0.732243444625, -0.170801854638, -0.870899422811, 0.460826346685,  
21, 2575560.2821029, 85.03434483789735, 103.74271513023535, 95.7862371232624, 61.8760222707538, 0.284170665374, -0.5682134204, -0.772256784896, 0.10479398882, -0.782229846788, 0.614112926669, 0.953029513104, 0.255440747869, 0.162741425212,  
22, 4307980.097139099, 100.9396263959517, 121.36785879871219, 103.74139309876074, 81.68255486760349, 0.484766865101, -0.124904206302, 0.865678939185, 0.66430233561, 0.696405142352, -0.271518479316, -0.568949464719, 0.706695703223, 0.420568293672,  
23, 1590326.5369389607, 72.41011416052993, 135.69779051311735, 72.58335537964597, 38.546759953827454, -0.284912487304, -0.792249492145, -0.53959764341, -0.956082283832, 0.194478537602, 0.219282386331, 0.068786198623, -0.578376037373, 0.812865067691,  
25, 3243942.877062946, 91.83217339963466, 120.81689578659535, 97.91582923059597, 65.46422179376259, -0.766995165747, -0.475087971222, -0.431288575459, 0.0902278799789, -0.745329857237, 0.660562134538, 0.635277376739, -0.467733710043, -0.614530577835,  
26, 1053563.769376709, 63.123451778971585, 108.79516878526938, 79.75306735957336, 28.987797079288836, -0.714496512489, 0.214362974752, 0.665990426881, 0.684936662998, 0.408435415117, 0.603359162821, 0.14267621148, -0.88725927819, 0.438650740275,  
27, 489720.8897171489, 48.89750204365247, 98.56288204780589, 58.216568840322616, 20.375112764361496, -0.777740700916, 0.464599893763, -0.423398560287, -0.136860250905, 0.532255285641, 0.835448132818, 0.613505235398, 0.707708449591, -0.35037134089,  
28, 1374959.5741195234, 68.98168099830961, 123.01266024598878, 67.34168484195843, 39.624840916199496, -0.361659758195, -0.179859096679, -0.914796657539, -0.931078444488, 0.120099121541, 0.344483862053, -0.0479077187093, -0.976333399176, 0.210897947219,  
29, 1614182.0313008016, 72.77037837559973, 132.604186932488, 97.07051815436529, 29.93776082041073, -0.837072286165, 0.50617523284, -0.207597257675, 0.329126099462, 0.769023780791, 0.547976673984, -0.437019448524, -0.390370411579, 0.810323974331,  
30, 1913556.7087808012, 77.01658234160443, 103.8060221953132, 71.77598522089474, 61.312781128235436, 0.0328208649185, -0.929800598198, 0.366597379172, -0.641477487638, -0.300874675567, -0.705677732719, 0.76643944554, -0.212003012225, -0.606321118821,  
31, 1864313.8300000075, 76.35019266933817, 130.98674562167082, 71.29026180062966, 47.66206452056844, -0.892650625845, -0.0999897463666, 0.439518953857, -0.439334238373, -0.025050167232, -0.897974340454, -0.100798249841, 0.994673081843, 0.0215678716079,  
32, 1191009.5537111359, 65.75703339982921, 90.33604569296567, 70.18713490042978, 44.84438219394945, 0.531117026127, -0.434738299163, 0.727267018225, -0.56394597852, 0.459220926268, 0.686353461555, -0.632360370255, -0.774673319611, -0.00126886282669,  
33, 2684936.9228747026, 86.2214176690413, 115.83759656434638, 85.64978336531033, 64.60552664694889, 0.496542795287, 0.5911270862, -0.635620972285, 0.815722478406, -0.568099029277, 0.108905147526, 0.296718874814, 0.572566381213, 0.764281131806,  
34, 2322490.582094879, 82.15268916508073, 119.23064623791213, 90.10753017483424, 51.60792151931084, -0.784109248922, -0.123610029562, 0.608188495737, -0.0119150253516, 0.982782411189, 0.184382115261, -0.620508435016, 0.137329140566, -0.772081594927,  
35, 1453978.2716109143, 70.2786001496005, 109.66909283319946, 72.89427104199522, 43.42018392718657, -0.534547443605, 0.684765445042, -0.495333539962, -0.0524383177475, 0.558094913159, 0.828118524571, 0.843510078996, 0.468643097871, -0.262420261128,  
36, 2079013.9535579022, 79.17527824546582, 98.91188687752225, 80.15954642403291, 62.59866293208813, -0.562372762294, 0.748807535864, -0.350747987111, 0.825187439863, 0.481070275529, -0.296035604439, 0.052939260687, 0.455915194127, 0.888447393176,  
37, 1464472.1619031318, 70.44727042377548, 112.99811388288549, 61.21289700293367, 50.54502121023694, -0.166281130951, 0.961812089426, 0.21741225845, 0.985286617915, 0.153225180192, 0.0757121173496, -0.0395077973059, -0.226802885321, 0.973139036912,  
38, 307053.8376346004, 41.85126987346248, 169.63947267994286, 38.57255815195308, 11.202644748790208, -0.736910217202, -0.525752910908, -0.42490847068, -0.661810026343, 0.689183173985, 0.295015324564, -0.137734602824, -0.498608493077, 0.855814670251,  
39, 1996690.4358536322, 78.116128194296, 141.0173416571428, 93.19156107226539, 36.27212656308822, -0.235796228105, -0.706973431455, 0.666774854076, 0.759320307671, 0.294169585315, 0.58042822591, -0.606492216907, 0.6431584737, 0.467455204848,  
40, 871375.3858964177, 59.2523472806867, 136.00261692108003, 65.3922078453424, 23.39071045546412, 0.210802803102, -0.880748037475, 0.424081445819, -0.565307163934, 0.244090188735, 0.787938950787, -0.797489804705, -0.405836018912, -0.446438279211,  
41, 1889931.4135655633, 76.6983129723398, 133.0862620550599, 63.774969906610536, 53.15865018332966, -0.649490525079, -0.678727725478, 0.342769211715, -0.739054480068, 0.457513142125, -0.494449391014, -0.178775091451, 0.574465316142, 0.79876721717,  
42, 1539536.7593672688, 71.63091265206778, 121.66777380604844, 83.37945887584726, 36.22987366983676, -0.906848487219, 0.410986568086, -0.0933587814897, 0.393129089813, 0.745040793305, -0.538854094403, 0.151905694335, 0.525361073134, 0.837209891762,  
44, 208569.52067075486, 36.7892339355347, 109.43255632410191, 62.98875314079482, 7.223583174987623, 0.161705841885, -0.452786860002, -0.876832526832, 0.28055342083, -0.830769815253, 0.480740358327, -0.946118913647, -0.323736889269, -0.00730942990794,  
45, 2708708.831353402, 86.47513289930656, 121.5042051328336, 85.60178684253776, 62.172678164405895, 0.73329730126, -0.655330616266, -0.181154219792, -0.495651998113, -0.697630488691, 0.517340118312, 0.465407525435, 0.289574661585, 0.836386484011,  
46, 1058283.9539170545, 63.21758007264553, 125.86347897576286, 70.0582375700496, 28.651981519174342, -0.0914882955892, -0.926128831954, -0.365944365163, -0.989684474378, 0.125248747344, -0.0695513656503, -0.110247598365, -0.355806320789, 0.928034120678,  
47, 569140.0531953995, 51.4095158143531, 154.15443597552837, 73.20855263487819, 12.03961760943546, 0.0810001786654, 0.441421507983, 0.893636404443, -0.924763040765, -0.301185483882, 0.232595405659, 0.371822927602, -0.845242188127, 0.383814217976,  
48, 2985902.38731904, 89.32965682428785, 120.91292855079259, 110.56372571463463, 53.32140590619271, -0.909694613563, -0.397001698345, 0.121841542858, -0.0639489173464, 0.423817505167, 0.903487276216, 0.410324561811, -0.814105873842, 0.410932330378,  
50, 1197972.5218234055, 65.88492902856932, 120.53345271012874, 94.36013347757986, 25.14560583613055, 0.371086060316, 0.641277700139, 0.671608552018, 0.587808422982, 0.397682879806, -0.704506625221, -0.718871611424, 0.656209751842, -0.22937386049,  
51, 2915034.844557324, 88.61727277966271, 124.89397708175933, 99.80259042060196, 55.830540462900046, -0.206160635946, 0.947424155779, -0.244714652673, 0.971763953469, 0.168898633457, -0.16476671495, 0.114771995388, 0.27177328909, 0.955492892915,  
52, 3472023.6297198315, 93.93584670494681, 100.59521962465362, 93.79974742067536, 87.84459619992536, -0.959863302496, -0.0764212051861, -0.269855961429, -0.203902965473, 0.850789972447, 0.484334598656, 0.192577312246, 0.519919438165, -0.832224583046,  
53, 3728453.626350611, 96.19371824752498, 102.60767316091352, 94.02840555170597, 92.25740304833431, -0.92844903736, -0.203922592887, -0.310480210537, -0.365246291342, 0.348931583609, 0.863042233394, 0.0676574584626, -0.914692476229, 0.398447163679,  
54, 3291227.454517994, 92.27621295030883, 101.13545841761973, 93.20717315012985, 83.35209190781156, -0.479556045324, -0.0226713155155, -0.877218337044, -0.0678482788677, -0.995715637789, 0.0628249927715, 0.874884341183, -0.0896458594407, -0.475963243788,  
55, 3357828.8728947416, 92.89449610251684, 105.88952938407004, 89.04154692488426, 85.02061366255947, 0.390488570059, 0.65236146838, -0.649571544348, -0.57646348577, 0.723403263751, 0.379970482497, 0.717780277123, 0.226080146336, 0.658543272083,  
56, 3475323.854329539, 93.96559988394152, 98.81528793875957, 93.74097312456148, 89.56804065903587, -0.540737108109, -0.57933263943, 0.609899231681, 0.174790002534, 0.631834854268, 0.755137849631, -0.822831595728, 0.514935345285, -0.240394998386,  
57, 3611156.5353116216, 95.17420001900906, 100.07898939816295, 96.69655704195486, 89.08483563777285, 0.182072710762, -0.512190009357, 0.839351489133, -0.0767006994266, 0.843620671579, 0.531433123914, 0.980289003663, 0.161138315741, -0.114314970572,  
58, 3163686.557038754, 91.06852026145313, 106.9809829994971, 85.6593705093909, 82.41824778597181, 0.3646966344, 0.778236846864, -0.511217933019, 0.385568351928, 0.373529042017, 0.8436901687, 0.847545521402, -0.504800420911, -0.163838713981,  
59, 3617168.0363132935, 95.22698298070135, 101.79794457249709, 97.54531384394653, 86.96302848939911, -0.692883030282, -0.0951303326693, -0.714747036478, -0.523370046948, 0.748198646867, 0.407777609468, -0.495980745901, -0.656619375767, 0.568202512369,  
60, 3156027.184401252, 90.99496773664805, 113.65742756718517, 88.71191915902459, 74.72610210575975, 0.477616069658, -0.877576809443, -0.0417352792237, -0.592332988782, -0.356730028473, 0.722416304624, -0.648864023047, -0.320316453391, -0.690197688551,  
61, 3671541.9655923382, 95.7017683043199, 103.02111152903001, 94.78778103162013, 89.75968076169367, 0.676389931553, -0.233698594311, -0.698485237861, -0.338888615815, -0.940730790782, -0.0134195881556, -0.653950431274, 0.24578556974, -0.715498628331,  
62, 3093498.236369341, 90.3900072345861, 102.92455555060886, 93.99990856794216, 76.33343955959423, 0.431021338262, -0.782806073918, -0.448815392561, -0.0674066236136, -0.523932580994, 0.849088333253, 0.899820511578, 0.335722059462, 0.278592436606,  
63, 3445782.031895811, 93.69859187256083, 100.3616633488409, 92.40926333676144, 88.69840985275133, -0.603825598643, 0.376791436811, -0.702440644873, -0.0150859599306, 0.875667449909, 0.482678910853, 0.796973688547, 0.302050873721, -0.523066161636,  
64, 3347461.2744954466, 92.79879083370209, 100.11543085322131, 94.56340521735333, 84.41173537675716, -0.779966661541, -0.43310179597, -0.451746434643, -0.618969845294, 0.640388435053, 0.454729571138, -0.0923489983819, -0.634291326267, 0.767558581426,  
65, 3437809.652485184, 93.62627373963798, 106.21298440300376, 98.86892366255502, 78.15482575355566, -0.274173505622, 0.409703083762, 0.870041534624, -0.53220496508, 0.688898351812, -0.492114758988, -0.800991113533, -0.597965253193, 0.0291683392532,  
66, 3463819.5150400302, 93.86180071694825, 109.24450947049628, 88.65102780400987, 85.38532805504931, -0.908376280858, 0.27055927938, -0.318826298658, 0.414514684113, 0.683006234036, -0.601398421117, -0.0550464261204, 0.678454243563, 0.732577456903,  
67, 3310608.2076534326, 92.45698477532623, 112.46300809720977, 88.25016908298926, 79.63315755247804, 0.137136218025, -0.987780178996, -0.0740538701856, 0.37688391653, -0.0171060747431, 0.926102529781, -0.916052493674, -0.154911911067, 0.369932600136,  
68, 3648582.9295118726, 95.50186898268524, 99.24167316940962, 96.35778210892425, 91.0866520808304, -0.353715909592, 0.722448794096, 0.594098304332, 0.933815621491, 0.236353833934, 0.268561445939, -0.0536044807967, -0.649772733418, 0.75823608101,  
69, 3367975.92318408, 92.98797488115083, 98.69404948310569, 94.68577979247098, 86.04083965919274, -0.485563309822, 0.384540732249, 0.78508387921, -0.250671012109, -0.921591429859, 0.296366799928, -0.837491681059, 0.0528929262974, -0.543884199536,  
70, 3351227.8772404813, 92.8335838835979, 97.60879830393333, 91.44259344125123, 89.63504687386143, 0.53386280763, 0.619479845747, -0.575530384378, 0.298745236874, 0.498561089995, 0.813749422727, 0.791038422628, -0.606367512533, 0.0810965700239,  
71, 3432996.14950676, 93.58255589847714, 99.69096155126272, 95.90710586383108, 85.71920536009218, -0.889181401178, -0.312254103061, -0.334445527582, -0.457447423316, 0.590833404982, 0.664573353709, 0.00991416663857, -0.743917510669, 0.66819790977,  
72, 3683144.651133568, 95.80247348509373, 98.87905891334248, 95.17832331727709, 93.43031047585765, -0.744237299286, -0.34048985447, -0.574610738983, -0.612925316818, 0.689999169937, 0.38499831362, -0.26539291316, -0.638723574396, 0.722217970668,  
73, 3019277.985239853, 89.66125849300609, 102.18122115135573, 86.43635775861651, 81.61067016364814, 0.613993713134, 0.733316709485, -0.291990280355, -0.33962659811, 0.579383117649, 0.740924406967, 0.712506487049, -0.355755262188, 0.604791451112,  
74, 3434456.3999629933, 93.5958226964362, 101.64958624762838, 96.0853651683668, 83.94726238912801, -0.64281715723, -0.407699211097, 0.648511723596, 0.707226597606, 0.00939767173974, 0.706924482109, -0.294307053959, 0.913067925752, 0.282294741278,  
75, 2591920.681163464, 85.21401583635307, 102.74700350307529, 88.65434195806549, 67.9303609222545, 0.0705223544834, -0.997374498612, -0.0164531770771, 0.717646960023, 0.0621857586148, -0.693625094843, 0.692827134492, 0.037108502305, 0.720148263046,  
76, 3619315.726405451, 95.24582622876005, 104.94436463253214, 94.27371236948217, 87.3349606116576, -0.982125744841, -0.168474257233, -0.0839371548813, -0.179462070652, 0.703647247757, 0.687512847823, 0.0567660683581, -0.690287603376, 0.721304816363,  
77, 3117604.1903658076, 90.62418677356308, 100.62816006566503, 92.14692383905158, 80.26606891973871, 0.598653014717, -0.268356087101, -0.754718211312, 0.081975945029, -0.916737102294, 0.390989807685, 0.796802680974, 0.295935965697, 0.526808686147,  
78, 3618204.1120104906, 95.23607415767049, 105.46428923468513, 96.5598743579254, 84.82079359191867, -0.618249240234, -0.680997374988, -0.39244165453, -0.0994275296018, -0.427527210137, 0.898518030398, 0.779667905783, -0.594527593853, -0.196608486186,  
79, 2648903.5925567285, 85.83396624442717, 97.69689837017181, 83.2910916662214, 77.71381203472086, -0.416400576132, -0.881970078413, 0.220769882412, 0.0320716626008, 0.228422569844, 0.973033677754, -0.908615412952, 0.412252241194, -0.0668290429057,  
80, 3471327.760566326, 93.92957068913371, 112.23382739287256, 91.59296991248885, 80.61597249138475, 0.645393191578, -0.401065357152, 0.650087846031, -0.573518296779, 0.307699357037, 0.75920871237, 0.504523925621, 0.862825408163, 0.0314312504459,  
81, 3343775.4069143855, 92.76471827897988, 97.94269969729297, 93.95047731248313, 86.75158699779671, 0.807925620872, 0.460527380154, -0.367655712952, -0.498766848652, 0.866673269712, -0.0104438619682, -0.313827694482, -0.191812345003, -0.929903329643,  
82, 3408822.4577314565, 93.36238217531772, 99.4079924387079, 96.66108175412133, 84.69208383415867, -0.501083331571, 0.46802026752, 0.727923432795, 0.792811344364, 0.585475717727, 0.169317323981, -0.346937555001, 0.661948044142, -0.664423900674,  
83, 3518681.1241524434, 94.3547497922929, 100.89112781591906, 94.68558522681644, 87.9335197794669, 0.148909638667, 0.712050542915, 0.686155918029, 0.405215639985, -0.676896128967, 0.614501355329, 0.902012308466, 0.186535934671, -0.389330374429,  
84, 3691769.8934881506, 95.87719906508664, 110.65169152868046, 94.0486498344494, 84.69063554353734, 0.677793133383, -0.715093390776, -0.170990967033, -0.561179605107, -0.653398773932, 0.50808217154, 0.475051491052, 0.248417963708, 0.844165028982,  
85, 3235202.5598981427, 91.7496232130983, 113.48941765693381, 90.25021838885398, 75.40657913713927, -0.599495440794, -0.758981886683, -0.254070289789, -0.784845232832, 0.495221219155, 0.372523696694, 0.156917739491, -0.422732113502, 0.892566178637,  
86, 3639403.339130594, 95.42170961698821, 100.30743606709926, 94.78906269572043, 91.37980382985678, -0.743791067949, -0.668396004053, 0.00465069958295, -0.00300486956258, 0.0103014184915, 0.99994242411, -0.668405429361, 0.743734268771, -0.0096705458695,  
87, 3713526.9517742605, 96.06517767222782, 109.48243468874516, 95.99467198013438, 84.354138670682, 0.609743298831, 0.0993305102911, -0.786350150541, 0.528743772571, -0.790070022337, 0.310192493092, -0.590460102375, -0.60491553917, -0.534260290471,  
88, 3481042.2452606508, 94.01710948058415, 120.04709623411995, 97.99179584425333, 70.64465493259006, 0.818971282995, 0.367859132816, -0.440415367617, 0.478849084451, -0.0151742235821, 0.877766083452, -0.316211309017, 0.929757711096, 0.188576262311,  
89, 3525078.116068327, 94.41189441970617, 96.16204804894222, 94.04322229791751, 93.0569749176964, 0.272948521723, -0.398720666068, -0.875511813135, 0.308992279064, -0.825514053608, 0.472282033085, -0.911055912646, -0.399435073255, -0.102121233275,  
90, 3455414.2961443346, 93.78581831553072, 101.74655677746283, 97.0442992660349, 83.54525075743345, 0.485301667945, 0.158357196415, 0.859886788731, 0.832919016501, 0.215406276028, -0.509750966845, -0.265947744946, 0.963599052818, -0.027361695252,  
91, 3634528.2450696044, 95.3790837949997, 101.2992637375896, 95.51578105341207, 89.67636970431249, -0.52314702267, -0.822108372894, 0.224621939909, -0.839602878486, 0.451940507734, -0.301358231855, -0.146233372078, 0.346247889071, 0.926675887355,  
92, 3558405.279762476, 94.70849460687636, 97.61867705569158, 94.46402372986383, 92.12286635466504, -0.750627360705, 0.650496294193, -0.115815096608, 0.0219671863805, 0.199757531589, 0.979599087023, 0.660360513723, 0.732769745428, -0.164233042052,  
93, 3290049.821945596, 92.26520586770721, 105.47763855299273, 91.10925094277904, 81.73178634373038, 0.0324803024303, 0.725584096939, 0.687366531206, 0.980014594621, -0.158162865895, 0.120647843669, 0.196256017192, 0.669710553986, -0.716220182343,  
94, 3378055.2940933458, 93.08064447255724, 106.09444198677332, 90.72706757880295, 83.781597644996, 0.791124135312, 0.507400781733, -0.341565585538, 0.378266446798, 0.032971593308, 0.925109382323, 0.480663185354, -0.861079160549, -0.165848067563,  
95, 3642332.6948838583, 95.44730439587597, 117.70404806539355, 90.3610577106015, 81.75574826673062, 0.566759909363, 0.325517596712, -0.756849720466, -0.473996732633, 0.880209581661, 0.0236260408327, 0.673877067863, 0.345354001834, 0.653161779979,  
96, 3710116.0788067114, 96.03575672070636, 108.70219720467222, 90.46712936636882, 90.06784171274509, -0.589708026562, -0.0820766710296, -0.803435039988, -0.806951033465, 0.0195042436826, 0.590296208753, 0.0327791549327, -0.996435148191, 0.0777336635624,  
97, 3329429.5032923194, 92.63186431632408, 98.87417884782991, 93.01658552372163, 86.42471008952614, -0.735027209854, -0.538913625816, -0.411469445627, -0.641084413545, 0.749975452775, 0.162934327088, -0.220784454806, -0.38354781207, 0.89674149027,  
98, 3213644.482930574, 91.54537477755846, 96.58692411248599, 91.8129734341462, 86.51408770874185, 0.272820057767, 0.940118779636, 0.204318125128, 0.837533330864, -0.127585455442, -0.531281348488, -0.473399551934, 0.316067448079, -0.82218868424,  
99, 3607444.589237884, 95.14157864955175, 100.08866642687833, 96.8744720507354, 88.8212351578342, -0.104983482536, 0.991788638896, 0.0730326238813, 0.909018286862, 0.0659195496414, 0.411509862733, 0.403316528977, 0.109589729133, -0.908474473347,  
100, 3793853.8116388097, 96.75290071308176, 99.3041731594064, 96.1944491110475, 94.81443717789814, 0.49436386159, -0.0127969706978, -0.869160865372, 0.592855104946, 0.736211811214, 0.326366348706, 0.635709994331, -0.676630184495, 0.371543263346,  
101, 3589308.5088964733, 94.98187233833846, 103.11085648372728, 92.77904275528256, 89.57109789371582, -0.941114383517, 0.0123715401438, -0.337861898017, 0.0033184890922, 0.999620148091, 0.0273595899054, 0.338072040795, 0.0246273125639, -0.940797954244,  
102, 3181933.0430507306, 91.24326324778572, 97.45428190597217, 94.62253156123832, 82.37718335693197, 0.582442735324, -0.235718590291, -0.777944217961, -0.12097294004, -0.971510198197, 0.203797651058, 0.80381963639, 0.0245902621008, 0.594364628123,  
103, 3441165.559239843, 93.65672906760616, 110.68750283246335, 96.4463548065122, 76.95423949029022, 0.92544446494, -0.301502909741, 0.229452691703, -0.335875742896, -0.372601551767, 0.865075470092, -0.175328342393, -0.877646898837, -0.446089557505,  
104, 3668018.647531955, 95.67114577680404, 104.05925494969517, 97.46917936036081, 86.3365924718454, -0.579930768428, 0.2518997851, -0.774743055533, -0.246963685129, 0.851884872857, 0.461845322185, -0.776330626768, -0.459171712613, 0.431824149717,  
105, 3426087.9459856804, 93.51974181997988, 102.28600222970968, 90.32624644835857, 88.52781176451096, -0.700531344675, -0.580417208836, -0.415176707939, -0.149044498304, -0.449957478997, 0.880524846112, -0.697883638333, 0.678715058608, 0.228701326111,  
106, 3669773.5906155645, 95.68640111965628, 99.71313480306644, 96.1606432592005, 91.36943342577162, -0.681643833685, -0.564194836039, -0.465881820836, -0.729086125805, 0.577352251367, 0.367556524905, -0.0616044248266, -0.590210610569, 0.804895229215,  
107, 3617600.1758659873, 95.2307750547544, 108.86927049588354, 90.92775115925286, 87.24292018388567, -0.73753504313, 0.196633465921, 0.646047475217, -0.256329325325, -0.966588239376, 0.00156603911757, 0.624769827323, -0.164445904723, 0.763295622473,  
108, 3443358.861293547, 93.67662289579468, 110.2105812264979, 92.34993350933084, 80.76697128045902, 0.591161601544, 0.770707496356, 0.237777029842, -0.55823363825, 0.178186802057, 0.810323804845, 0.58215390232, -0.611767454703, 0.535572044995,  
109, 3536610.3324011858, 94.51473783700679, 102.00539895275465, 94.04988366955709, 88.00699264725024, 0.0169824886156, 0.950617021181, 0.309901394191, 0.959041667375, -0.103138688621, 0.263820945241, 0.282755504489, 0.292728013607, -0.913432884634,  
110, 3451534.9643427893, 93.75070795296361, 103.17440171041096, 97.7867306433852, 81.67173513112421, 0.36782218321, 0.345885510131, 0.863174406143, 0.268507482966, 0.849203504171, -0.454705553182, -0.890286792629, 0.399019576443, 0.219483039174,  
111, 3294974.2214260646, 92.31121573187036, 102.7347164004997, 90.3488720081132, 84.74682775636249, 0.631275236351, -0.77060954597, -0.0874785895472, -0.669083845092, -0.484093557423, -0.563897362911, -0.392196869195, -0.414504952107, 0.821198672961,  
112, 3534702.063995266, 94.49773549860268, 99.90286476092412, 93.32004486516277, 90.51307580078496, -0.738135637886, -0.0891661483712, -0.668734011448, 0.0862949639292, -0.995563867089, 0.0374935427396, -0.669110573286, -0.0300330573093, 0.742555759648,  
113, 3579277.758889669, 94.89331040416472, 105.82851185279613, 97.72611099541345, 82.62157829608246, 0.960499174648, -0.0972090350719, -0.260752255984, -0.0219488239155, -0.96054861156, 0.277244682471, 0.277415905509, 0.260570083337, 0.924739772607,  
114, 3563744.654889514, 94.7558408594356, 103.5357298183396, 94.314743855586, 87.12607123003914, -0.0675109833581, -0.644972499662, 0.761217933187, -0.442596915132, -0.664418969054, -0.602208771339, 0.894175730962, -0.377568415312, -0.240607260733,  
115, 3448194.922920922, 93.72045742086735, 112.15902271984686, 90.51737295469644, 81.08435028891785, 0.50556423879, 0.819209555193, -0.270740660295, -0.294536254892, 0.458816751754, 0.838293255886, 0.8109581956, -0.344068151664, 0.473248256203,  
116, 3512713.393718327, 94.30137729988701, 101.42901014487256, 94.65534772665839, 87.34675292351501, 0.800699197861, 0.540329777337, -0.258697750798, 0.427321449812, -0.212499035491, 0.878772176645, -0.419853752008, 0.814179274877, 0.401042311092,  
117, 2291765.0170068694, 81.78879796569012, 108.84996701414059, 77.8543024044123, 64.56104584644147, -0.472894920765, 0.544974558933, 0.692367766458, -0.0908927053432, -0.81176228907, 0.576871304677, 0.876418227806, 0.209868330531, 0.433412475374,  
118, 2629551.63651856, 85.62443091419374, 122.11941818847849, 83.05815611567397, 61.8907979549013, 0.164675113545, 0.985068133952, -0.050228263464, -0.773453501807, 0.160564997745, 0.613179061973, 0.612088055366, -0.0621261053877, 0.788345456959,  
119, 3705312.8915131013, 95.99429558044704, 102.24933577480117, 101.28454089793802, 85.41469979277585, -0.700000048617, -0.714112085544, -0.00662278014836, 0.710038123212, -0.69693960547, 0.100603428933, -0.0764578022316, 0.0657199787568, 0.994904562694,  
120, 3500404.3150913347, 94.19109963008705, 108.2929987084769, 96.53387513361544, 79.93730108585629, -0.821567290888, 0.560463239141, 0.104442061044, 0.377131824122, 0.396887692777, 0.836810460353, -0.42754973252, -0.726884527895, 0.537438470272,  
121, 3589320.2849959657, 94.98197621301262, 98.07322998957045, 95.27809930936556, 91.70226029818802, -0.33687525866, -0.941235511824, -0.024305789128, -0.941515316447, 0.336970128009, 0.000204266333406, -0.00799806214694, -0.0229530850162, 0.9997045498,  
122, 3493164.774929571, 94.12611943252408, 102.31807685233856, 93.26017968440772, 87.39404606534595, -0.156579335654, -0.986486260246, 0.048246968742, -0.401565643256, 0.0189564880313, -0.915634034819, 0.902345801676, -0.162743693912, -0.399107183961,  
123, 3606719.309141385, 95.13520212117986, 115.364743167229, 103.70863242146406, 71.96738536331061, 0.209965222191, 0.749168127758, 0.628221077187, 0.514296003436, -0.63109455685, 0.580705847365, 0.83151321476, 0.201163557002, -0.51780208286,  
124, 2591637.540620858, 85.2109128065585, 112.07088435824743, 87.32528185003314, 63.21976219343929, -0.807455426723, -0.57899943124, 0.113028281769, -0.545817992269, 0.660544872936, -0.515522249912, -0.223826837471, 0.477954108112, 0.84938884933,  
125, 3082775.36653988, 90.28544790309606, 98.80021218009868, 91.04858374690504, 81.81297750565993, 0.840960333182, 0.52087805023, 0.146532504255, -0.227525266322, 0.0946993197736, 0.969156484795, -0.49093581169, 0.848362007414, -0.198151288609,  
126, 3707556.367947156, 96.01366573852319, 102.78628923739483, 100.01392982752063, 86.1000638340889, 0.805455352445, 0.559033465726, -0.196782263979, -0.40437451497, 0.761128926981, 0.507113407589, -0.433270039192, 0.328883475888, -0.839114254692,  
127, 3012824.959210475, 89.5973360224461, 97.68495843489188, 87.68325170318344, 83.97324732201342, 0.828087159545, -0.539828039934, -0.151186452757, -0.395764674836, -0.753946048445, 0.524343092055, 0.397041532271, 0.374367524412, 0.837977910399,  
128, 3515849.2876577787, 94.32943074739133, 100.90747856394533, 93.49505923788448, 88.96713911656403, -0.560860409876, 0.187261207257, 0.806454487798, -0.0438231879539, -0.979433620072, 0.196950024295, 0.826749737727, 0.0751200647563, 0.557531924682,  
129, 3373338.416526243, 93.03730054860605, 103.36585094230941, 100.7566508778891, 77.32510090818268, 0.117955708471, 0.486396256192, 0.865739644929, 0.348371500408, -0.836684269824, 0.422607063751, 0.929905236324, 0.251750103457, -0.268138279376,  
130, 4134692.01157425, 99.56763354360152, 113.28799361010645, 96.61181423928443, 90.18627153417695, -0.0524396997766, -0.977816822801, -0.202791367996, -0.945858863637, 0.113770039235, -0.303985835611, 0.320314045847, 0.175871086933, -0.930842775561,  
131, 3394541.9892305383, 93.23182636885124, 110.11624884455306, 91.26403501812405, 80.63832555291009, -0.343286296673, 0.896841756058, 0.278979180418, 0.909013815141, 0.242510969655, 0.338942935433, -0.23632266586, -0.369950394225, 0.898492238928,  
132, 3615868.5723011256, 95.21557821529797, 110.35346742200136, 104.05790683745165, 75.1731861658418, -0.351635205017, 0.210260522424, 0.91221883082, 0.383561979644, 0.921260543044, -0.0644920119301, -0.853951339577, 0.327214798781, -0.404595582149,  
133, 2636648.997882435, 85.70139734299293, 100.17385097317191, 81.8714459042766, 76.74973403338343, 0.895449847045, -0.363032278452, 0.257637606393, 0.168319719654, 0.811895568737, 0.559011679163, -0.412114114539, -0.457201432923, 0.788117254177,  
134, 3598775.7056793147, 95.06530741040817, 107.50903016735622, 96.5070733747041, 82.80605237642939, 0.472592979053, 0.470545505508, 0.745146162438, -0.664029024369, 0.74603575259, -0.0499610913961, -0.57941464509, -0.471187418236, 0.66502713174,  
135, 3705223.96634464, 95.9935276401547, 102.17008866562644, 94.34045249716684, 91.77071808342272, 0.143904795282, -0.153169142578, 0.97766590595, -0.608516985268, 0.765391783326, 0.209481494785, -0.780383552194, -0.625071701311, 0.0169375230124,  
136, 2956685.1275059003, 89.03733567209292, 101.21634757940518, 91.09680162002915, 76.55308140187107, 0.179860876248, -0.123892158376, -0.975859005332, 0.0229435009651, -0.991238866186, 0.130073463576, 0.983424456153, 0.0457847491661, 0.175442571188,  
137, 3418275.0951658273, 93.44860024358255, 98.96777495073454, 93.33811263046795, 88.34166501762846, -0.917420063494, 0.397759796141, -0.0112947630269, 0.39184259021, 0.907986008357, 0.148394046797, -0.0692806725986, -0.131713906634, 0.988863810241,  
138, 3274975.786986557, 92.1240794887715, 104.59090378087602, 91.49641084487166, 81.6998972124738, -0.698458869194, 0.223339216979, -0.679907936565, 0.71345901062, 0.143018349355, -0.685946056125, 0.0559593442644, 0.964191550423, 0.259235811343,  
139, 3424460.521001329, 93.50493188015164, 104.1006297339189, 90.26543886561244, 87.00189252589092, 0.110298762766, -0.968965901253, 0.221222207613, -0.79287957911, -0.219997400346, -0.568280843308, -0.599313070074, 0.112721896942, 0.792538717028,  
140, 3231378.5547162904, 91.71345964949845, 105.78577939497781, 91.4004792243191, 79.78540725346387, -0.267660131922, -0.811258745196, -0.51982429928, -0.944591800413, 0.114543716874, 0.307613503469, 0.190011537469, -0.573357641675, 0.796967145095,  
141, 3487275.876130071, 94.07319598486313, 100.27036806132824, 91.48473826163938, 90.75622793654811, 0.311707801079, -0.829198341853, 0.463970210913, -0.772074988929, 0.0635870028413, 0.632342395021, 0.553839740554, 0.555325852935, 0.620382735773,  
142, 3741551.6970252604, 96.30622955592538, 110.72983369674674, 91.20736046884427, 88.44404682061517, -0.7524514474, 0.541422645403, -0.375071111058, 0.179955349804, 0.716784277063, 0.673673787699, 0.633587319461, 0.439410763638, -0.636777268295,  
143, 3429632.135442753, 93.55197853441317, 101.4733621605595, 93.13115982186802, 86.63868834393055, -0.403923623281, 0.295911918253, -0.865610676454, 0.911806748135, 0.206623243171, -0.354845444437, -0.0738522891455, 0.93260011367, 0.353274492952,  
144, 3040852.433506356, 89.8743119618723, 106.62577156678675, 86.68756007061347, 78.53943445921772, -0.96123690655, 0.266329498032, 0.0713597082659, 0.108980955544, 0.129253619851, 0.985604714419, 0.253272108245, 0.955176475963, -0.153268192891,  
145, 3464269.125406074, 93.86586168804222, 116.6808829687542, 90.68130381933787, 78.16377955813584, -0.80669674208, -0.571679042579, 0.149744577844, -0.567666791747, 0.679155880229, -0.465297435946, -0.164300882121, 0.460358949762, 0.872396043955,  
146, 3493137.2463700473, 94.12587217218804, 101.89549784866676, 93.81039252589639, 87.241091695241, 0.413499308765, 0.89174949896, -0.183850898163, 0.734807548933, -0.446070041305, -0.510959278495, 0.537658058325, -0.0761862806169, 0.839713917334,  
147, 2869797.3936874247, 88.1564735587123, 107.31196184231929, 87.35027882588105, 73.088693272668, -0.352325275134, -0.620336199582, -0.700749527285, 0.0392033888846, -0.757887355791, 0.651206457456, -0.935056145267, 0.201964738064, 0.291342152421,  
148, 3111080.5474782945, 90.56093171820265, 102.60046937422571, 87.74637141646552, 82.49813531094206, -0.620448119958, 0.70718482637, -0.339018807431, 0.784241113178, 0.561220028946, -0.264571267356, -0.00316335915252, 0.430025232354, 0.902811327298,  
149, 3513905.2813293845, 94.31204179394928, 104.86109113432755, 97.71519616679133, 81.8700321157669, -0.686483674436, -0.694968407725, -0.213913713906, -0.178519456329, -0.124100537345, 0.976078818714, 0.704890749297, -0.708249933918, 0.038872389437,  
150, 2114303.607113318, 79.6207468775699, 106.53657030264264, 79.72595154501802, 59.42652269147357, -0.998073090538, -0.0500960852276, 0.0366126779781, -0.0305595797309, 0.91039673967, 0.412606214791, -0.0540020187634, 0.41069229192, -0.910173402889,  
151, 3888497.666983166, 97.55085446467122, 105.68514797167428, 101.19252137813778, 86.80222476614988, -0.288618090372, 0.059659736402, 0.955583755493, 0.469344266509, 0.878729212503, 0.0868960907538, -0.834515163077, 0.473577540584, -0.281618102488,  
152, 3746636.1145940893, 96.34983351949626, 108.88212970622307, 92.69841973594356, 88.61841296858258, 0.899618455279, -0.387668746182, 0.200996463043, -0.345479847588, -0.350343704876, 0.870576224902, 0.267077348033, 0.852626666066, 0.449107401943,  
153, 3518509.7549608215, 94.35321799111198, 106.17434548845364, 99.48664040742268, 79.52172501461598, 0.709346441968, 0.605505183186, 0.360820036032, -0.423184279217, -0.043528833342, 0.904997406898, -0.563686695861, 0.794650057449, -0.225363251455,  
154, 3575762.4305447354, 94.86223426413716, 119.66005141174826, 85.98163031574398, 82.97078271045143, -0.738257566514, 0.0754935495647, 0.670280903397, 0.597049171473, 0.535523169179, 0.597283200932, 0.313859924694, -0.841139500467, 0.440427392909,  
155, 3173304.0091384025, 91.16070818849028, 100.25724995876533, 98.22256092341577, 76.93005273504934, 0.795169375874, -0.341436256847, 0.50112567903, -0.582772703182, -0.658676587202, 0.475942359849, -0.167575774201, 0.670497155835, 0.722739181115,  
156, 2531896.022199841, 84.55106566325202, 107.53459384384863, 89.47960223366272, 62.81813133435692, -0.991702485925, -0.125590959504, -0.0274424907986, 0.109909791422, -0.939053282261, 0.325728062691, -0.0666784609885, 0.320009131066, 0.945065150598,  
157, 3407653.7374368445, 93.35171114110582, 102.96197914793548, 95.2290846601012, 82.96985995147027, -0.334613767207, 0.724540142425, 0.602557224511, 0.930897538324, 0.353550606666, 0.0918245156196, 0.146503924652, -0.59164478409, 0.792775535395,  
158, 2869795.9525302183, 88.1564588018798, 102.91640479731102, 93.74108988920707, 71.0146260325416, -0.619546002254, 0.534134956581, 0.575206570937, -0.379346488309, -0.84526707058, 0.376324090647, -0.687211025012, -0.0149474931748, -0.726304054477,  
159, 3774574.5897702193, 96.58873261836473, 104.8202886766593, 95.07142268915969, 90.42407155916003, 0.642965609068, 0.285104959532, 0.710851874588, 0.465454412272, -0.882528978673, -0.0670432091875, 0.608233027426, 0.373975619328, -0.700139143668,  
160, 2755449.889718692, 86.96969947523453, 103.17463322962897, 88.14754793104571, 72.3303786616486, 0.414606001992, 0.413379753198, 0.810690472843, -0.450339088579, 0.867336083208, -0.21195005087, -0.790756959128, -0.277209845447, 0.545763807134,  
161, 2851991.9179433873, 87.97377477388852, 105.58913216796896, 100.93297924636603, 63.8862458134263, -0.394890594002, 0.872571010737, 0.287543474958, -0.604582276675, -0.0111459388768, -0.796464712826, -0.691767077491, -0.488360112283, 0.531942394655,  
162, 3512734.5498121683, 94.30156661647874, 97.19929011721194, 94.0173520092895, 91.76680570829318, 0.735349642854, 0.0608299020678, -0.6749523137, 0.374223254509, -0.866791102736, 0.329590867597, -0.564993680087, -0.494947378246, -0.660158491749,  
163, 3936152.225366337, 97.94774130157234, 112.0891173292987, 100.03684840110813, 83.80305023255069, 0.0241641498737, -0.711298742715, 0.70247433581, 0.202090484325, -0.684696920332, -0.70024964365, 0.979068705457, 0.158884316088, 0.127201588414,  
164, 2897954.4073758572, 88.4438514402546, 100.30226182427073, 91.4933919550357, 75.38804552920045, -0.194720972048, -0.96862292255, -0.154445385025, -0.975278642076, 0.174426165139, 0.135672706267, 0.104476377021, -0.177045606626, 0.978641681014,  
