# Void_ID, Void_Volume, r = (a*b*c)**(1/3.0), a, b, c, vector_a, vector_b, vector_c 

5, 305192.1192515307, 41.7665146149584, 104.19233136657519, 44.59465194892017, 15.680726182557846, 0.254617339406, -0.940757646261, 0.223930930145, 0.693832198717, 0.339019321572, 0.635344614854, -0.673622216451, -0.00639926581668, 0.739048143831,  
72, 1009265.00463306, 62.22604544384705, 115.72507396370929, 101.01564107846788, 20.61106885094824, 0.712583026013, 0.562605488257, -0.419166429503, 0.357394510963, 0.223036827872, 0.906930943868, -0.603733877277, 0.79607137745, 0.0421398556234,  
108, 1436017.8401697946, 69.98802560118123, 116.5226246351068, 91.69441878214414, 32.08618370066905, -0.0103015639065, -0.564904766043, 0.825091802822, -0.444497254725, -0.736543490766, -0.509829262354, 0.895720976824, -0.372003079978, -0.243511067847,  
165, 838495.4661678094, 58.49750857981164, 110.73980491275076, 48.70861284542303, 37.11099457856902, 0.858193488464, 0.337134653916, -0.387097095685, 0.390992278195, 0.0593068165552, 0.91848121369, -0.332609342548, 0.93958657219, 0.0809203226038,  
184, 1389454.166464168, 69.22323193569243, 93.06450504062317, 87.22992670887442, 40.86072203318792, 0.853338415424, 0.433503810106, 0.289634244152, -0.484753326552, 0.45523911652, 0.746841053495, -0.191905604812, 0.777709324499, -0.598615440353,  
206, 1970833.8887900973, 77.77746857361373, 126.46235176593862, 90.23363120752724, 41.231745775281404, 0.0794438277136, 0.702163375771, 0.707569976726, -0.650949726109, -0.501032197138, 0.57029044487, 0.754952404008, -0.505898538402, 0.417269141593,  
289, 337899.14792208775, 43.208198798155436, 102.79326517735034, 35.097816721191464, 22.35906940794473, -0.634453597827, -0.684433598198, 0.35919254149, -0.232003849688, 0.611891561444, 0.756150071589, -0.737321399347, 0.396408081011, -0.547008032276,  
298, 866842.2187729531, 59.1494188414733, 119.13325080976445, 76.16890310269132, 22.805560564678007, 0.657035834034, 0.752633653454, -0.042970879496, 0.595444686107, -0.483165742241, 0.641869528262, -0.46233055121, 0.447318062696, 0.765608915964,  
303, 333438.24346571136, 43.01721268620757, 122.60469206097177, 36.21126241255636, 17.92982470601325, -0.968019436102, 0.160237666942, 0.193034352959, 0.20362076016, 0.951303348019, 0.23143147167, 0.146550187175, -0.263335964389, 0.95350784606,  
304, 1595299.0036696456, 72.48550376617187, 116.43519689418474, 72.68515398472479, 45.00113711364429, -0.265263771565, 0.711906875202, 0.650248977342, -0.126547982225, -0.694281539568, 0.708490474185, 0.955835100679, 0.105649159274, 0.274258118303,  
315, 1602020.2392669471, 72.58715859480246, 137.53834278013588, 65.37234491946651, 42.53647906384951, 0.203052295499, -0.342097332965, 0.917463448902, 0.787776573823, 0.613551786362, 0.0544267874158, 0.581530596812, -0.711704728262, -0.394079363505,  
316, 1422437.0982777155, 69.76669560159029, 126.66334074339024, 61.18985524741765, 43.814120369846265, -0.685419475997, 0.405910257837, -0.604513857994, -0.0401013241068, 0.80790403758, 0.58794808433, 0.727043345151, 0.427232874021, -0.537475623286,  
402, 1223586.1907836588, 66.35118026269247, 123.84689992189014, 103.41758298407129, 22.80690923402004, -0.276021899669, 0.956138312189, -0.0980379460634, -0.509828477275, -0.232116540139, -0.828369987115, -0.814792510191, -0.178665720715, 0.551535788121,  
432, 1743793.7602409278, 74.6681692701426, 107.53708707174059, 94.88806831564497, 40.79778981086146, 0.251103167876, 0.236913594561, 0.93851965765, -0.86987630326, -0.370054558769, 0.326151560722, 0.42457321643, -0.898293700438, 0.113163649835,  
448, 277211.75081824954, 40.4489894058327, 87.79893951718998, 59.64233090492663, 12.638023198893123, -0.0377597719895, 0.871249622382, 0.489385630274, 0.711119004366, -0.320639224517, 0.62569980768, 0.702056950146, 0.371637704223, -0.607454900014,  
498, 1754173.317944629, 74.81602504216347, 120.99833897537357, 83.53011721012267, 41.434432236439164, 0.906721066454, -0.420365074337, -0.0339133001333, 0.20733363222, 0.374298028853, 0.90383281117, -0.367246065464, -0.826555618137, 0.426539725614,  
508, 1221750.319472571, 66.31797916837535, 82.70361742295555, 59.8794801914049, 58.89674918678316, 0.887520211115, -0.432791471044, 0.158112040824, -0.345186046765, -0.39721607184, 0.850332867406, 0.305212168795, 0.809265676316, 0.501930868901,  
509, 3418231.470962531, 93.44820270993732, 147.85738900017733, 105.50480414203635, 52.31155026659834, 0.845277474772, -0.477774084848, -0.239244465958, 0.227864068531, -0.0826771424399, 0.970176507853, -0.48330524197, -0.874583566028, 0.038982420629,  
629, 932835.0893558279, 60.61388047569589, 128.2138967862177, 65.8368504849378, 26.382267413606797, 0.244374594746, -0.747953081147, 0.617128224801, 0.598494764754, 0.617079542263, 0.510898086787, -0.762945000642, 0.24449749881, 0.598444566414,  
643, 2135654.318727645, 79.88785914660329, 121.06495538788892, 91.48891808314058, 46.03153006194178, -0.960446478952, -0.24032067469, 0.140671725607, 0.124258559594, 0.0822145292764, 0.988837995601, -0.249203473965, 0.967205637128, -0.0491007542845,  
712, 2363976.9443265335, 82.63896623246738, 119.0336843483609, 80.86668447531785, 58.629354633126404, 0.277125850156, -0.713981492845, -0.642986540333, -0.664786146478, -0.625643795837, 0.408202425497, -0.693729516906, 0.314325100184, -0.648027074101,  
751, 2345405.2487940867, 82.42198972203313, 124.78553323548876, 96.3843662259726, 46.55415500000495, -0.0318995349188, 0.999204340754, -0.0239396134304, 0.536382166507, 0.0373247119001, 0.843149475084, 0.843372154582, 0.0140552944051, -0.537146030027,  
757, 842810.4473486877, 58.59768161079849, 133.75862275922574, 55.82975108746276, 26.943488247688055, -0.986497762963, -0.0145108680398, 0.163130617534, -0.0327541310132, 0.993424245629, -0.109706130627, -0.160465979478, -0.113568054066, -0.98048608686,  
799, 2151896.8092596573, 80.08987406441118, 114.27383774188525, 92.85704108846583, 48.41402373804448, -0.628489109078, 0.349414219174, -0.694918083812, -0.460055538517, 0.553398169286, 0.694333758153, -0.627176483336, -0.756082118338, 0.187054775613,  
888, 1231248.1565898885, 66.48938684838521, 89.78035017120449, 75.67663343649771, 43.26272642713794, -0.447982116875, 0.0332504537237, 0.893423992451, 0.77545479514, 0.511791705195, 0.369782518769, -0.444951552031, 0.858465874581, -0.255057755273,  
979, 2319965.3129268168, 82.12290319732234, 123.721185412032, 102.44626672007335, 43.69710578455372, 0.30829179403, 0.0769838960516, 0.9481717405, -0.440140853649, 0.895162440437, 0.0704289299933, -0.843345835754, -0.439041780449, 0.309854992436,  
1062, 2987092.6258269614, 89.34152475780132, 135.19117855592847, 77.91653527280056, 67.69897508900983, -0.416513552928, -0.100776332332, 0.903526751717, 0.285988235097, 0.928859210596, 0.235438519102, -0.862975775797, 0.356461355174, -0.358061604552,  
1076, 573508.7266817089, 51.54071912537115, 116.9010355778586, 79.25836305255761, 14.77705754139902, 0.75127782516, 0.177025053482, 0.635801667081, -0.573510495169, 0.65183336292, 0.496184420267, 0.326599665269, 0.737411281053, -0.591233677341,  
1093, 868243.8511651307, 59.18128203994069, 113.82772606337426, 54.09982244805854, 33.659619885986395, -0.260053813423, -0.828177341669, -0.49648192804, -0.00199087752923, -0.513711512115, 0.857960674347, -0.965592072529, 0.224104379845, 0.131943838065,  
1099, 3007724.8147169473, 89.54675033652211, 159.84498899683473, 81.40818480068536, 55.18008846029144, 0.0627681360049, -0.882842505145, -0.465455983109, -0.938110497798, -0.211352149649, 0.274370120021, 0.340600726693, -0.419427443008, 0.841470002453,  
1109, 187826.73353542062, 35.526814266256935, 101.39280752325273, 81.1923411561391, 5.446864649813453, -0.796822955407, -0.0743027930748, 0.599626777819, 0.599058857567, -0.226499719303, 0.768001537971, -0.0787506375059, -0.97117298773, -0.224991922068,  
1129, 1090044.5341673433, 63.843772899695125, 136.8624860655356, 71.25120393247236, 26.685724657774465, -0.792862003277, 0.590625187631, 0.150105734389, 0.0487785348131, -0.184018413643, 0.981711708182, 0.607445880965, 0.78568384938, 0.117091376805,  
1135, 1470925.4861219916, 70.5505961464754, 137.96230705832528, 76.2633446448235, 33.375345283693726, -0.809714211418, 0.474182301378, -0.345708028381, 0.534348906871, 0.352274697828, -0.768357848269, 0.242557501539, 0.80687897626, 0.538620623553,  
1183, 3421311.761647975, 93.47626412228051, 143.50484867109492, 88.99288328442628, 63.956131723712105, 0.317139528687, 0.945320977155, -0.0760971056993, -0.395300839495, 0.204699647298, 0.895452567527, 0.862067146827, -0.253902155461, 0.438604525528,  
1186, 363896.40373670665, 44.28905204006107, 135.98873147416853, 88.54477254392307, 7.21478352749766, -0.506316711582, 0.802779040918, 0.314943167945, 0.174119048096, -0.262523904424, 0.94908574781, 0.844586256497, 0.535375579447, -0.00685888243637,  
1205, 1831083.4677910388, 75.89383709472907, 140.9724198082604, 80.57123975877016, 38.48622650438597, 0.312768692362, 0.56801662238, 0.76127055754, -0.546649507723, -0.547792384096, 0.633322839974, 0.776756114095, -0.614231732025, 0.139173699343,  
1227, 1720135.431828185, 74.32895221731631, 138.74590502340703, 69.96938945450924, 42.30052659697461, 0.137209577868, 0.504412647635, 0.852491297696, -0.548120911862, 0.755522588546, -0.35881622619, -0.825067874615, -0.41803528452, 0.38014405582,  
1231, 1258783.2328069764, 66.98138345722008, 107.03086329038011, 56.20262971732784, 49.95703734885979, -0.137798224065, 0.616048070057, -0.775562005789, 0.331501999128, 0.766557746318, 0.549996041927, 0.933337063455, -0.181311877546, -0.309851462869,  
1232, 1568457.5211182819, 72.07667059494894, 130.21884882030557, 89.88524942482478, 31.990562183350775, 0.285201092497, 0.591145421351, 0.754458367078, -0.876630609, 0.479144111287, -0.0440419797854, -0.387529498494, -0.648820477046, 0.654868594729,  
1233, 1054422.5251580346, 63.140597682317264, 105.91202644935413, 71.83988836721042, 33.08378114783323, 0.886882333643, -0.0910377827073, 0.452936914362, -0.346175555744, -0.780191367826, 0.521021990108, 0.305944784033, -0.618880886512, -0.723452996008,  
1249, 1976763.8531617115, 77.8553976526089, 113.94476690557525, 68.51729165929282, 60.44656267156631, -0.483789884748, 0.189787141874, -0.854358348818, 0.124422198045, 0.981203441794, 0.14750905886, 0.866294675067, -0.0349377530929, -0.498310033373,  
1251, 2391727.6368245655, 82.96107498331125, 126.86081984515953, 88.69352577222564, 50.746217838598646, -0.0794292930823, 0.992858577806, 0.0890102908512, 0.97256483661, 0.0575995945299, 0.225388387676, 0.21865183738, 0.10447071928, -0.970194435576,  
1252, 2630763.253453361, 85.63757993411834, 120.58313363752396, 102.62407788222473, 50.75248646006418, 0.0642038437626, -0.275319041671, 0.959206594921, -0.608654901329, -0.772515702898, -0.180993645923, 0.790833154044, -0.572205307621, -0.217172761635,  
1273, 983498.3819445069, 61.69192853445128, 130.9208466011165, 105.73639411769128, 16.961011150663488, 0.0620062346281, -0.429988084271, 0.900702766873, -0.982896065984, -0.183099520098, -0.0197456124812, 0.173408622449, -0.8840728551, -0.433986908253,  
1279, 1500244.0699239888, 71.01625557566928, 128.407043666334, 64.85388282800068, 43.007924004714134, -0.71603778157, 0.371554966813, -0.590962606262, 0.697069012098, 0.335452990615, -0.633692420232, 0.0372113925568, 0.865689434915, 0.499196468878,  
1288, 2608016.9984097765, 85.39005031586949, 115.55120478086332, 107.88075742215109, 49.94630253991811, -0.368559909384, -0.518029652039, 0.771886567317, 0.33420794678, 0.700982991076, 0.630022138128, -0.86744950372, 0.490171526948, -0.0852246012917,  
1305, 900420.1990783534, 59.90350120835545, 111.47613846249286, 63.01961600036606, 30.59841642254642, -0.513239518686, -0.564907694068, -0.646114922937, 0.0428437811741, -0.768757805355, 0.638103320098, -0.857175365298, 0.299817834508, 0.418759667635,  
1329, 3114011.142832443, 90.58935851415626, 134.3011212388682, 89.3740606792141, 61.93561068403034, 0.623475395895, 0.666927462485, -0.408027193331, -0.500094902385, 0.741338610852, 0.44757362821, 0.600985456831, -0.0749988256203, 0.795733408142,  
1335, 3119725.479946072, 90.64473637365377, 144.97397057764832, 100.4196462066657, 51.15864699925775, -0.403549370376, 0.858481366853, 0.316476931917, 0.897356243996, 0.303835736473, 0.320055646104, -0.178604806851, -0.413150805407, 0.892976335051,  
1342, 1607580.7067291809, 72.67104277378215, 109.15865965493734, 87.59819521445736, 40.13569827929995, -0.926966567243, -0.294285089308, 0.232656978026, 0.0414118391605, 0.536118847577, 0.843126112068, 0.372851234128, -0.79118447121, 0.484777360987,  
1346, 3306330.356287454, 92.41714439011469, 103.4013658339511, 93.56614289855943, 81.5854349077866, 0.486308301914, 0.616606411288, 0.619112888776, -0.280787004588, -0.560683163825, 0.778969221381, -0.827443589342, 0.552658052834, 0.0995298100762,  
1368, 736766.8647403165, 56.02912310053894, 119.52506955192378, 68.35949849983288, 21.527004586896044, 0.680583932359, 0.494274747578, 0.540830828376, 0.662400808244, -0.0996548813558, -0.742491800534, 0.313098515253, -0.863574767191, 0.395231503322,  
1384, 2908132.818777857, 88.54727681021969, 128.9954691696552, 91.94355038495053, 58.53692460129269, 0.691600357842, -0.461837275664, 0.555333481649, 0.405175022798, 0.884563656081, 0.231041856039, -0.597931556229, 0.0652186257748, 0.798889469775,  
1400, 157837.67791010524, 33.525404348742875, 104.72005964178089, 80.82299035825903, 4.452021756422697, -0.247430284059, 0.965355704161, -0.0828650648545, 0.915743623096, 0.260937305315, 0.305491962993, 0.316530995779, -0.000295191536885, -0.948582121681,  
1401, 71234.29899598208, 25.715808431418488, 108.63716126763559, 91.99515244117602, 1.7015988890535405, -0.479634411216, -0.554715674475, 0.679883337102, 0.456740772207, 0.50375305439, 0.733226245572, -0.74922539905, 0.662210978982, 0.0117439658739,  
1404, 1062021.5182567982, 63.29191492968943, 138.15351390122524, 88.99525021730513, 20.621295374375777, -0.892170314305, 0.107031929002, -0.438835158626, 0.411086624355, -0.21021390342, -0.887027565572, 0.187189523073, 0.971778925982, -0.143547209894,  
1440, 2291414.9504042263, 81.78463334666371, 126.07525891324843, 80.4931325943048, 53.90467536872464, -0.550674337455, 0.519868634998, 0.653065369174, 0.804728879467, 0.53847693876, 0.249908017028, 0.221741301116, -0.663158494456, 0.714878735598,  
1443, 2869753.818632552, 88.15602736663105, 134.560858641675, 98.85624825676454, 51.503074961075946, 0.341188293597, 0.885237209405, 0.31614179002, -0.30695175365, -0.212962537839, 0.92759235573, 0.888465626371, -0.413523929854, 0.199064788938,  
1465, 1165041.801059694, 65.27561408875268, 115.15289880971571, 79.11876649284436, 30.528011432566736, -0.924287895263, -0.201472627881, 0.324192330085, -0.0681339231512, 0.922792337868, 0.379225618449, -0.375565780106, 0.328425153402, -0.866652908278,  
1474, 858523.1698608508, 58.95959211186918, 114.668450310673, 87.92775420704153, 20.327945468496083, -0.394170888746, 0.640149684345, 0.659422241131, 0.851788132698, 0.523886091515, 0.000583191086396, -0.345088810974, 0.561917916382, -0.751772550569,  
1491, 4002214.411002557, 98.49267075038493, 142.46704289198487, 89.86633617151847, 74.62774109255122, -0.359404635179, 0.846859419973, -0.391991621103, -0.167218324297, 0.354815358188, 0.919860909928, 0.918077524086, 0.396150456767, 0.0140881287573,  
1495, 2223287.163764297, 80.96593156726072, 152.4712334012801, 62.55719622691334, 55.64700078815288, -0.387860212557, 0.877878423442, -0.280880631532, 0.807925634258, 0.177129251582, -0.562033271029, 0.443644705846, 0.444921006346, 0.777961871229,  
1503, 1205297.0764636605, 66.01893254070852, 111.25964164335699, 79.2825944518441, 32.62045267424124, -0.120917931336, -0.0734107515728, 0.989944299158, -0.579414547478, -0.804528241555, -0.130434239028, 0.806013421757, -0.589359966484, 0.0547466332678,  
1508, 1736964.7524401904, 74.57057045880978, 114.49012341683675, 84.87910198729236, 42.67107623407772, -0.607152126889, -0.144018917487, -0.781424882007, -0.793135415761, 0.050456644398, 0.606951677896, 0.0479844462222, -0.988287750831, 0.14486136296,  
1509, 1014404.2399604119, 62.33148620726999, 115.09958395509084, 75.30256845156309, 27.94080427589686, 0.381024195174, -0.0431961526832, -0.923555442345, 0.525550024965, 0.831952557526, 0.17791040803, 0.760669267127, -0.553162755814, 0.339695792775,  
1513, 3615139.757543359, 95.2091805655959, 113.13897130995845, 102.40416305080217, 74.49148702402115, -0.936360618952, -0.136208077252, -0.323536939107, -0.120457545863, -0.741021406037, 0.660588567446, 0.329725296148, -0.657521585567, -0.677455971701,  
1518, 617463.2384774783, 52.8251613643264, 120.89590395563894, 68.72989881424424, 17.740473439858825, 0.304455119265, 0.952018659359, -0.0311055073189, 0.834020433024, -0.250660221725, 0.491507243633, -0.460127153787, 0.175584525163, 0.870317802226,  
1538, 304743.00109268224, 41.74601680618766, 70.45944462487951, 58.81857615308868, 17.554618996820462, 0.431125582152, -0.813227004514, 0.390886903777, -0.384313185667, 0.226451107111, 0.894999034307, -0.816354155828, -0.536079970917, -0.214904995393,  
1540, 2062395.190018894, 78.96374898510233, 110.414889219409, 77.94261955396556, 57.211144913174735, 0.724106671034, -0.483605134328, -0.491727163188, 0.236719763365, -0.495389183868, 0.835795016819, -0.647791079436, -0.721606285005, -0.244235719836,  
1543, 2351973.7316137273, 82.49886098766234, 128.80686349307274, 76.8074279180837, 56.75467363119031, -0.813689371296, -0.354748545128, 0.46050306923, 0.00152057744767, 0.79089365146, 0.611951730061, -0.581297939859, 0.498638849078, -0.643002335381,  
1546, 2361442.4281664337, 82.60942213535954, 92.13351899752381, 83.83034228562671, 72.99109082774802, 0.494194818749, 0.804555761694, -0.329334947198, 0.706325424072, -0.592449871943, -0.387437149154, -0.50682923794, -0.0411482145385, -0.861063846651,  
1556, 986425.0437072194, 61.75306153143236, 112.63776287849983, 84.19274426096999, 24.832291552713894, 0.515490621734, -0.114011378196, 0.849276647828, -0.793430211326, 0.310815212929, 0.523318644008, 0.323632381969, 0.943607603326, -0.0697622554617,  
1560, 2411836.8987231585, 83.19293417948015, 126.69161664206655, 75.01967002757279, 60.58098052860224, 0.0572921390629, 0.941307403295, 0.332652947236, -0.523229966541, -0.255463650909, 0.812999830983, 0.850263496168, -0.220632489826, 0.477884182117,  
1579, 1996373.181895579, 78.11199068703242, 114.83301369324197, 77.41440052449322, 53.61231987648944, -0.609868246011, -0.339643436065, -0.716032861568, 0.027753847442, -0.912107428483, 0.409010712399, -0.792016695821, 0.229569978968, 0.565691769692,  
1584, 2151227.209409063, 80.08156608686596, 132.2409571293101, 72.07899212192048, 53.87942891567038, 0.294423456202, 0.833768215565, 0.467060372062, 0.783479149873, -0.49043860506, 0.381615508571, -0.547243318966, -0.253575506269, 0.797636641878,  
1591, 1733156.6611625028, 74.5160348449998, 99.13305221718957, 83.54532978728338, 49.95840400345256, 0.399674692138, -0.898154809704, 0.183243221619, 0.164180110053, 0.266811070633, 0.949661383889, 0.901834259677, 0.34947072895, -0.254096788016,  
1597, 3000471.443140172, 89.47470931832481, 126.79151383122534, 100.68520106716817, 56.11061897932992, -0.0891607849917, -0.99235090676, -0.0853816858076, -0.97789433797, 0.103494532631, -0.181690796361, 0.189137564187, 0.0672945730882, -0.979641986772,  
1601, 1974539.3971583531, 77.82618308402539, 116.15056215654079, 77.30635788819149, 52.4977469443047, 0.571981395742, 0.766800131047, -0.291298544369, 0.740906961706, -0.330578258603, 0.584615163193, -0.351986018217, 0.550214116472, 0.757212169087,  
1603, 1861830.9613212377, 76.31628355028893, 100.88061610954183, 86.74540268387264, 50.79224927364676, 0.819716869516, 0.571415961337, -0.039345304158, -0.517763757737, 0.768619448822, 0.375692472731, -0.244918241468, 0.287589885118, -0.925908803811,  
1605, 2708885.0404647244, 86.47700800867437, 112.93543692796435, 99.18159505503512, 57.73519549939843, 0.0518184213586, -0.998656138632, 0.000876345019974, 0.907606685062, 0.0467279190294, -0.417212903461, 0.416611277379, 0.0224146906263, 0.908808354498,  
1615, 3225320.107454663, 91.65610654516878, 138.05552021273783, 101.34441637294569, 55.03394075958991, -0.611324324758, -0.558715867087, -0.560463334951, -0.785253025707, 0.516211698046, 0.341911053374, -0.0982865991752, -0.649124073399, 0.754306092881,  
1647, 265014.3981840236, 39.84681561082458, 115.97075403531775, 53.43242045520755, 10.210042070199112, 0.714410945312, 0.648499075111, -0.26280401595, 0.424817326661, -0.103538040583, 0.899338708786, 0.55601010799, -0.754141116591, -0.349462352879,  
1652, 2672351.102470461, 86.08648373496621, 145.61237110473715, 88.3047518888246, 49.616092534076536, -0.090714465435, 0.920479834434, -0.380115456357, 0.99526689308, 0.0704372772356, -0.0669507394595, 0.034852507792, 0.384389729801, 0.922512784911,  
1655, 2509996.995885895, 84.30659141965471, 155.7754747322172, 66.27796643946529, 58.03852065051008, -0.965777457579, 0.228765203066, -0.122230864757, 0.245951549606, 0.658111786124, -0.711615564902, 0.0823513064849, 0.717325141641, 0.691854683795,  
1672, 1316228.1447852645, 67.985170008412, 148.78750580227307, 54.76874650122751, 38.56055702893425, -0.765733035459, 0.633299955407, -0.112178807661, 0.081100124932, 0.268102675144, 0.959970689822, 0.638024833485, 0.725983554952, -0.256655780756,  
1677, 1453185.173499527, 70.26581959122862, 133.874806004399, 79.05655021208796, 32.77899509406689, 0.872824791349, 0.283294779624, 0.397392691735, 0.283318781061, -0.957143489647, 0.0600567109046, -0.397375580408, -0.0601698268603, 0.915681298286,  
1679, 1690087.3009335066, 73.89360301890395, 112.95177806377845, 88.2720913262977, 40.46728252140796, 0.106856993088, -0.621416088571, 0.776159537656, 0.0965190229021, 0.783425409386, 0.613945197999, 0.989578527074, -0.00930982241177, -0.14369295724,  
1683, 772804.5846838047, 56.92814424953437, 93.9152462805318, 68.49781069889205, 28.679282894127496, -0.159390528807, -0.510818217578, 0.844783645626, 0.864048834251, -0.486091094405, -0.130900954807, 0.477508399252, 0.709069951789, 0.518850201999,  
1684, 3104458.8385050865, 90.49663529141061, 134.0313697094547, 93.07743790549341, 59.40820365783646, 0.497455802136, 0.335584790631, -0.799950356721, 0.653323066223, 0.461734434627, 0.599975235339, -0.570707189426, 0.821087181837, -0.0104471891589,  
1692, 3262398.9489021953, 92.00600065552119, 132.10022197655476, 89.67994590996555, 65.74300849994773, 0.449761610724, 0.841728996538, -0.298675057389, 0.487254968736, 0.0490194332654, 0.871882842247, 0.748529951947, -0.537670337242, -0.38808957663,  
1694, 1768029.7423026671, 75.01250218435239, 108.02582511446657, 100.7737376026381, 38.77269587338444, -0.358040741568, -0.207270939585, 0.910409569909, -0.793042148874, 0.58216886007, -0.179342043241, -0.492839707701, -0.786204919832, -0.372814761705,  
1695, 1273874.2031960236, 67.24799048542033, 92.92709723232728, 68.95403465819668, 47.4608901716117, -0.921047639049, 0.353528326582, -0.163367588299, 0.387567890598, 0.873242765537, -0.295361139309, -0.0382410352878, 0.335357711617, 0.941314415315,  
1699, 1873875.6031197533, 76.48049953434408, 95.75716111571734, 76.3537649240584, 61.18576987225672, 0.174061119758, 0.244067094312, 0.954009423466, -0.301093571788, 0.935591739637, -0.184420057885, -0.937574203792, -0.25514574305, 0.23633717902,  
1708, 2131244.517655443, 79.83283583483399, 130.41480651290516, 94.64355505343624, 41.221778311779815, -0.205736133883, -0.0335169285845, 0.978033362781, 0.44633729987, -0.892623155253, 0.0633002168347, 0.870893597381, 0.449555912212, 0.19860469238,  
1710, 1216673.054944419, 66.22598507639664, 118.77081791267334, 76.1594292001837, 32.11085378785314, -0.369701294595, 0.46123804904, -0.806585652546, 0.929137690963, 0.188107146164, -0.318306224874, -0.00490958307913, 0.867107354184, 0.498097111328,  
1719, 1467806.0557885317, 70.50068801491055, 113.1727053554576, 64.06280954057817, 48.33173515469405, -0.70554323702, 0.694095494956, 0.142969173518, 0.655424305907, 0.562397993258, 0.504110579541, -0.269495305935, -0.449377281425, 0.851723158672,  
1729, 1566819.7109810894, 72.05157396057393, 116.65356995216915, 80.55678901492729, 39.80432248437307, 0.664630469476, 0.588780118929, 0.460004685409, -0.422802254388, -0.211242434849, 0.881257560197, 0.616039440887, -0.780201643983, 0.108539402975,  
1736, 1574226.989053945, 72.16493888587846, 111.92940976242821, 85.24456283507725, 39.388354957995396, -0.767750838112, 0.400572361433, -0.500100423749, -0.279344635192, 0.493165413791, 0.823865553006, -0.576650002487, -0.772223839243, 0.266730419593,  
1740, 3039663.934975499, 89.86260149480795, 110.08653950917211, 100.62153299202184, 65.51063537243802, -0.424545192815, 0.629623401098, 0.650642568579, -0.874828427933, -0.100076823188, -0.473982965032, -0.233316525212, -0.770427804697, 0.59329958437,  
1744, 785153.9153697825, 57.22977833940178, 148.8307154660094, 67.29009172015914, 18.71640790615438, -0.69888343995, -0.124617793866, -0.704295635948, -0.0850852038189, -0.963226210263, 0.25486423043, -0.710156634451, 0.238045527816, 0.662579716888,  
1746, 1495365.3338711811, 70.93919126728315, 83.86688798898558, 75.39419615031633, 56.458619640935716, -0.0285682486875, 0.192739960446, 0.980833911941, -0.483252194258, -0.861608442915, 0.155235974704, 0.875014955251, -0.469555320217, 0.117756653075,  
1763, 3357403.4348579533, 92.89057268227859, 114.83714291550079, 86.96840281867217, 80.25480574009855, 0.00256169657057, -0.41104508747, 0.911611415998, -0.235232244006, -0.886281294044, -0.398962729095, 0.971935815314, -0.213418377591, -0.0989614420646,  
1771, 998457.202765372, 62.003130168771506, 114.24056979673784, 77.28902482623536, 26.996201227613707, 0.775285242177, -0.491006523308, -0.397297605495, 0.350036671259, -0.189576976867, 0.917352112668, -0.525744350456, -0.850278286158, 0.024894056564,  
1782, 2473077.041190335, 83.89118817241264, 97.89196778529686, 91.21576114440059, 66.11988527535254, -0.45369186827, -0.43575206722, 0.777356947984, -0.881644778061, 0.346595921509, -0.320271373231, -0.129869834772, -0.830657211554, -0.541426285758,  
1788, 973997.251457945, 61.49262614049058, 127.78267531413717, 92.30025429541546, 19.714884995733268, 0.564453356737, -0.0737722462374, 0.822161823337, 0.72530716213, 0.519853032419, -0.451311804906, 0.3941090314, -0.851064322111, -0.346940327721,  
1791, 3236788.2962647798, 91.76461114117458, 107.32685578970434, 100.44350133865892, 71.67957734958013, 0.555894160404, 0.649912929958, 0.518261387625, 0.572663794357, 0.152496807905, -0.805481782669, -0.602526232675, 0.744552152003, -0.287409519477,  
1794, 2210083.481215663, 80.80533276599755, 147.23688287930133, 76.27009582012683, 46.98391073583027, -0.0450883587709, -0.995440173218, -0.0840589165277, -0.521774134478, 0.0952213062278, -0.84775270889, 0.851891303215, 0.00563599012901, -0.523688307223,  
1796, 433300.47084025986, 46.94256870211672, 120.26457993172272, 66.36686220392049, 12.96019476376904, -0.89133216132, 0.317585305759, 0.323522103978, -0.0861943497716, -0.819323444686, 0.566815337703, 0.445081466996, 0.477334962635, 0.757663395699,  
1804, 1135311.3206664277, 64.7155708457307, 105.15919928469931, 100.31379270962897, 25.6932142142249, 0.55535113817, 0.728309393011, 0.401435600547, -0.424618430709, -0.166716670225, 0.889890296706, -0.715041468473, 0.664658543857, -0.21666729897,  
1806, 2751548.5124525856, 86.92863396452502, 134.01107584185675, 104.54862702452634, 46.884526829903145, -0.879537658915, -0.103982697584, 0.464328660706, -0.475626949853, 0.220577632937, -0.851542431369, 0.0138748377626, 0.969810861174, 0.243463308172,  
1808, 4750524.097615609, 104.28398985579597, 130.32150046499524, 102.1962035327314, 85.15341741733054, 0.771257935214, -0.114803045879, -0.626084225984, 0.325883125838, -0.773696360622, 0.543317706185, -0.546773614637, -0.623068376839, -0.55930708213,  
1812, 1748657.5071236829, 74.73752570445902, 105.4748115353792, 86.08536605537032, 45.97672778468286, -0.519516082195, 0.0146358885273, 0.854335315382, -0.777325631562, 0.407051431223, -0.479660291098, -0.354778667422, -0.91328797381, -0.200092913508,  
1813, 1678527.5149590648, 73.72474602888919, 112.85869121033858, 91.6675926264536, 38.73370314474367, 0.441854002299, 0.497903798483, 0.746228415506, -0.752652591098, 0.658387100806, 0.00636416578989, -0.488138420703, -0.564462782607, 0.665659559599,  
1816, 2336160.8653335986, 82.31355874673555, 97.04800433779957, 94.89105737882706, 60.56228324089722, 0.996548861058, -0.000340372326087, -0.083007539848, 0.0404555670389, -0.871197739558, 0.489262552914, 0.0724825125151, 0.490932156958, 0.868177345157,  
1817, 3371128.907219258, 93.01698321960488, 110.01759023067751, 102.1009569408368, 71.64647197323329, 0.176181413986, -0.345763212652, 0.921633283981, 0.743005251963, -0.567431974438, -0.354914285344, 0.645680497554, 0.747307671018, 0.156932915339,  
1824, 993905.8628205259, 61.90877553234157, 100.04474929227216, 83.98824855056269, 28.238642681282116, -0.650636979039, -0.59996746975, -0.465521811249, 0.0888183154386, -0.668937168432, 0.737993476619, 0.75417692112, -0.438818983103, -0.488523358417,  
1828, 2897647.2784162895, 88.44072686524704, 129.0568978332272, 94.32969342851887, 56.823406426722485, -0.76799562811, 0.290674358699, -0.570693553844, 0.639451215431, 0.298141460765, -0.70867045406, 0.0358449199708, 0.909186497133, 0.41484341039,  
1829, 2145771.809927345, 80.01381456463572, 107.57200519113098, 83.89371681054853, 56.76311578192044, 0.250790760996, -0.428692337249, 0.867944050146, -0.271574023721, -0.891750082485, -0.361979750854, 0.92916712374, -0.144929880881, -0.34006438477,  
1830, 2247803.4632101846, 81.26244945157617, 94.42120287221786, 80.14413845654127, 70.91342037810615, -0.745018669309, 0.0564058267826, 0.664654470448, 0.0580700845875, -0.987150860701, 0.148865857377, 0.664511134337, 0.149504384289, 0.732170329514,  
1835, 2370249.3842931986, 82.7119915044115, 125.78757405394498, 81.40944874866827, 55.25770935314483, -0.66321509682, 0.659314965403, -0.354188525713, 0.729165314512, 0.462530707228, -0.504364242372, 0.16871182372, 0.592763967585, 0.787506951886,  
1837, 2361172.0445376323, 82.60626910657047, 114.59346402319078, 103.38768625210656, 47.578457642135014, -0.753203380518, -0.268070119061, 0.600685507435, -0.655956562488, 0.374192062684, -0.655516047365, 0.0490474841878, 0.887760503453, 0.457685080381,  
1840, 2104421.0750693516, 79.49650049419535, 140.99338795892368, 74.13188519772926, 48.06625014120599, -0.960532575063, -0.142422452655, 0.238941451454, -0.277489042603, 0.550554057615, -0.787330972894, 0.0194165774195, 0.822560681423, 0.568345776705,  
1844, 3395032.828738591, 93.23631982319068, 119.64610697162709, 92.22271232074962, 73.45458437453482, 0.514256331035, 0.362676280315, 0.777178449063, 0.557469025888, -0.82999276415, 0.0184471307572, 0.651742825941, 0.423766359159, -0.629009826377,  
1845, 3464247.9009305434, 93.86566999222019, 114.12682667581969, 104.35793649387219, 69.43958687230165, -0.424153155021, 0.0436712553373, -0.904536855271, -0.0438439509371, -0.998655519369, -0.0276561313296, 0.904528500962, -0.0279280341441, -0.425497609696,  
1847, 1501074.3606670946, 71.02935416997846, 100.78559745278247, 74.4051438405751, 47.78726358189994, -0.270853772315, 0.552447163507, 0.788314889848, 0.950517129465, 0.0240342204466, 0.30974109001, -0.152169052754, -0.833201348883, 0.53162025131,  
1849, 1757423.2616458691, 74.86220023321734, 110.2934141943273, 65.78486762063604, 57.824538504360675, -0.481664096431, 0.834852302689, 0.266498275613, 0.83372654867, 0.342841753095, 0.43285052198, -0.269999518987, -0.430675243112, 0.861173092193,  
1850, 1013314.2824822775, 62.3091535531872, 104.71915642022329, 85.23091929023758, 27.103928746945137, -0.444234358116, 0.888169010947, 0.117522946965, -0.301997839647, -0.27195055063, 0.913695902837, -0.843476816467, -0.370403436817, -0.389034900846,  
1851, 2170446.366127818, 80.31934343778161, 121.86743418452008, 80.2065476638608, 53.0106291052102, -0.989461715394, 0.0507046211779, -0.135626528232, -0.00128381372444, 0.933572413289, 0.358386524535, 0.14478903823, 0.354783864539, -0.923669066209,  
1854, 1570529.6384646124, 72.10839722135105, 105.14141959874958, 73.8714007147792, 48.27334094342101, -0.704603649848, -0.621591948949, 0.342282260163, -0.699221843391, 0.525987363729, -0.4841756984, -0.120923572328, 0.580483197172, 0.805243284639,  
1857, 1792924.0692997999, 75.36292789773825, 109.19605498238002, 71.71655368045755, 54.657143170986004, -0.629123690386, 0.708326530686, -0.320120146385, 0.182672513006, 0.535027831261, 0.824849060597, 0.755535661096, 0.46045493341, -0.465990471051,  
1863, 422826.1388877201, 46.561225875570344, 110.57770460183941, 62.85600837966681, 14.523084006425762, 0.37402079628, -0.709375031195, -0.597407322576, -0.706341194221, 0.199543966793, -0.679164429769, -0.600991315492, -0.675995022492, 0.426427213332,  
1866, 988252.7049753759, 61.79117696183789, 114.8233328700297, 55.05953054495913, 37.31786160093963, 0.646335801091, 0.179879840101, -0.741547891476, -0.401518935106, 0.906569395337, -0.130055665736, 0.648870231232, 0.381805152616, 0.658173418224,  
1868, 126759.84244275374, 31.16240927567321, 117.43022409889423, 29.517834076508073, 8.73029069034807, 0.79383263554, 0.543541423757, 0.272749825686, -0.345891127819, 0.0346617582064, 0.937634198509, 0.500189038713, -0.838666371794, 0.215521790949,  
1869, 277558.7051678225, 40.46585750027287, 79.15413193547442, 53.34960312313623, 15.69139156820073, -0.891322815076, -0.143841902858, 0.42994551551, -0.41212995167, 0.652252396437, -0.636172707901, 0.188924699978, 0.744228673409, 0.640648998606,  
1872, 3098830.085651564, 90.441908484094, 102.61484803384401, 90.37451690547391, 79.77245530337967, -0.982879828944, -0.0846722046387, 0.163639419507, -0.147888056148, 0.892277971215, -0.426578415924, -0.109892514321, -0.443475636135, -0.889524027473,  
1877, 661510.874073889, 54.05254239801259, 117.0910469430056, 68.24654971334049, 19.762595843703963, 0.843040323283, 0.471059068167, -0.259588843399, 0.125588578686, 0.296894094443, 0.946615764494, 0.522982334523, -0.830636654009, 0.191134054511,  
1880, 1802135.43239694, 75.49176953863837, 96.41840415775891, 70.13580366142295, 63.62079612266757, -0.881977403405, 0.0944601723941, 0.461728422034, -0.0832136575432, -0.995528125381, 0.0447128479723, 0.463887213751, 0.00101361076428, 0.885893687477,  
1881, 1648934.9296196692, 73.28891678520294, 116.05628890069525, 70.8492919160493, 47.87521256248251, -0.0501845254666, -0.0432961604426, 0.997801060279, 0.934557855568, -0.35440292898, 0.0316255992146, 0.352254351285, 0.934089934868, 0.0582483096724,  
1884, 1614070.0276133127, 72.7686952239927, 115.94865251764706, 92.02714924673091, 36.11204548995593, 0.777930884112, 0.037317427377, 0.627240742586, -0.527220575, -0.504319902207, 0.683885883415, -0.341850851749, 0.862710174886, 0.37265151188,  
1886, 3044053.4881438892, 89.90583729878115, 107.67523440884541, 89.94437470383258, 75.03671918227079, 0.486426669887, 0.409460291934, -0.771836358402, 0.261785906493, 0.774503559994, 0.575857946649, 0.833580970263, -0.482168544065, 0.269548253807,  
1890, 1814819.7140616616, 75.66847120982492, 113.28834510592188, 71.28606057243054, 53.648184658134014, 0.537666351396, -0.393305728895, 0.74580526828, -0.712654824561, -0.684696665228, 0.152687843839, -0.450597376386, 0.613596838522, 0.64842958303,  
1899, 1159924.17137239, 65.17989599257163, 129.88668280271781, 63.712353651359585, 33.46206318547983, -0.797859451744, -0.598106759281, 0.0754228066673, -0.549545316579, 0.670170964448, -0.498869545509, -0.247831072083, 0.439476032239, 0.863389006646,  
1901, 2463935.1793853813, 83.7876911158322, 149.6619582931, 96.12991579861998, 40.8856290053483, -0.930698176846, 0.180130080554, -0.318361520439, 0.101477782977, 0.963328785307, 0.248394667737, 0.351430168281, 0.198873843122, -0.914847545411,  
1904, 1862510.4037251289, 76.32556584890655, 129.83115380830253, 87.8230410227888, 38.99623780617247, -0.502966006837, 0.293571433513, -0.812921281177, 0.86225209915, 0.235237942652, -0.448535871306, -0.0595526110009, 0.926541377253, 0.37144927347,  
1907, 233238.92695438664, 38.18599767757022, 109.2397580117585, 31.479916351831367, 16.19191168172204, -0.548149996746, 0.48665346545, 0.680220541907, -0.0173830676862, -0.819744390605, 0.572465687207, 0.836199384133, 0.301972744858, 0.457802415173,  
1909, 2564574.2674718285, 84.91326827377216, 127.79928013523059, 94.68054126458406, 50.598487084236325, 0.399499524558, 0.455954722138, 0.795302094325, -0.234495857208, -0.787850868308, 0.569475813585, 0.886234631929, -0.414000363123, -0.207826553896,  
1912, 1308163.0454941143, 67.84602724110381, 124.61420694778376, 72.15970388624783, 34.730494496791934, -0.0541869114592, 0.43123802527, 0.90060954036, -0.973192693756, -0.224702175089, 0.0490399156911, -0.223516799027, 0.873809303036, -0.431853612329,  
1914, 1652648.6563889063, 73.3438958976672, 83.77655600320912, 80.11146125268364, 58.78611626919058, -0.522794247553, -0.494990388039, 0.694024992687, 0.72855491064, 0.163262670119, 0.665246602944, -0.442599047568, 0.853422413752, 0.275274893147,  
1916, 633057.5004638443, 53.2661755986114, 93.79285898778177, 78.43440881182288, 20.543675557509104, -0.0884737289576, 0.939390177072, 0.33123782167, -0.838728560737, -0.249640815776, 0.483956469635, 0.537314433724, -0.235001187909, 0.809980025058,  
1919, 2281724.2080049366, 81.66917721431155, 128.85795041009357, 93.0279845694957, 45.44119139479095, 0.473182171102, 0.877883465386, 0.0736155836281, 0.727491000398, -0.436509549956, 0.529354566559, -0.496845526588, 0.196926468509, 0.845200857021,  
1921, 1594812.6916281583, 72.47813750739599, 114.28597807543333, 97.84670624474096, 34.047240118174734, 0.796565793033, 0.547141743277, -0.257135859292, 0.432601085476, -0.218760873331, 0.874642773448, -0.422302306665, 0.807947766297, 0.4109515406,  
1923, 3492294.2171664163, 94.11829949107123, 118.1369154305559, 110.27811661473356, 63.995177491605894, -0.824100197886, -0.186745853313, -0.534775513757, 0.17251616697, -0.981987496382, 0.0770631499684, 0.539534091581, 0.0287496646839, -0.841472768902,  
1925, 2748646.3352951934, 86.898060750404, 130.31198935052674, 87.08252597157237, 57.82489612106615, 0.35396592516, 0.911635020067, 0.208877270216, 0.753005148672, -0.145330122023, -0.641765067377, 0.554699350909, -0.384448625723, 0.737907774916,  
1926, 1762635.0787564723, 74.9361310167024, 113.42486195299107, 87.10918096094917, 42.58940864281673, -0.881789477659, -0.245558365495, -0.402676552863, -0.471347783395, 0.489025070486, 0.733952142531, -0.0166908411751, -0.836991977006, 0.546960552736,  
1927, 383791.42864926613, 45.081900968003026, 119.15361616925483, 53.35181013525258, 14.412863576357829, -0.27314303293, -0.932711005238, -0.235463509423, -0.191673235041, -0.187095103636, 0.963460841531, -0.94268459971, 0.308294668951, -0.127672011678,  
1930, 722390.1982563207, 55.662291125803335, 95.0631876575158, 58.15714035349893, 31.19376662665498, 0.567270695872, -0.678065091007, 0.467366761723, -0.702036922958, -0.694845699489, -0.155992348229, -0.430520750266, 0.239618835362, 0.870192333528,  
1933, 1093741.0488821128, 63.91585961097509, 132.2523734962294, 89.77261723093372, 21.992699527475228, -0.912784972105, 0.0784571265862, 0.400834222574, 0.0372527168218, -0.961295016454, 0.272991073903, 0.406738035827, 0.264114313563, 0.874532903659,  
1934, 4267452.185968899, 100.6220941209399, 125.83200002713075, 95.59491659527828, 84.69429482518737, -0.656681784844, 0.679801506952, -0.32655618904, 0.712223847167, 0.701398196247, 0.0278883816048, -0.248004485807, 0.214267313066, 0.944766263989,  
