# Void_ID, Void_Volume, r = (a*b*c)**(1/3.0), a, b, c, vector_a, vector_b, vector_c 

0, 1588261.2806265021, 72.37875577307713, 110.73447285445857, 72.520645490832, 47.21596124997206, 0.619076344657, 0.627317155846, 0.472459168043, 0.395890417114, -0.768859108579, 0.502121946137, 0.67824424592, -0.123809761881, -0.724331336986,  
4, 2409741.722011943, 83.1688371388066, 128.936896256451, 75.39623718601041, 59.1772806064192, -0.656010843306, 0.130202564356, -0.743435986283, 0.746532418673, -0.0330334855838, -0.664528507063, 0.111081597643, 0.990936971288, 0.0755301105511,  
7, 1626744.3293453867, 72.95866814856728, 117.47010164202891, 74.80194937745007, 44.19675986782447, 0.888465826405, 0.205641652275, -0.410292561669, -0.228924724044, 0.973412538073, -0.00784228562409, 0.397771223233, 0.100893714235, 0.91192023357,  
18, 1601129.612049936, 72.57370473171082, 152.1793286789909, 78.4392269429672, 32.02203379893629, -0.0990633099087, 0.210814401189, 0.972493572668, -0.646033214702, -0.756955526085, 0.098282333257, 0.756853715147, -0.61852697579, 0.211179625174,  
21, 917757.0279605333, 60.28552349986386, 100.64158801361235, 85.67771226106328, 25.40936238775907, 0.658504402677, 0.0148946988373, 0.752429464868, -0.527502835929, -0.703956404954, 0.475590304791, -0.53676131543, 0.71008698613, 0.455701396078,  
22, 2075331.73977323, 79.12850726074494, 133.80916371166506, 70.11133278771746, 52.81105451902071, 0.315939654787, -0.394244684149, 0.86299088266, 0.554216850554, 0.814952147211, 0.169400945445, -0.770081695079, 0.42476361282, 0.475972747254,  
26, 270912.6366709752, 40.14026339385234, 154.83631935636583, 80.92129499133848, 5.1618453697359925, 0.81238006817, -0.0691026173852, 0.579019389236, -0.365259728457, -0.834326748934, 0.41289733201, 0.454559078238, -0.546922027609, -0.703030824436,  
31, 3098800.728254535, 90.44162287658764, 116.60559763007198, 90.03388003243673, 70.4660088987657, -0.0107487119691, -0.634967037298, 0.772464450144, 0.876323540866, -0.37804590436, -0.298560456055, 0.481603069876, 0.673719641796, 0.560500068995,  
33, 537137.9077885912, 50.427301823066266, 126.10267653910846, 84.83074292032816, 11.987251546346183, -0.81609443676, 0.222869195387, 0.533215896271, 0.561210115502, 0.525874870114, 0.6391391298, 0.137960416595, -0.820844042879, 0.554240002817,  
39, 2038097.7085690075, 78.65242739044264, 128.65794219943865, 71.7060639837848, 52.740459133897325, -0.967060000513, -0.214654139451, 0.136815773303, -0.194282273503, 0.969696540518, 0.148131757263, 0.164466876941, -0.116671417767, 0.9794582312,  
50, 3332082.011288099, 92.65645727226965, 117.96593968345798, 91.1712444844287, 73.96266620786288, 0.711589082506, -0.643005601709, 0.283169161153, -0.547264365763, -0.254506886878, 0.797325503479, 0.440616263458, 0.722336514861, 0.532998374927,  
57, 1688217.6438259007, 73.86634472753082, 118.46585850022915, 85.76625238450863, 39.66707577449332, -0.889503509921, -0.146226335028, -0.432898792772, -0.447063985265, 0.0827164580222, 0.890669288036, 0.0944314508918, -0.9857869174, 0.138949107827,  
77, 2241007.7553560347, 81.18047411724194, 101.9583379237888, 81.7882292289354, 64.1565788984309, 0.627325398569, 0.75900413507, -0.174285877961, 0.688450956116, -0.645120110307, -0.331444300451, 0.364002919403, -0.0879361485637, 0.927237352808,  
80, 1594949.0691873736, 72.48020339467465, 103.90866406876955, 73.7765020219182, 49.6693399618262, 0.299053761364, 0.672445989492, -0.677040057183, 0.880102153437, -0.468559219116, -0.0766319626355, 0.368764216445, 0.572947335623, 0.73194556032,  
82, 1764249.1426500913, 74.95899731211507, 148.61732585641658, 88.080588539287, 32.175229648332646, -0.762236800909, 0.557304226997, -0.32925227093, -0.0172602218321, 0.490976056323, 0.871002064785, 0.647068113944, 0.669592794682, -0.364620823908,  
83, 864260.2796341474, 59.090633795299134, 145.70799258611757, 43.75173009912182, 32.36512869634972, -0.524148287031, -0.344265645393, -0.778941421806, -0.850172111969, 0.158080832398, 0.502212933385, 0.0497589512884, -0.925468322435, 0.375542848336,  
88, 1306360.7486559479, 67.81485506178133, 102.4526358674279, 62.26412260698575, 48.889264620880255, 0.255445044113, -0.920233908279, -0.29650865669, -0.764434406882, -0.00447277856175, -0.644685994751, -0.591935694999, -0.39134326148, 0.704601010984,  
91, 849495.978533943, 58.75221430548768, 118.50435686963321, 62.55386906642788, 27.357992336568714, -0.908438702893, -0.192758718863, 0.370922093423, 0.00440765027337, 0.88286870854, 0.469599207942, -0.417994851291, 0.428236990208, -0.801182491391,  
95, 1176189.934477694, 65.48315812197139, 108.33629871665973, 93.45178961825046, 27.734940125284254, -0.26341807809, 0.433334727232, 0.861876980961, -0.825883743089, -0.563006697157, 0.0306512945533, 0.498524782771, -0.703736082016, 0.506190248654,  
111, 500968.42677581165, 49.26901903921696, 85.74201469805588, 58.12286828335789, 23.99833018199504, -0.928022990729, 0.124040773254, -0.351265163728, 0.0126876508593, 0.952913066196, 0.302978071464, 0.372306798479, 0.276713886249, -0.88589901962,  
115, 2297684.5041763512, 81.85915589105714, 107.4505913825273, 90.46818767199439, 56.428315469076765, 0.468140308896, -0.750687600886, -0.466168185382, -0.403370613531, -0.650916435669, 0.643117362474, -0.786216763575, -0.113030613779, -0.607525539399,  
119, 1059191.4624458377, 63.23564519960214, 118.32703132371363, 61.014796455168764, 35.02407922799076, 0.675611497713, 0.712607146477, -0.189050678252, 0.470645665583, -0.219495218754, 0.854584405669, 0.567487234769, -0.666342932531, -0.483678958236,  
139, 355178.6242529183, 43.93251545339704, 121.32180704324891, 53.01690291691228, 13.182718763689442, 0.351566448907, -0.385717277365, -0.853008331698, -0.856896568925, 0.234350256283, -0.45913857118, -0.377000400754, -0.892357629722, 0.248130124147,  
141, 1645339.542186281, 73.23561090192271, 106.85776865715656, 96.50421346743083, 38.090313677337456, -0.515896708128, 0.739819813276, 0.431876406425, -0.502698675941, 0.146765554255, -0.851911916393, -0.693645895072, -0.656602250962, 0.296190574262,  
146, 1226260.9020190511, 66.39949209969406, 125.87606894789933, 78.17840982812166, 29.748444908384727, 0.735255627176, 0.674776857146, -0.0638385131863, 0.617656573108, -0.705830073698, -0.346849051837, 0.27910485557, -0.215592439857, 0.935745894714,  
161, 573528.2389130621, 51.5413036343675, 112.18816909591652, 49.35708883178321, 24.72689588211636, -0.195771353431, -0.729708499101, -0.655132874702, -0.965612904812, 0.259982050605, -0.00102538996318, -0.171071023955, -0.632404016198, 0.755512981397,  
169, 2687636.2283011856, 86.25030226935385, 109.77921108667998, 87.84975592825616, 66.53056514440057, 0.653100933703, 0.570294453147, -0.49822023956, -0.513459798039, 0.817074900173, 0.262197717963, 0.556613156685, 0.0845744891669, 0.826455654943,  
170, 2828915.9295361405, 87.73586131255941, 127.27544189162299, 82.36148361090095, 64.42622087623644, 0.220320193141, -0.00247019927244, -0.975424477143, 0.848165733564, 0.494359779984, 0.190324187485, -0.481740491242, 0.869253878939, -0.111012580585,  
175, 2194409.4599389983, 80.61385425384502, 128.56308417462296, 78.62176406340015, 51.828661256314916, 0.80843569288, -0.265878841817, 0.525109676118, -0.44375743348, 0.310764026473, 0.840538553596, 0.386666614422, 0.912542690138, -0.133247018602,  
206, 2101079.907491683, 79.45440628491276, 107.14723453065388, 79.52692948375012, 58.86522104680164, 0.699602668924, -0.110574710711, -0.705924456997, -0.486728174987, 0.649544391667, -0.584112803256, -0.523117376225, -0.752240198743, -0.400603162851,  
223, 1084703.666973775, 63.73933082674116, 112.45009479271782, 66.53396661554272, 34.61140723289593, 0.367355974959, -0.900109956711, -0.23420429862, -0.62216770688, -0.42499558879, 0.657484672084, -0.691344293517, -0.0958165713199, -0.716144016579,  
228, 469489.1275435744, 48.21464535832137, 145.30802676710155, 74.39025528412866, 10.368866326791085, -0.0387331354412, 0.981574916227, -0.187110737405, 0.0342705121116, 0.188445999134, 0.981485423942, 0.998661742643, 0.0316036270667, -0.0409381794628,  
238, 2660474.477528239, 85.9587640828089, 108.50228716558502, 96.5652679696596, 60.61926199030676, -0.609757520825, 0.698764746026, -0.374063624947, -0.218215710791, 0.305706442355, 0.926782323238, -0.761956474716, -0.646739051561, 0.0339253566612,  
240, 1957460.4449349912, 77.60114486308883, 108.21827678913273, 83.43776438737873, 51.75366522632509, 0.128725078216, -0.8728958563, 0.470619462296, 0.473195117079, -0.362990847847, -0.80269796658, 0.871502286521, 0.326022190093, 0.366324031639,  
268, 2170271.629331539, 80.31718794853593, 115.63753717467448, 89.86936221510159, 49.855719783739985, 0.156432364598, -0.300454990032, -0.940880286897, 0.142848534656, -0.93570994739, 0.322554166772, 0.977304052715, 0.184861281289, 0.103455764592,  
279, 1413649.4426404347, 69.62272846882696, 159.4423066840711, 55.75423044712203, 37.96397881895503, -0.50612777918, 0.854685854649, 0.115528182731, 0.771110843079, 0.508439758568, -0.383245456064, 0.386293591492, 0.104886137173, 0.916393015797,  
281, 1308173.7782217595, 67.84621278651251, 100.1466787414704, 72.56253096401385, 42.97618465104587, -0.954132803771, 0.289539253763, -0.0761420599789, 0.1954100462, 0.794974139486, 0.574309177528, 0.226816019301, 0.533088302328, -0.815089783588,  
286, 872727.6496370848, 59.28298214060214, 116.22729510515578, 64.7472929598028, 27.68601053023969, -0.118247115656, 0.408308948804, -0.905152706435, -0.213052220439, 0.87988691138, 0.424744363763, 0.96985894387, 0.243069589848, -0.0170529612068,  
297, 690537.3176066333, 54.83184356450012, 106.02193823500262, 51.918156102693196, 29.949084055864446, 0.133145226797, -0.701391009297, 0.700230676748, 0.282309126508, 0.704092245921, 0.651579363029, -0.950038896925, 0.11092682864, 0.291755604945,  
303, 1248972.7541670047, 66.80692027782978, 127.73411641559471, 86.1632323800592, 27.09165048631362, 0.737410035664, -0.259526854128, -0.623596224562, -0.600498489973, 0.170786871854, -0.781174377423, -0.309237777191, -0.950514416718, 0.0299055307468,  
315, 616353.8741422466, 52.79350631866087, 105.08445522845825, 44.2934297414342, 31.6128560442296, 0.830185547966, 0.555041413608, 0.0521630628778, 0.401304977651, -0.659932893327, 0.635171544717, -0.386970633073, 0.506376940121, 0.77060763275,  
319, 1936453.3371778263, 77.32254541245455, 120.74616134021383, 77.44074362214728, 49.43967183600519, 0.824086792816, -0.491539587312, -0.281548915842, -0.256420532282, -0.766888495544, 0.588328603781, -0.505103423598, -0.412638909348, -0.758023523356,  
324, 1187933.023493266, 65.700364964769, 138.92481285502512, 53.735751873936714, 37.98920418469648, -0.630007726419, -0.00340619151655, -0.776581394647, -0.751361750116, -0.250135828744, 0.610645222401, 0.196330805313, -0.968204764003, -0.155028222744,  
336, 1409267.4888260195, 69.55071642620926, 118.72694421699009, 63.19103536668894, 44.84355791064663, -0.483179390433, -0.607774480529, 0.630196681583, -0.815786758737, 0.573848259528, -0.0720426214531, 0.317851602057, 0.548915618155, 0.773086025754,  
359, 849211.1000680937, 58.74564605309933, 120.47845662726601, 69.20355847758452, 24.315837413682356, -0.927714488139, -0.366288331547, 0.0719630924073, -0.366508557002, 0.93035432437, 0.01059758326, 0.0708329453069, 0.0165435576261, 0.997350993663,  
376, 1307879.7517432624, 67.84112934421088, 144.30497245184867, 69.32185637873512, 31.21244042488712, 0.77765667858, 0.224367452919, 0.587289823112, -0.420766968216, -0.508340569974, 0.751362112018, 0.467124446714, -0.831413922778, -0.300908026302,  
379, 415271.7005924013, 46.28226191213991, 132.68754308749442, 53.083944799648954, 14.075064238261154, 0.0672548272086, -0.940457601704, 0.33319106773, -0.940424437116, -0.171304459393, -0.293694842084, -0.333284662551, 0.293588626466, 0.89595036253,  
380, 2769187.884112933, 87.11399642996332, 138.19499747809476, 86.01102811299418, 55.61825414646955, 0.258383820354, 0.0406984335063, -0.965184665693, 0.602321532311, -0.787921087239, 0.128020045298, -0.755279135879, -0.614429815189, -0.228099603491,  
381, 1345420.5431284334, 68.48410983218417, 157.9289730653441, 82.20835773364016, 24.739542350679084, 0.118945958574, -0.818847833228, 0.561551498046, -0.949423647058, -0.259326725791, -0.177043462738, -0.290596967201, 0.5120916669, 0.808279362191,  
384, 1291035.4221599512, 67.54862549986754, 126.03158893739867, 58.400751464622346, 41.874699342616374, -0.203522714457, -0.929010179068, 0.309060822312, -0.0197074072952, 0.319490905332, 0.947384388465, -0.978871862297, 0.18672345487, -0.0833320382777,  
393, 1087297.9177818103, 63.79010480462464, 137.0263206449385, 50.92999799703398, 37.194805454448954, -0.915766643444, 0.27350709528, -0.294219855868, -0.156677496545, 0.431229724735, 0.888534234895, 0.369896765101, 0.859787644326, -0.352053390598,  
399, 1132830.212233069, 64.66839334323207, 170.7174186316456, 51.74158739737211, 30.61671770943765, -0.786741321463, 0.609260023, 0.0991983743595, 0.572710552006, 0.660488865875, 0.48554822796, -0.230305702757, -0.438812810237, 0.868563527239,  
415, 1960490.9042946543, 77.64117050992135, 102.74312676282094, 83.33314028087618, 54.664539785614295, -0.800059775276, -0.445583836232, 0.401695657027, -0.57340207803, 0.371093082549, -0.730410830283, -0.17639278017, 0.81470544921, 0.552395345863,  
419, 1187978.4192032346, 65.70120184604745, 143.96960366511226, 69.31812549475238, 28.418576686224814, -0.0533892509946, 0.981883055831, -0.181811035282, 0.314938927529, 0.189335208758, 0.930035295379, 0.947609128177, -0.00760548464577, -0.319341661545,  
435, 184565.40855153857, 35.319989545542406, 107.49349469979336, 34.68276488265938, 11.818593759372327, 0.169045601748, 0.0991891717228, 0.980604452745, -0.695138709386, -0.693322149352, 0.189964659692, 0.698717224092, -0.713768803907, -0.048252827126,  
453, 1104273.2315935504, 64.12036390465019, 129.759979883419, 76.60348842895331, 26.521532689961024, 0.218209183662, -0.451113711261, -0.865379206867, 0.576272678397, 0.775200098562, -0.258794527226, 0.787587806088, -0.442223050848, 0.429120287332,  
457, 1162529.8437892997, 65.22866654860984, 104.47269449115777, 98.9396343811511, 26.849883416904895, 0.669466335759, -0.114857803811, 0.733909061253, -0.363056950705, -0.912528331589, 0.188365853042, -0.64807752301, 0.392555383291, 0.652606922442,  
476, 1613837.1295226864, 72.76519506495548, 88.24496184641367, 78.20384770812203, 55.82812635576785, 0.621729423155, -0.187255802264, -0.760518105571, 0.445219152486, 0.883361264832, 0.146467682625, -0.644385312249, 0.429660494242, -0.632581559204,  
486, 1026610.8922951141, 62.580508278826414, 144.54426286167927, 49.512467226173165, 34.24536755773916, -0.413853611185, -0.377201478946, 0.828519301399, -0.898331375332, 0.316578407635, -0.304596211258, 0.147397179764, 0.870343125497, 0.469869040582,  
509, 2034080.8945058277, 78.60072231993794, 125.73888588919857, 68.42987753293508, 56.437041655331434, 0.0139008473392, 0.120170881286, 0.992655894927, -0.938507797172, -0.340942658318, 0.0544170780723, -0.344978087841, 0.932371740793, -0.108041917235,  
517, 2319536.6714870017, 82.11784515508242, 117.83899415540472, 91.68989818748054, 51.25097318077196, -0.866943878349, 0.484528575042, -0.116792002128, 0.393976553487, 0.809742300649, 0.434856162245, -0.305271661141, -0.330982577347, 0.892894028649,  
525, 878727.4902467781, 59.41852516881275, 107.8718825691311, 96.77733495207106, 20.09479996889598, -0.817820710293, -0.026430289129, 0.574865832723, 0.0737165505713, 0.985903615591, 0.150199636936, 0.570732122793, -0.165213499995, 0.804344045438,  
526, 241183.581364292, 38.614733641398836, 102.84924984583797, 73.06072768762722, 7.66256212374527, 0.113709250855, -0.839540562647, 0.531264387984, -0.762448113464, -0.41657684629, -0.495112719903, 0.636979654734, -0.3487626339, -0.687474759282,  
554, 2793918.191281942, 87.37255290123068, 100.90907433138185, 89.59378750315419, 73.77631469686457, -0.892184186114, -0.449610933299, 0.0430974095008, 0.113525720332, -0.130869037986, 0.984878269493, 0.437171921412, -0.883585481747, -0.167801691215,  
557, 1601817.1897598314, 72.5840917568288, 103.02137413118639, 77.87513570209504, 47.664845083627995, -0.904255267631, -0.294568574908, 0.309114486295, -0.142897735232, 0.890958894753, 0.431013323606, -0.402371281563, 0.345574308271, -0.847747456048,  
570, 209345.91300739214, 36.83482626513016, 113.00962480507455, 78.71746089961454, 5.618098732918861, 0.181465992753, 0.957904526464, -0.222461258771, -0.414905271106, 0.279674543491, 0.865815087493, 0.891584942382, -0.0648156455114, 0.448191055929,  
575, 2461525.8844964555, 83.76037233854329, 141.4090271672875, 73.15256631000105, 56.80794729432214, -0.406450227052, -0.901161805911, -0.150683816305, -0.905253772197, 0.37485351154, 0.200001132017, 0.123749023638, -0.217697598638, 0.968139419038,  
584, 3111624.0112587186, 90.56620466865753, 138.96709082977907, 107.02700621236521, 49.945131559732026, -0.414317208314, 0.163591555728, -0.895309473752, -0.886589131177, -0.294844686787, 0.356407523985, 0.205671980043, -0.941437418827, -0.267197722777,  
625, 1114981.2759767408, 64.32695416067536, 143.55038132631674, 96.08704965737398, 19.297886859220718, -0.263184452481, -0.607665903759, -0.749317084671, -0.964737000614, 0.169037621879, 0.201764223876, -0.00405753857849, -0.775995123566, 0.630725855331,  
633, 1729404.728002724, 74.46222528940234, 116.4304347283114, 63.50694616700463, 55.836769549277136, 0.343045150684, -0.282917817128, 0.895699465973, 0.575071813921, 0.817225346877, 0.0378832582447, -0.742706155505, 0.502095848592, 0.443043254549,  
637, 2040221.2367599541, 78.67973433660411, 128.74185877577372, 97.32683767571258, 38.871944569644974, -0.538346690265, 0.460558082927, 0.705740103247, 0.842319821358, 0.26815502645, 0.467536309111, -0.0260798701694, -0.846155502281, 0.532297573103,  
638, 1643874.0908627785, 73.21386157114772, 153.78990267292846, 58.81944666141886, 43.38415915028727, -0.601294486342, -0.769798779468, 0.214137291999, -0.747603911681, 0.447426947102, -0.490813119473, -0.282016545497, 0.455213099698, 0.84453993507,  
644, 716364.0570609529, 55.507081433016054, 99.77824579442829, 75.51656812067817, 22.69692741071684, -0.534699846309, -0.254435187391, -0.805828027419, -0.815795867473, -0.0932828368749, 0.570767391289, 0.22039323259, -0.962580411063, 0.157688855873,  
658, 2799737.066408881, 87.43316758806692, 131.4563907061838, 80.51663246913954, 63.148251664195804, 0.144875165244, -0.779312020101, -0.609658889725, -0.697185209521, -0.517619813437, 0.495986403405, -0.70209968674, 0.353189048617, -0.618315070022,  
660, 682993.7919733934, 54.63144850882829, 115.83768883611351, 55.21033196962427, 25.495169545596834, -0.351467006184, 0.372377196891, 0.858956440572, 0.211407924177, -0.86222527771, 0.460298012241, 0.912018439046, 0.343369762375, 0.224320246807,  
663, 844700.2928136869, 58.64144704443821, 102.68551412061345, 84.77686585219321, 23.164743551155784, -0.792393399251, 0.498013399582, 0.352271705734, 0.54590102409, 0.321216566528, 0.773829431649, -0.27222191815, -0.805482818703, 0.526395911889,  
683, 2107173.4516662257, 79.53114327359664, 104.67453116294257, 85.6059392832215, 56.13926928550131, -0.834834082637, -0.535781603026, 0.126452079169, -0.533518769737, 0.730830184586, -0.425728744197, -0.13568263266, 0.422877423323, 0.895971488407,  
694, 2092218.4988105912, 79.3425479151938, 107.91340194800354, 86.41068441016374, 53.564320459838235, 0.589668473081, 0.702619495, 0.398267419078, 0.348848343293, -0.666325622438, 0.659025794839, 0.728420157077, -0.249671804831, -0.638018859155,  
713, 1009860.7356399118, 62.238286263735716, 97.49241096310382, 74.91796241969745, 33.00776432431173, 0.599860499936, 0.525228823225, 0.603574406242, -0.41114606788, -0.444802309935, 0.795681981663, -0.686386401004, 0.72545543511, 0.0508735706046,  
730, 1582851.6399425669, 72.2964879406369, 121.85024945719307, 75.03700096035509, 41.328506422375945, 0.471346558151, 0.0509830194045, -0.880473255614, 0.366702368239, -0.919270329619, 0.143078419792, -0.802098370057, -0.390311148719, -0.451990499832,  
732, 3331749.020878428, 92.65337063960743, 115.38141021901573, 104.34486212899714, 66.06580896103844, -0.105513725224, -0.759334296053, 0.642088997435, 0.915297753475, -0.326557017719, -0.235776454849, 0.388711816481, 0.562824964812, 0.729473222752,  
743, 1313465.3909306258, 67.93756988678963, 106.87935833522238, 73.55968009695648, 39.883783938137185, -0.862230566581, 0.502513368427, -0.0635512754136, 0.505524261139, 0.845894588868, -0.170022251259, 0.0316807741997, 0.178725093582, 0.983388869914,  
750, 903332.5870108493, 59.968017187853285, 120.42986651943778, 76.72302904526583, 23.33990706774884, -0.0768627447092, -0.99336229712, -0.0855772466019, -0.783964271598, 0.113244804367, -0.610389740364, 0.616029333176, 0.020173273011, -0.787464856183,  
758, 2414608.382703888, 83.22478813338535, 124.02910031248334, 83.04339209783909, 55.96666399563965, -0.262717349453, 0.959478960687, 0.101880902509, 0.962446122982, 0.253107550453, 0.0981530858466, -0.0683889951243, -0.12384139818, 0.989942550577,  
779, 1550717.580737051, 71.80390005730872, 96.05344372464674, 87.10113111480928, 44.24939798846438, 0.249970045125, -0.924263076246, 0.288535513287, -0.313106226006, 0.20482419962, 0.927368070663, -0.916231121375, -0.322156504106, -0.238192609219,  
788, 846002.0999485702, 58.671556607708105, 127.29659543520918, 63.850251794165004, 24.8486860454687, 0.716321259446, 0.697142293693, -0.0296053307794, 0.281944996712, -0.250369440161, 0.926186893808, 0.638271785445, -0.671794437144, -0.375900734406,  
793, 1767416.7909661054, 75.00383258511349, 134.5465780165536, 90.82439687758485, 34.52829933753733, -0.417637680766, -0.886881762336, -0.197533559782, 0.0191315410804, -0.225936200911, 0.973954217227, -0.908412214658, 0.402980859041, 0.111326885819,  
795, 1077503.8607004434, 63.59799270185142, 112.95846817475494, 99.41382922597829, 22.906810813663913, 0.0133243843343, -0.9165808103, 0.399627425201, -0.384905822229, -0.373567162884, -0.843975759622, 0.92285966907, -0.142573465292, -0.357774842881,  
800, 333468.48326420144, 43.01851306945814, 113.20643178879362, 44.64992039860232, 15.749776457604721, 0.0547587025233, -0.867044419047, -0.495212540125, 0.318605861103, -0.454858805729, 0.83162117104, -0.946304279695, -0.203316114092, 0.251337955712,  
816, 441739.797389264, 47.24537561526347, 130.91474795100314, 40.47162813041584, 19.90392233836009, 0.636067286327, 0.168128728043, -0.753094375275, -0.37078523762, 0.922509049115, -0.107216425349, 0.676710214809, 0.347433137608, 0.649117477861,  
830, 2001120.4135504672, 78.1738565715443, 111.65988342104441, 90.68730649252676, 47.17815357483433, 0.265158604625, -0.197860892934, 0.943685319077, 0.874313653566, 0.461988737101, -0.148802022768, -0.406529887686, 0.864533095861, 0.295492769081,  
866, 288533.7907491517, 40.99233816181675, 106.42597893235967, 94.22392972808436, 6.869089982959863, -0.755725766903, 0.289544371921, 0.587403287298, 0.490144262599, -0.344786999463, 0.800550140118, -0.434323804414, -0.892908719685, -0.118645906923,  
871, 3365089.106313059, 92.96139947465899, 114.509842888963, 91.47207121550774, 76.69669107233014, -0.10116280611, -0.874046228407, 0.475193936481, -0.994858553776, 0.0865962989553, -0.0525122746129, -0.0047481193852, 0.478063041466, 0.878312691327,  
874, 608971.1235162318, 52.58187035875788, 134.53428291632355, 67.07456494870873, 16.110805608203552, -0.944456100749, 0.0954883957883, -0.314459281987, 0.315091360114, -0.00878032467555, -0.949020727213, 0.0933815214045, 0.995391818415, 0.0217949372976,  
888, 2036400.2119161012, 78.63058523905462, 125.24950961248697, 77.6015799454618, 50.018184783736345, -0.657424775747, 0.202619310252, 0.725767234964, -0.178855617149, -0.977603652085, 0.110913333934, 0.731985882684, -0.0568903730276, 0.678940463523,  
892, 1370411.8593690062, 68.90554409024834, 113.18880897538664, 68.30628918426652, 42.315386936030194, -0.395126342351, -0.0190861257787, 0.918428491165, 0.911362075402, -0.133632061823, 0.389309182491, -0.115301088888, -0.990847209138, -0.0701959190101,  
895, 1787536.6400301047, 75.28736794203779, 106.62665916933406, 86.4604306202793, 46.289570043521756, -0.919966594874, 0.33775049426, -0.198962478732, -0.305553184589, -0.299908703535, 0.903710142098, -0.245557968113, -0.89217676117, -0.379106727882,  
920, 2639632.804638658, 85.73371361607752, 104.86396321575603, 83.93296881045534, 71.59720281199063, 0.850791997439, 0.240418477272, 0.467281427922, 0.46422850549, -0.760555629309, -0.453924034853, -0.246261795221, -0.603120295225, 0.758683753419,  
938, 3292431.500870481, 92.28746420263856, 137.57721716005153, 89.22464468594636, 64.03195934716791, 0.557249577436, -0.501857380371, -0.661522545507, -0.6758240713, 0.188745291364, -0.712486518918, -0.482425883529, -0.844105671557, 0.233989064158,  
940, 1603726.3383186094, 72.61291710130952, 123.74131024746401, 61.463801503780935, 50.3393408510422, 0.958571616351, 0.284838370352, 0.0027493820287, 0.137577711829, -0.47140115382, 0.871121877458, 0.249424997814, -0.834654452425, -0.491059177201,  
941, 3750003.335985183, 96.3786890997025, 140.55912474221114, 107.39002014325013, 59.30892833868448, -0.440765310321, -0.32350177975, 0.837300746277, -0.887418774774, 0.297292943835, -0.352285145477, 0.134958732195, 0.898311473847, 0.418117969669,  
967, 1558876.4373650027, 71.92960815846997, 147.72228981963414, 82.59255135161112, 30.502551593269615, -0.96679354757, -0.100686156511, 0.234888344249, -0.253385160906, 0.497280075888, -0.829764114889, 0.0332595341147, 0.861727813182, 0.506279546672,  
968, 2835813.506223958, 87.80711047256138, 117.30406163624092, 93.18122964034379, 61.93662983532502, 0.0776980284879, -0.866342223414, -0.49337021424, -0.134146706866, -0.49945074961, 0.855893457009, 0.987910763888, 0.000317244699474, 0.155023294861,  
969, 2642649.720477358, 85.76636372817242, 107.00694482627294, 88.5787884932148, 66.5593836744635, -0.378723320289, 0.920212203016, 0.0988845189567, 0.920532329406, 0.363464086261, 0.143227401421, -0.0958586312661, -0.1452699536, 0.984737408344,  
970, 2958175.419812847, 89.05229266648182, 101.06726433420728, 91.44903047956892, 76.40920810910195, 0.59021553141, -0.362881785318, 0.721084208929, -0.617499384837, 0.372391372027, 0.692834161806, -0.519942435476, -0.854190538419, -0.00428810766907,  
971, 2823810.9935342893, 87.6830547899256, 110.66920820880685, 82.91177755449887, 73.46897595250121, 0.435071795301, -0.603402867043, -0.668294480732, -0.826912456206, -0.561453381222, -0.0313988930673, 0.356270013761, -0.566281803309, 0.743233877415,  
972, 2352148.0147742936, 82.50089868149553, 100.15187022550498, 78.7982626088158, 71.15416595052382, 0.244161464334, -0.31865037133, 0.915885975537, -0.821509973388, 0.433882132219, 0.369956293318, 0.515273270177, 0.842738533706, 0.15583716132,  
973, 3524362.5576294833, 94.4055057386391, 107.4953737199496, 99.33977229369738, 78.79143955676714, 0.161252480731, -0.597335401217, 0.78561317193, 0.423168021255, -0.677292993857, -0.60183305514, 0.891586486688, 0.429493444566, 0.143558064318,  
974, 2924562.456527326, 88.71371448516621, 113.1177620894978, 87.19114470815236, 70.78954278085571, -0.806032876577, -0.591844591741, -0.00556606716705, -0.581550650991, 0.793692011685, -0.178470812514, -0.110044728217, 0.140616392411, 0.983929462907,  
975, 2165562.1502131284, 80.25904990313128, 105.83079155514879, 83.24342069744334, 58.684050243118946, -0.609173389339, 0.697350730432, -0.377637048614, 0.792998559971, 0.530953387056, -0.298733634963, 0.00781444850607, 0.481446216663, 0.876440799402,  
976, 1169852.831255558, 65.36534238860598, 113.48209656484563, 86.60034979492843, 28.418138349631516, -0.381310281895, 0.0454332327709, 0.923330000748, 0.542723394537, 0.819553343718, 0.183803247583, -0.748367413737, 0.571198860433, -0.337161794835,  
977, 3622902.8555527027, 95.27728210732738, 104.5371802927533, 99.48698565033288, 83.16316816015834, -0.756992966005, 0.289788527849, 0.585648579393, 0.653350552615, 0.322335279747, 0.685005856054, -0.0097316399218, -0.90117843769, 0.433339034276,  
978, 1855663.100622218, 76.23191696691984, 102.72618905122332, 72.72560790915341, 59.29826486787085, -0.302070374121, -0.788707335207, 0.535438351697, -0.116988529492, 0.588101628998, 0.800281299255, -0.946079897813, 0.179101126069, -0.269917790438,  
979, 3398450.985144386, 93.267599778747, 104.2640503282283, 93.36892555519118, 83.34037460601537, -0.168054679992, -0.661380082517, -0.730981539426, -0.974274215158, 0.224388525303, 0.0209652901546, -0.150157844323, -0.715699780747, 0.682075102629,  
980, 2617525.4084371123, 85.49369724897554, 123.34988107898971, 106.04421918061547, 47.772345327142645, 0.644933585288, -0.594209510992, -0.480599342087, -0.730247482379, -0.664606313566, -0.158231041354, -0.22538696734, 0.453004972397, -0.86254693202,  
981, 2918260.9582833876, 88.64995209158148, 111.21336740828119, 93.55182570992052, 66.96166709790072, -0.549951281076, 0.0183654092311, 0.834994790515, -0.622925903157, 0.656940832755, -0.42472586622, -0.556342437371, -0.753718418246, -0.349845163432,  
982, 3072901.9544316195, 90.1889570572993, 103.93644298410024, 90.92792820298162, 77.6238088094778, -0.379179448566, -0.433922133515, 0.817272615368, 0.0161766857443, 0.879985857989, 0.474724345887, 0.925181744644, -0.193226477961, 0.326653130387,  
983, 2627818.0719874403, 85.60561045501605, 126.94196645878795, 73.3092752932943, 67.41282666498351, -0.693148100404, -0.408736781696, -0.593700222499, -0.24213616085, -0.643767937964, 0.725901454509, -0.678907792351, 0.646913506845, 0.347256568183,  
984, 3564678.993932682, 94.76412113333504, 110.28521915794302, 94.19042949231984, 81.92335504271344, -0.842456096899, 0.160627217544, 0.514263183381, 0.536452244184, 0.338439980345, 0.77309596391, 0.0498669680985, -0.92717704711, 0.371289656204,  
985, 1393009.866838065, 69.28223050158856, 119.78227665837612, 74.28547288676076, 37.37396096378581, -0.788814524418, -0.608609316169, 0.0858274218439, -0.609460668572, 0.792589876374, 0.018946802742, 0.0795571463291, 0.0373629247046, 0.996129847121,  
986, 3191390.762596345, 91.33357518510226, 103.47026310463457, 89.75116054172233, 82.04190724257158, 0.667274986298, 0.0531537077937, 0.742912360921, 0.693025292486, 0.321122662942, -0.645442622795, 0.272873664241, -0.9455447735, -0.177440256624,  
987, 4154518.8388192556, 99.72652995807574, 115.1960456327204, 110.3790806878376, 78.00236661135425, -0.140712444984, -0.27616463726, 0.950753964469, 0.936965306038, -0.34737507563, 0.0377699895716, 0.319837494844, 0.896138186865, 0.307636680086,  
988, 2622769.4070329666, 85.55075237986723, 100.25506687332572, 92.45890047820266, 67.54861432358796, -0.0408824205474, -0.115811424915, 0.99242951465, 0.553550034917, -0.829521956567, -0.0739978541374, 0.831811869676, 0.546334181095, 0.0980202837872,  
989, 2359734.605872751, 82.58950263819989, 110.75937665075982, 84.10923500719166, 60.47144777844314, 0.261687980928, 0.918499287865, -0.296443011098, 0.847523555349, -0.365635727586, -0.384726315504, -0.461761002864, -0.15056418201, -0.874132257344,  
990, 427174.51531063265, 46.72029489470277, 125.26383076662219, 88.60163976744822, 9.188598548095168, -0.999315291573, 0.0290599049868, 0.02290130894, 0.00546002696038, -0.496363666526, 0.868097516791, 0.0365942090309, 0.867628164869, 0.495865134276,  
991, 3139367.079799707, 90.83456976561386, 101.6605345300258, 98.2753293875956, 75.01646473971874, -0.645400649396, -0.478953091327, 0.595031039584, -0.190526381015, 0.855314315674, 0.481806101602, 0.739701088208, -0.197588860294, 0.64327361394,  
992, 1043638.1411578313, 62.9245972370436, 125.83657714249189, 93.26935917691351, 21.22831111121222, -0.250473185913, 0.0692896827994, -0.965640783623, -0.961018776616, -0.138412747052, 0.239342479401, 0.117073029049, -0.987947797867, -0.101257367921,  
993, 3014127.2925487706, 89.61024403960357, 114.61230448753106, 80.76064226113303, 77.73954084292531, 0.546456478236, 0.735642649423, -0.400268921782, 0.531298641244, 0.0649396505782, 0.844692012271, 0.647384793771, -0.674249756495, -0.355359247327,  
994, 1305307.2892914747, 67.79662135257452, 96.38289139625786, 77.86058732706068, 41.524702337003276, -0.0828433385589, -0.67201279421, 0.735891150697, -0.901867074581, -0.263615688081, -0.34226093669, 0.423996180458, -0.692030037943, -0.584227409098,  
995, 2133888.5938995196, 79.86583640812805, 122.34139462231866, 83.55829078534096, 49.83335859238601, -0.939784449319, 0.271081329775, 0.208134815601, 0.316029300582, 0.921132581534, 0.227244908438, 0.130117908038, -0.279337931338, 0.951335718936,  
996, 2945878.133836865, 88.92872297315691, 102.42935929335981, 90.30082682657931, 76.03437571104813, -0.606773208483, -0.741844674419, 0.285469354754, -0.773564111296, 0.468506520194, -0.426732007531, -0.182824613173, 0.479758397084, 0.85814162074,  
997, 1345644.6103591816, 68.48791141752974, 113.11279010110425, 60.764163299427665, 46.739335073891496, 0.500755246502, 0.429105322607, -0.751739852084, -0.49082033968, 0.856117262418, 0.1617362889, 0.712979366642, 0.287978914334, 0.639318830977,  
998, 3204507.565811708, 91.45853293022033, 118.05975570700319, 91.90928445918404, 70.5036216858591, 0.672604686435, 0.334400199802, -0.660135927032, 0.535356588247, 0.395974742662, 0.74605450645, -0.510877929849, 0.855207875049, -0.087311117549,  
999, 3167919.233973053, 91.10911550192323, 98.57996910614159, 92.09611849209561, 83.30201122141543, 0.371774916643, -0.912260108057, -0.171944486977, -0.892321716423, -0.300092592035, -0.337203782016, -0.256018291837, -0.2787937077, 0.925596403835,  
1000, 1811814.9095408926, 75.62668660657441, 131.1921093168146, 80.56723673678304, 40.92220592811727, 0.155363975229, -0.974400939514, -0.162495674635, 0.753819652328, 0.22325251697, -0.617992107904, 0.638449658912, -0.0264787224137, 0.769207975969,  
1001, 2941908.9417041657, 88.88876501383318, 114.61787452566887, 87.52369210301879, 70.01041252282126, -0.849181810957, 0.133226995196, 0.511019392676, 0.505392633739, 0.485719351154, 0.713200531181, 0.153194444097, -0.8639023554, 0.479795980217,  
1002, 3284145.722845567, 92.20998187146476, 101.8692116635181, 90.45232551588133, 85.08855093359041, 0.433431814129, -0.729895640585, 0.528572810837, -0.61633417518, 0.187823261526, 0.764757874712, -0.657471708141, -0.657247880396, -0.368451050628,  
1003, 4075986.142723323, 99.09415298463011, 114.54575170417367, 104.9377128777397, 80.95310451897862, -0.0835660289571, -0.985892153424, -0.145028895816, -0.948030310735, 0.12349319533, -0.293237038305, 0.307010176918, 0.112987134332, -0.944975480499,  
1004, 3034492.3239949886, 89.8116092098464, 114.88505617658606, 82.1498416290339, 76.75862075575937, -0.831720653474, 0.507231565815, 0.225736335634, 0.182692528008, -0.13390343324, 0.974008886395, 0.524274922913, 0.851343649302, 0.0187028339528,  
1005, 1815743.2391425597, 75.68130441854605, 127.80818873068323, 89.00231950273972, 38.107093123361715, -0.0177532011872, -0.988862839466, 0.147767075398, 0.958280138751, -0.0589964784394, -0.279675868117, 0.285278810154, 0.136637111561, 0.94865499536,  
1006, 3699012.775888208, 95.93985858972273, 105.28435601736763, 96.19403386669924, 87.19372666282705, -0.997170224922, -0.0729769243705, 0.018053006346, -0.0430955269323, 0.751672511832, 0.658127047397, -0.0615980363902, 0.655486692059, -0.752690426701,  
1007, 3737090.605474719, 96.26793868927535, 107.48101141847987, 91.39548645059172, 90.82146955703813, -0.550961537308, 0.698389273545, 0.456830173045, 0.774651598773, 0.224381750927, 0.59124253092, -0.310413087554, -0.679636117674, 0.664634081753,  
1008, 3244722.450194511, 91.83952907385876, 97.47837927741207, 93.7620636537999, 84.75268919533347, -0.663240519754, 0.747972200382, 0.0254872598042, 0.562020579435, 0.475287342545, 0.676930432399, -0.494211373046, -0.463292056345, 0.735605593562,  
1009, 3630902.7170062494, 95.34735894503527, 113.53142666484928, 97.50586269530098, 78.30314024399036, -0.225254627027, 0.846937198618, -0.481619906774, 0.251310612276, 0.528103514304, 0.811140958365, -0.941330616288, -0.0616770603873, 0.33180206609,  
1010, 2958065.855136677, 89.05119321556073, 114.42132874169612, 85.8305175997099, 71.90689083253008, -0.508942785492, 0.838676723818, -0.193903568873, -0.0540962782387, 0.1936523182, 0.979577649978, 0.859098849828, 0.509038439199, -0.0531886608378,  
1011, 2714882.6058450947, 86.54078199698861, 104.10403650682237, 88.0158726943216, 70.73492171149233, 0.239339970404, -0.70995443069, 0.662330042283, -0.934400004609, -0.353791123364, -0.0415749012792, -0.263842775065, 0.60893065892, 0.748057780304,  
1012, 3255882.16793111, 91.9446978496037, 124.51361996255334, 88.60666257370227, 70.45256860098966, 0.562321439487, -0.826474515198, -0.0271011885808, 0.510466465467, 0.321157338631, 0.797672834862, -0.650552523881, -0.462382784684, 0.602481181532,  
1013, 2200207.699555777, 80.68479321214507, 132.89008171858018, 78.22502874516717, 50.52854247591541, -0.5406944659, -0.417677508973, -0.730202022076, -0.828888549389, 0.116450627823, 0.547159048149, 0.143503544335, -0.901101964141, 0.409172314539,  
1014, 1984038.8552843549, 77.95079005685807, 107.83070048485905, 78.05537362783569, 56.275107128920226, 0.892593626239, -0.366659262124, 0.262369212936, -0.35501403196, -0.212860321963, 0.910305179841, 0.27792383041, 0.905677353605, 0.320166949665,  
1015, 3267382.4891624977, 92.05282533291582, 102.46844196902191, 95.97290393520728, 79.31815420174527, -0.230196941984, 0.680456251999, 0.695692932993, 0.945869783256, -0.0116152160474, 0.324338465001, 0.228778759993, 0.732696646554, -0.640949220379,  
1016, 3586246.0095382924, 94.95485091335296, 102.07680980915318, 94.62072808374057, 88.64170368025857, 0.500854381332, 0.774072901834, 0.387241567173, 0.428697791027, -0.610528851532, 0.665937478609, 0.751906305779, -0.167528099414, -0.637629393329,  
1017, 3665252.9173105443, 95.647093998764, 104.59548203507615, 97.63552125668764, 85.68298024831043, -0.468801437152, 0.761078986584, -0.448312378487, -0.517407555317, -0.647961362348, -0.558959296018, -0.715901274077, -0.0300807095111, 0.697553235739,  
1018, 2465792.8869164963, 83.80874333665676, 116.80479394724385, 78.8466495970745, 63.91813207220736, -0.709328988935, -0.679017211723, -0.189177196407, -0.21103099705, -0.0515002693703, 0.976121734488, -0.672546135027, 0.732313695379, -0.106763045202,  
1019, 3364896.1276594163, 92.95962241338029, 106.34901621258906, 99.38844140500352, 76.00001817629854, 0.643577782332, 0.76030550446, -0.0879953292851, 0.345611861689, -0.186103439074, 0.919737979549, -0.68290561511, 0.622335158779, 0.382542639452,  
1020, 2308777.2158364467, 81.99067708788299, 94.22425525038315, 85.91885330820325, 68.0835563321739, -0.0216443495029, 0.314078119981, 0.949150386759, 0.692723254467, -0.679831582649, 0.240756125476, 0.720878640865, 0.662709554619, -0.202854705052,  
1021, 730481.5298020003, 55.86934030612799, 144.16560867612785, 60.100467805070444, 20.12709551646464, 0.911221662927, 0.257874238502, -0.321210146366, -0.163523947941, 0.94217757442, 0.2925086951, 0.378067453587, -0.214014708317, 0.900701229688,  
1022, 3732260.3906870494, 96.22644515411332, 108.93084433859596, 101.26384255149631, 80.77520213647938, -0.780475075614, -0.624625853662, 0.0264801677134, -0.623715822392, 0.780843760883, 0.0355189243719, 0.0428629122031, -0.0112055356024, 0.999018121322,  
1023, 3574072.775561523, 94.84729015986204, 99.12577665385348, 94.0942645169147, 91.47976221790547, 0.708808190155, 0.456692496247, 0.537608513177, -0.461640712667, -0.275940207584, 0.843056851136, 0.533365542548, -0.84574757801, 0.0152391703085,  
