# Void_ID, Void_Volume, r = (a*b*c)**(1/3.0), a, b, c, vector_a, vector_b, vector_c 

6, 2058296.3289145173, 78.91140271382054, 129.4108312733306, 70.20238555610915, 54.08748565760364, 0.00473818797499, 0.977409075026, 0.211303217279, -0.986087499504, -0.0305440141358, 0.163396776354, -0.166159540494, 0.209137665804, -0.963666147504,  
8, 1649970.2535461646, 73.30425231941175, 103.40941570505147, 84.6199010237928, 45.01475679166822, 0.128916491696, 0.052783391224, 0.990249691633, 0.940073596689, -0.324371434952, -0.105094267181, 0.315661481616, 0.944455973457, -0.091437099834,  
38, 1573267.977922352, 72.15028173701407, 113.67973092524113, 81.80210254696412, 40.3893245666924, 0.551427740899, -0.815808594035, 0.174309450304, 0.536598637316, 0.50685238232, 0.674657368571, -0.638740439457, -0.278490575127, 0.717254244022,  
86, 1176342.5633161236, 65.48599048370147, 109.31369973216695, 75.03875062381346, 34.236157382529626, -0.969351170841, 0.088203427103, 0.229299941206, 0.0689363415069, -0.798183831495, 0.59845664167, 0.235809432401, 0.595921745355, 0.767640010033,  
89, 941998.8728158496, 60.811715905540915, 97.65037523963841, 76.55962671593433, 30.08070773498928, -0.432025771725, -0.279310519302, 0.857519309621, -0.0934838727291, 0.959580137156, 0.265455694825, 0.897003064713, -0.0345194754125, 0.440674378325,  
125, 1548755.5639086994, 71.77360442315167, 102.78861154942817, 83.3327505406455, 43.16517976091054, -0.168867767789, -0.823564540766, 0.541502653913, -0.880539204102, -0.120800735504, -0.458320730866, 0.44287062111, -0.554209914648, -0.704781514701,  
126, 1308145.2537321788, 67.84571965818144, 135.02997110655656, 91.04708281275099, 25.4021894347919, 0.31964774319, 0.499597933788, -0.805125595686, 0.836786811041, 0.249800440509, 0.487224355702, -0.444537009868, 0.829458645429, 0.33820881476,  
181, 2320345.363162906, 82.12738733399448, 97.19073293408003, 80.69011601271531, 70.63481698328403, -0.973101408175, -0.0620650627429, 0.221859364001, -0.222483990021, 0.503101465052, -0.835098670845, 0.0597873196618, 0.861995849091, 0.503377226897,  
227, 2579076.135776604, 85.07302022566734, 115.42055562177971, 86.06086534084508, 61.985011258862905, 0.247039353015, 0.450130367309, 0.858110838114, -0.810812423095, 0.580944935913, -0.0713175714055, -0.530617350467, -0.678148681236, 0.508487554932,  
256, 3398999.2620952656, 93.27261517406671, 126.42751306463964, 103.68928175950977, 61.899479867254456, -0.897603780868, -0.080746287204, -0.433344539223, -0.416933882897, -0.163590793171, 0.89409406087, 0.143085952714, -0.983218230858, -0.113173851412,  
261, 1281807.7507678152, 67.38730601825117, 148.50909113278445, 77.2832136535662, 26.66220546145278, -0.538190573626, 0.842508067813, -0.0230447853302, 0.832122694116, 0.535502166211, 0.144254122717, -0.133875794669, -0.0584601201988, 0.989272301213,  
272, 1143665.650778524, 64.87392226522545, 121.81406518801921, 53.63964400398455, 41.78564830657944, 0.35843810992, 0.510420792803, -0.781660243092, -0.424256338782, 0.834900347149, 0.350639372196, 0.831582034654, 0.205941799072, 0.515809359197,  
273, 1944422.886831277, 77.42847488215608, 133.00457639619543, 107.1165270094676, 32.582098130362866, -0.368948300927, 0.410728121593, 0.833774286828, 0.928183302329, 0.116001228709, 0.353580927392, -0.0485067884009, -0.904348453347, 0.424029440498,  
278, 3150502.9987613233, 90.94184539468525, 132.25370808160883, 105.82868451927712, 53.7378185788489, 0.262386397056, -0.334570811148, 0.905105381139, -0.532190145552, 0.732248286756, 0.424954227559, -0.804939145288, -0.593190373212, 0.0140767010296,  
281, 933549.117162819, 60.629341928855425, 135.8827092425394, 57.875585391637415, 28.339290246365877, 0.591084537244, -0.756876833357, -0.278848577114, -0.721212681432, -0.341109650283, -0.602906688157, -0.361208164321, -0.557477950784, 0.747493810287,  
314, 1384669.7511417614, 69.14368665599048, 105.25652781017239, 71.18045873004243, 44.12124651160959, 0.45157481336, -0.11401549273, 0.884918445596, -0.534070130918, -0.829039044467, 0.165720722936, 0.714737212687, -0.547443814621, -0.435265420902,  
317, 884174.6143122142, 59.54104840050999, 128.29876646549437, 70.61726677820488, 23.297860857560448, -0.697014830119, -0.587485150906, -0.411134435507, -0.713947681434, 0.515254100639, 0.474122262659, 0.0667010852169, -0.623998725351, 0.778573410792,  
348, 1754787.379040449, 74.82475398780856, 125.93907654241116, 73.88432444087866, 45.02182356204909, -0.855888987215, -0.475851024115, -0.202533563671, -0.117832071001, -0.201892850195, 0.972293618247, -0.503556992413, 0.856040349451, 0.11672735542,  
352, 698290.7200765164, 55.03629887271522, 109.7407053786213, 53.877061775137044, 28.195253960339144, -0.550658554471, 0.652719147563, -0.520319969627, -0.251204597263, 0.464860856275, 0.848999784816, 0.796034802444, 0.598215762671, -0.0920135565577,  
378, 2625814.929234293, 85.58385300654565, 139.4194524438426, 76.58732111243653, 58.707725131244, -0.93763879733, 0.0671252099033, -0.34106845638, 0.340767318265, 0.371236034398, -0.863748482816, -0.068637602992, 0.926109071848, 0.370959386585,  
396, 1529289.026406009, 71.47162464465545, 109.60985039334771, 84.92895244807997, 39.21891824611369, 0.43904674399, 0.848488247314, -0.295475296366, 0.583418376909, -0.519337055241, -0.624429355922, -0.683272240089, 0.101767957746, -0.723036879211,  
401, 793680.6545384865, 57.43620388694301, 130.36130556977167, 104.24217510182068, 13.943282273057985, -0.283481464605, 0.955094607602, 0.0862122366909, 0.957988135019, 0.277959193635, 0.0706924312489, -0.043554476092, -0.10263029379, 0.993765581216,  
438, 2499915.674506198, 84.19356840484699, 117.53799853753812, 81.64293535846903, 62.192762562380665, -0.554352474859, 0.679031434238, 0.48125839726, 0.78458186465, 0.619301883076, 0.029941197056, 0.27771321769, -0.394184587389, 0.876067280399,  
446, 1760985.2822338133, 74.91274406958814, 139.07509282059502, 65.29959559110235, 46.292140958959145, -0.472799965345, 0.879718081173, 0.0505597708394, 0.827120641236, 0.462854382043, -0.318806000359, 0.30386121439, 0.108912435844, 0.946470519196,  
489, 600738.8986099628, 52.34385628462904, 134.60702055244673, 87.11421042508947, 12.230393451330485, -0.393368833382, 0.628993344102, 0.670543312545, 0.912520819495, 0.17818509417, 0.368179068124, -0.112101359997, -0.756714903574, 0.644061984436,  
502, 1264569.118297853, 67.08385128532595, 98.9845672925261, 56.252535490265075, 54.218109614811425, -0.76921942023, 0.596673511085, 0.228653022524, -0.0732381112334, -0.437806962181, 0.896081047076, 0.634773709761, 0.672536828014, 0.380468858597,  
504, 3336169.6433911608, 92.69433056371479, 113.48918329913732, 96.16029755462469, 72.98090554079077, -0.532677321603, -0.845580764831, -0.0353276265547, -0.84266780738, 0.533790282026, -0.0705613294962, -0.0785228467048, 0.007816966396, 0.99688166679,  
511, 2134163.2968148226, 79.86926339689406, 131.563241539372, 68.65147300322073, 56.40980676068963, -0.162948277404, 0.146702296675, 0.975667102572, 0.936361435571, -0.288640914941, 0.199784093956, -0.310926230587, -0.946131522766, 0.090332833238,  
528, 3531097.234005391, 94.46560038673066, 127.38938580030766, 107.38707514004675, 61.622002865958194, -0.665779736036, 0.746123948443, -0.0060329631856, -0.586315863387, -0.518145109407, 0.622703263151, -0.46148786704, -0.418120436188, -0.782434821194,  
536, 759053.1829506585, 56.58845873428207, 113.42619839232621, 49.82119808319965, 32.06683173349457, -0.261793756734, -0.81093592046, -0.52330389053, -0.930415963002, 0.356160541201, -0.0864627358014, -0.256495935106, -0.464254888827, 0.847748331449,  
563, 593728.5005043752, 52.13944801727301, 115.19037569644874, 86.29940039868252, 14.258548406564017, 0.704647383081, -0.254878542235, 0.662200116449, -0.649767476738, 0.143178503407, 0.746526719104, 0.285086463534, 0.956314197777, 0.064721429523,  
642, 1217240.6553382296, 66.23628202267763, 80.50431722291229, 61.90898465468894, 58.30623349856045, -0.53100010145, -0.328744972934, 0.781002967364, -0.832981897876, 0.0333726646, -0.552292877981, -0.155499357142, 0.943828908239, 0.29155949976,  
741, 223430.5202812739, 37.64303479749927, 98.2591656551752, 54.88350967326953, 9.890971254491745, -0.713245949061, 0.601794655463, -0.359337458114, 0.678960429149, 0.465897727537, -0.567408180348, 0.174048705246, 0.648677500868, 0.740894424375,  
766, 1863219.2058891463, 76.33524684447843, 131.35577657529365, 93.33819269243496, 36.27995829967206, 0.0508580890453, -0.851804758933, 0.521384797858, -0.967986897788, -0.170528790853, -0.184177352573, 0.245794264557, -0.495326744835, -0.833208614551,  
799, 622710.5330092969, 52.97437816571537, 104.44943090139988, 47.43351956793354, 30.00586658442973, -0.758567970236, -0.308395093627, -0.573992247996, 0.246697415871, -0.951257580457, 0.185065935889, -0.603087903655, -0.00121731296349, 0.797673804643,  
826, 2745521.6727184677, 86.86511967795896, 116.98848889461605, 85.50466651742985, 65.5244400269914, 0.101522101513, 0.933802200952, 0.343084118551, -0.819783238474, -0.116850969867, 0.560625804577, 0.563603322223, -0.338170519618, 0.753652436366,  
838, 1467431.9898334274, 70.49469854337283, 91.8031067344267, 76.96029556053655, 49.58442343713557, -0.759072025703, 0.00221276769447, 0.651002890511, 0.556552529321, -0.516566508554, 0.650698335903, -0.337726134467, -0.856244209265, -0.390879664601,  
880, 2508384.4101146194, 84.2885328675138, 135.9608985978938, 83.35966240490208, 52.83667870699457, 0.671287415457, -0.207109568897, 0.711673262333, -0.677114517535, -0.561900854774, 0.475166665023, -0.301478251277, 0.800857700141, 0.517433868365,  
885, 1398853.4360297665, 69.37897322643781, 117.60992541572513, 59.46153923043709, 47.75331032604393, -0.4934799075, -0.107151676702, -0.863131565333, -0.866309093247, 0.148832690507, 0.476820076332, -0.0773701224655, -0.983039850879, 0.166272414228,  
888, 322022.86567810946, 42.520598327304164, 111.15350133834166, 44.874438259550956, 15.412600749769656, -0.854145596833, -0.34230066109, 0.391491451795, -0.0355530071563, 0.789494914912, 0.612726499354, -0.51881719622, 0.509438943098, -0.686513423147,  
920, 1135859.193108815, 64.72597920256167, 132.6892242809993, 53.75459144927806, 38.01759741677715, -0.310111212697, 0.655073722609, 0.688991620927, 0.939548525764, 0.321850730148, 0.116878891331, 0.145188165823, -0.683586516434, 0.715283070577,  
923, 2794883.1923492327, 87.38261104605981, 104.75587333629596, 87.69532168804582, 72.63070258265007, 0.1805481275, -0.983037270643, 0.0322505532263, 0.817956601447, 0.131858033781, -0.559964692706, 0.546213668637, 0.127480129646, 0.827888546085,  
939, 1875505.784939413, 76.50267122720452, 107.6419789590077, 75.12771075101216, 55.36661465776245, 0.653394740344, -0.395989211979, -0.645188233996, 0.286010344632, -0.659977287333, 0.694714375098, -0.700908978437, -0.638453227889, -0.317968677301,  
954, 1356672.1850053268, 68.67448910725622, 136.07744112069054, 70.55274047570184, 33.735433101458625, 0.281210047878, 0.958263561899, -0.0514961640222, 0.79293855399, -0.201798805033, 0.574913638631, -0.540526926775, 0.202504785681, 0.816591974739,  
956, 1994029.7976919904, 78.081415562984, 145.36954610686448, 92.26620359490687, 35.49171200028173, -0.0830803592747, 0.904803895096, 0.417645262541, -0.81183541878, -0.304504795038, 0.498196831195, 0.577945418458, -0.297668844891, 0.759850216862,  
1004, 1161467.241557239, 65.2087865556052, 166.31636391949917, 103.69658619655998, 16.07751469236839, 0.0440407480219, 0.787602522199, 0.614607744452, -0.384391882462, -0.554483646851, 0.73809942831, 0.922118914897, -0.268756678803, 0.278328141567,  
1051, 1416146.7054989354, 69.66370137405808, 167.03874798626026, 52.6408329397393, 38.448522764237865, 0.702922437449, -0.616044050693, -0.35551339572, -0.437087122809, -0.768447825059, 0.467378633697, -0.561119322431, -0.173140601155, -0.809424139884,  
1066, 1983444.3885772864, 77.94300395625814, 125.05401873133522, 78.53509624754184, 48.213647232830624, 0.635646303414, 0.607190455903, -0.47673213361, 0.57876115461, -0.783494306077, -0.226212727891, 0.510871121587, 0.132122755819, 0.84944350873,  
1086, 2191564.8395771394, 80.57900585469145, 120.64131241427904, 81.5398331066975, 53.186307923379076, -0.908092950989, -0.215720736256, -0.358931408925, -0.042678546078, -0.804974399861, 0.591772555357, -0.416588206828, 0.552703156783, 0.721784930858,  
1087, 708459.9023071288, 55.30217623485669, 111.72472136981561, 73.04266471882566, 20.72529766383187, -0.820609036866, -0.233368135814, 0.521670510763, -0.0838606124835, 0.952116080719, 0.294010827199, -0.565303640787, 0.197520333189, -0.800885454787,  
1104, 2501791.4207149046, 84.21462061956937, 127.3020468079203, 75.62307816822242, 62.04013757230083, -0.324472346309, 0.0904270127818, 0.941562877263, -0.119736532169, -0.991339042376, 0.0539450268812, 0.938286128718, -0.0952358042986, 0.332489521992,  
1108, 1458941.1550378986, 70.35847030553423, 154.68106002185888, 59.79927073113195, 37.654435291388715, -0.651173325431, -0.667499679823, -0.361133600878, 0.236262090084, -0.630495870549, 0.739361333862, -0.721216697697, 0.396130199122, 0.568266962181,  
1131, 797779.4375546149, 57.53490623833222, 133.7365446803289, 83.57873895626736, 17.039165320269603, -0.872941807406, -0.344757014761, -0.34513070228, 0.0771564186669, -0.796160490548, 0.600146115833, -0.481684012545, 0.497263586103, 0.721601994173,  
1135, 1249465.2244103886, 66.81569978533885, 92.66611777439918, 66.13029823857757, 48.67591385441163, -0.620943411107, 0.755115792304, -0.210307918103, 0.170631584627, 0.392078092249, 0.903968822419, 0.765058260874, 0.525428310802, -0.372304912239,  
1169, 1940646.1526606989, 77.37831153131647, 109.53283401056903, 92.0237922344829, 45.96352156888383, 0.310680517876, -0.683907658671, 0.660112058838, 0.719503821406, 0.623023320556, 0.306848811348, -0.621121458971, 0.379621201271, 0.685635381781,  
1180, 2350590.664179591, 82.48268679045073, 149.5588841913357, 89.60508257708936, 41.87391208136901, -0.854987228626, -0.184046726052, 0.484895495459, -0.0766384478939, 0.969488989529, 0.232846832673, -0.512955541145, 0.161919429999, -0.843005759766,  
1190, 2547978.5930516147, 84.72971037176269, 133.7804843856256, 82.63313343654309, 55.025016326987384, -0.135819798669, -0.792079141406, 0.595116472667, -0.569710587788, -0.428992700119, -0.700995798423, 0.810544772639, -0.434253263655, -0.392990171064,  
1203, 1940091.3431055124, 77.37093695691037, 109.88174227167731, 77.93711678886913, 54.08336389211854, -0.374800650391, 0.644781955199, 0.666168674374, 0.919440501819, 0.350716910254, 0.177839288336, 0.11896905514, -0.679156741196, 0.724287570518,  
1251, 290851.85326644906, 41.10182211858691, 132.10590240048455, 62.272377949508176, 8.440449075594065, 0.417970003411, 0.064513332156, 0.906167261725, -0.695197318509, 0.664824853902, 0.273328743406, 0.584809169376, 0.744208266286, -0.322726341976,  
1254, 524560.4979536099, 50.03059384985491, 120.61797873126949, 52.479796832828875, 19.783484274182637, -0.883630760723, 0.397797905025, -0.246887637321, -0.0222211232166, 0.491101504294, 0.870818887119, 0.467656819032, 0.774968476286, -0.425112879569,  
1287, 1529066.7266244383, 71.46816140211254, 123.04536959721176, 72.68178340039897, 40.81755422727249, -0.641623601097, -0.760900680031, -0.0966918282208, -0.764823653684, 0.644215008929, 0.00563924077445, -0.0579994248405, -0.0775704673143, 0.995298392101,  
1293, 911099.2037195133, 60.1393900780913, 108.39261378743575, 73.26046281647935, 27.390988829022692, 0.656999179179, 0.671119919314, 0.343438688063, 0.358302041029, -0.678784437233, 0.640992461083, 0.663303645363, -0.29807673789, -0.686424454967,  
1336, 876176.5349594981, 59.36097190257069, 120.47638480061794, 74.4588899396003, 23.317636325363388, -0.175519720527, -0.7714232252, 0.611636358737, -0.100449169435, 0.632071851756, 0.768371745041, -0.97933793558, 0.073426029719, -0.188429897028,  
1349, 1287104.607211689, 67.48000071586182, 104.86696285775898, 82.82265029621483, 35.37833758369058, 0.0422475494233, 0.371229328414, 0.927579608601, -0.725391979744, -0.627025156595, 0.283982268319, 0.687038296088, -0.684856363569, 0.242796501185,  
1353, 1775520.0776832416, 75.11828419079441, 108.3844785706567, 79.0258602949789, 49.48808554997191, 0.360501919167, 0.665712114582, -0.653349635935, -0.538806352931, 0.72039024466, 0.436721432312, 0.761397452267, 0.194590020037, 0.618391982309,  
1356, 1103511.740763756, 64.10562169064589, 116.15445268684898, 77.56700873139519, 29.239870329412177, -0.27717589793, -0.109019102195, 0.954614245108, -0.945970237216, -0.1430342022, -0.291000906016, -0.16826714447, 0.983695101318, 0.0634831925347,  
1383, 2449316.3467213404, 83.62165472629388, 130.82832480208998, 98.98442733626374, 45.1531045792194, -0.0196127818304, -0.889238947152, 0.457022355752, -0.481481601838, -0.39221338798, -0.783801075133, 0.87623672936, -0.235420375408, -0.420459797082,  
1405, 2172244.451480586, 80.34151724408144, 124.68503453706062, 88.85042709937571, 46.81081878425769, 0.308787323463, -0.943614166159, 0.119342759703, -0.455619465599, -0.0366076392277, 0.889421600433, -0.834901965165, -0.329016999827, -0.441232957053,  
1413, 1927270.2385748695, 77.20012470754406, 151.66320314608637, 91.32895795875221, 33.217372681520594, 0.190483769722, 0.176643507965, 0.965667129277, -0.255547317329, 0.958687103497, -0.124958417862, -0.94784571639, -0.222971093826, 0.227755108042,  
1414, 2179155.981549273, 80.42663579932565, 129.32590418061903, 79.888294611118, 50.35365901452123, -0.509275448722, -0.733496485259, 0.450134894716, 0.00827268986407, 0.518848960113, 0.85482589993, -0.860563815142, 0.439065670148, -0.258169048042,  
1419, 1124952.1549125866, 64.51813638128556, 129.67164905115152, 79.3366958512289, 26.105156396315305, 0.558328368846, 0.739416483261, -0.376208315728, 0.557759593896, 0.00113679476588, 0.830001772959, 0.614144663706, -0.673247333437, -0.411781932656,  
1420, 1451478.7837536845, 70.23830581489207, 87.08905811681693, 73.69607754002573, 53.9900980268404, 0.343696317872, 0.909276208553, 0.234711775676, 0.668543322531, -0.0613925837409, -0.741134789738, -0.659486669297, 0.411640288628, -0.628990942541,  
1441, 2374047.997741346, 82.75615326949179, 114.61486950538573, 97.97912581362907, 50.469193096225936, -0.858565063367, -0.325071090403, 0.396478017234, -0.491796324695, 0.740742928497, -0.457642096947, 0.144922072101, 0.587901947663, 0.795844766869,  
1466, 2205100.8923300435, 80.7445624071782, 88.8327758869005, 83.07057626866968, 71.33774861982283, 0.87142856793, 0.450827331645, 0.193305375086, -0.342212319105, 0.276417959891, 0.8980444533, -0.351429907163, 0.84873307258, -0.395157173616,  
1487, 1335030.6152929128, 68.30736596765517, 134.1572304962545, 62.4687146374632, 38.02996814938633, 0.64391154837, 0.436882435807, -0.62810162805, 0.649446137177, 0.121889612483, 0.750574871199, -0.404472042028, 0.891222003573, 0.205245481231,  
1508, 1964125.4298583248, 77.68912016985246, 104.66639579178839, 77.89539799242337, 57.51240637018585, 0.0932390915812, 0.949080386126, 0.300920076552, -0.979835407044, 0.0338232233931, 0.196922737801, 0.176717421057, -0.31321304288, 0.93309621308,  
1521, 2090058.032578636, 79.31522828098355, 116.24476482707801, 95.03943984635481, 45.164006832762546, 0.094359442322, -0.388165449688, 0.916746354949, -0.311833682945, -0.886038897418, -0.343066795892, 0.945439606652, -0.25350080065, -0.204649198004,  
1531, 688873.1327202503, 54.78776015036607, 136.94389316571895, 51.652297403043235, 23.24975198025653, -0.319197438537, -0.742910523489, 0.588385034922, -0.0611161702428, 0.63570802617, 0.769506412707, -0.945715501071, 0.209664635911, -0.248320219639,  
1564, 2385860.613783088, 82.89318360238802, 113.68348250405946, 81.4069955668474, 61.54564999086822, 0.307942956551, -0.947076718385, -0.0906467043219, -0.826796730443, -0.313532914033, 0.467016357686, 0.470721044823, 0.068867999185, 0.879590186763,  
1578, 504914.7210700965, 49.3980502854632, 107.5676198493951, 78.79794763875826, 14.221092410280471, -0.850244481153, -0.102206587605, -0.516370153784, -0.265829279513, 0.930060149124, 0.25361962299, -0.454333706017, -0.352904990701, 0.817948012477,  
1580, 2884573.3120883903, 88.3075136812789, 132.1817870130833, 92.00066626497483, 56.6278900778038, -0.824245760804, -0.207876765973, -0.526693626282, -0.518665398803, 0.650356710854, 0.554997615068, -0.227167625073, -0.730632191199, 0.643872247657,  
1615, 3396152.0591513836, 93.24656434460832, 129.27418264194995, 93.76984011304539, 66.88420075275641, 0.300739642079, -0.862708711996, -0.406557924444, 0.669668593519, -0.112499320945, 0.734089829409, -0.679043181644, -0.493028985997, 0.543895924264,  
1626, 484352.05283152254, 48.7181563833937, 84.05343251691781, 48.36079432084406, 28.446160519425025, -0.407409255666, -0.287962199739, -0.866657642855, -0.160314197198, -0.911699290602, 0.378290578382, -0.899064545277, 0.293056607224, 0.3252703005,  
1648, 1915654.5873202635, 77.04471711032775, 109.01830087228724, 91.98130235791794, 45.60680317116901, 0.239660305185, -0.6814144858, 0.691546988036, -0.313079983964, 0.620008216878, 0.719423890794, -0.918990675556, -0.38892686915, -0.0647458778127,  
1656, 3147370.4636279116, 90.91169433668634, 120.6866101026933, 108.52848669275366, 57.36624448417324, -0.960789015237, -0.142111627578, 0.238094001409, 0.0389970244149, 0.780886070868, 0.623455031586, 0.274524498518, -0.608293703428, 0.744724828432,  
1674, 1407076.7319393905, 69.51465804016657, 117.17711849572561, 75.99064906935747, 37.72473554656001, 0.311997203585, -0.656606425412, 0.68667732383, 0.482589047057, 0.732098248445, 0.48077018032, -0.818392055567, 0.181384003516, 0.545283675395,  
1681, 1232204.581808399, 66.506598560779, 114.67868363366502, 59.02695972263133, 43.457135493178725, 0.666749741532, -0.32501187492, 0.670680298897, 0.319437364316, 0.93767613825, 0.136832854369, -0.673353215219, 0.123007076695, 0.729016259515,  
1721, 623590.9740771594, 52.99933296749268, 115.44740103128196, 64.58682563561082, 19.965634237773443, 0.315522878311, -0.938219583703, 0.142089148138, -0.484520728871, -0.0305434353817, 0.874246396532, -0.815895199494, -0.344689877007, -0.464223989182,  
1732, 3067223.5807395563, 90.13336982157428, 142.71846390329733, 92.56297859413952, 55.42929323151297, 0.102877599447, 0.957460346067, 0.269603199613, -0.709517595848, -0.11932511908, 0.694511552919, 0.697137705703, -0.262737895375, 0.667059081057,  
1734, 1135635.0278163527, 64.72172096564384, 94.18156786765233, 67.31773873893201, 42.761677618461256, 0.418487447739, 0.88116349093, -0.220043537367, 0.865491784676, -0.460357159653, -0.19747216567, 0.275303880726, 0.107806251252, 0.955293455148,  
1742, 182730.14220035187, 35.2025286779446, 92.36220017267834, 50.9404494457329, 9.271810370044735, 0.546158603937, 0.820545897116, 0.16856811701, 0.427328050742, -0.445992057539, 0.786436152311, 0.720486999463, -0.357484986172, -0.594224678271,  
1773, 2161982.983630584, 80.2148090558761, 113.70501118320466, 87.97621326818796, 51.59632765627576, 0.784126876444, 0.156600042105, 0.600517667059, -0.394827669366, -0.620673914898, 0.677403131723, -0.47880701033, 0.768270992669, 0.424857068533,  
1784, 930880.6826359784, 60.571519646310875, 106.50764403556846, 52.77059244195774, 39.53963543448284, -0.669869177556, 0.379920062953, 0.637915378969, 0.0109159627932, -0.854037196182, 0.52009740366, 0.742398899997, 0.355360680581, 0.567946000938,  
1833, 1746434.2048358936, 74.70583766506995, 113.58118376309392, 90.40278016670656, 40.60461921786767, -0.648204076619, -0.671782044805, 0.358525256198, -0.743701340905, 0.659628348983, -0.108622082258, 0.163523058285, 0.337044990313, 0.927178992382,  
1873, 1973266.2264365284, 77.80945220792817, 145.8755911650998, 74.88918828117049, 43.12164511571636, 0.695451102104, 0.717913730745, 0.0307837585436, 0.590400020969, -0.546457603921, -0.593979715443, 0.409604174567, -0.431258579422, 0.803890824585,  
1879, 998320.7162727611, 62.000304818027665, 115.50897336544901, 71.08727977121256, 29.025108661749872, 0.0585503278541, 0.824280778076, 0.563145680976, -0.385697938245, -0.501630209661, 0.774341160722, 0.920765420475, -0.262542056915, 0.288552783401,  
1892, 1644586.7412284291, 73.2244399050931, 119.3671816333104, 88.91257862149399, 36.9930406488138, -0.72943094274, -0.68087774008, 0.0658483320793, -0.100360442036, 0.201740999347, 0.974283506407, 0.676652260358, -0.70406396886, 0.21548931831,  
1897, 1900060.1012918144, 76.83508505824022, 106.48720865720628, 76.70719289338696, 55.53224053401942, -0.0648268453866, 0.0945509685311, 0.99340706383, -0.85828439232, -0.513124236623, -0.00717075236188, 0.509063239702, -0.853090635361, 0.114415846121,  
1900, 3406203.494326541, 93.3384662619346, 127.61549779448566, 98.21686733849742, 64.87725763076948, -0.55892295823, -0.340546028981, 0.756064500495, 0.0352177983926, 0.901206896779, 0.431955826301, -0.828471383597, 0.268056955411, -0.491711943333,  
1902, 1739746.735691749, 74.61036083087558, 137.49301492598147, 72.65322964904716, 41.577834006676035, 0.724485410661, -0.463598947233, 0.510094996901, -0.482380183639, -0.869618431826, -0.105228995338, -0.492372062745, 0.169822846378, 0.853656812001,  
1929, 2475505.0631949687, 83.91863347290591, 109.83979254815922, 86.61093995340941, 62.12161729914669, 0.669602970411, 0.0707645009916, -0.739340413758, -0.618746545468, 0.603781184733, -0.502594263232, -0.410833998702, -0.794002938509, -0.448078965306,  
1948, 82106.21364874189, 26.962643647921883, 122.15458257424795, 105.25989178877974, 1.5244554332514588, 0.505469699451, 0.862700513725, -0.0157545725073, 0.153105819399, -0.0717080508366, 0.985604668978, -0.849151924571, 0.500605412539, 0.168330715955,  
1960, 888422.9856993437, 59.63625901581331, 120.54757015077946, 51.74409807673221, 34.002581854475835, 0.166415481183, 0.95701242326, -0.237556539265, 0.50252087604, 0.124971063713, 0.855485243811, 0.848397699647, -0.261743108714, -0.460121601616,  
1962, 894250.863439433, 59.766375574554644, 109.71688917784066, 62.706355552426274, 31.030281307914997, 0.727792701885, -0.580768493444, -0.364726939101, -0.566267065398, -0.808914563232, 0.158110214838, 0.386858363912, -0.0914613930242, 0.917592186027,  
1965, 394966.49105512886, 45.51527951363151, 94.77210327576337, 38.83117785787803, 25.621854418100437, -0.044411487027, 0.461675847043, 0.885936246057, 0.190058191472, -0.866710338883, 0.461184423336, 0.980767813335, 0.188861326719, -0.0492533815637,  
1983, 2894531.3983569504, 88.4090149849035, 133.32202696639803, 74.50146580289343, 69.57014848392299, -0.533730606538, -0.832423849602, -0.149003940413, -0.837970443375, 0.544305273704, -0.0392084818388, -0.113741705959, -0.103934131219, 0.988058966203,  
1988, 2697964.585682896, 86.36064523498665, 124.74253880419263, 83.63646279412684, 61.735845387708025, 0.943776119401, 0.0129122588437, 0.330333028956, -0.222778383599, 0.763108647301, 0.606658869725, -0.24424665453, -0.64614121211, 0.723080289985,  
1990, 1891852.271571586, 76.72428863882183, 131.90039025870902, 61.93964891491977, 55.28200572598627, -0.868186676041, 0.495164631949, 0.0326172164914, -0.218849669287, -0.441049459057, 0.870390829983, 0.445372560669, 0.748523454498, 0.491279879773,  
2007, 3004834.6692681634, 89.51805909552752, 137.83709210749646, 102.14903947625872, 50.94852114271233, 0.214961282497, -0.430708341866, -0.876516954356, 0.0507877920122, -0.891353723325, 0.450454370715, 0.97530110592, 0.141346610008, 0.16973181384,  
2010, 2887920.0326403915, 88.34165233494637, 113.77621106935703, 87.96222956661416, 68.8888378379067, 0.283225453189, 0.905200314839, 0.316852856513, 0.877133715922, -0.110882255381, -0.467270339135, 0.387839898746, -0.410265176997, 0.82538639284,  
2020, 1503171.9032596678, 71.06242331857699, 107.73252619308333, 81.06622765773035, 41.089724800262786, 0.674007270282, -0.111607521662, -0.730245137413, -0.62419649694, 0.442639909979, -0.643776858315, -0.395085981547, -0.889726739624, -0.228677493389,  
2022, 2032467.6987709028, 78.57993784906095, 96.15992426457929, 79.9767948592841, 63.09238356651889, -0.449543325702, 0.589590583272, 0.671039300216, 0.165182879001, -0.683400370859, 0.711110785739, 0.877852729563, 0.430519311096, 0.209827805526,  
2025, 2169695.6533779427, 80.31008210038117, 104.82155554417903, 97.36825441972348, 50.75072200547627, -0.658645203038, -0.751976371798, 0.0267961335458, 0.0765592368629, -0.031545221631, 0.996565894582, 0.748548715693, -0.658434837513, -0.0783478460698,  
2028, 1314582.2756321367, 67.95682098032118, 109.3513926972152, 54.91858511692404, 52.25832731411309, -0.501840855676, 0.0349010980946, -0.864255557648, 0.838383133222, -0.226156523146, -0.49595055093, 0.212766250855, 0.973465531177, -0.0842340911188,  
2036, 2484125.3228444248, 84.01592841296322, 121.48384836445797, 84.70367644552404, 57.63205305689317, 0.063334616105, -0.199207150096, 0.977908603988, -0.266091812838, -0.947774840657, -0.175835145968, 0.961864789637, -0.249077021758, -0.113034347387,  
2040, 1100419.4043180405, 64.04568527669966, 142.0506800208435, 72.15598868421496, 25.630314291670945, -0.720279964788, 0.660197287316, -0.212923258815, 0.68703294736, 0.721339175964, -0.0874958425401, -0.0958253701608, 0.209306796449, 0.973143444408,  
2048, 1257575.7971308585, 66.95996023342887, 101.19382664763903, 62.98425340079978, 47.104191768423284, 0.376229266871, 0.434008314321, 0.818589226566, 0.685588022106, -0.724700180544, 0.0691282305914, -0.623233987115, -0.535206905243, 0.57020431942,  
2051, 2208533.8183738207, 80.78644203155139, 151.47384288260253, 67.79490964194316, 51.34293776291006, -0.89225209884, -0.228581929196, -0.389405307823, 0.170257043982, -0.969056168755, 0.178725154279, -0.418208956253, 0.0931688974004, 0.903560084038,  
2057, 1528396.137325478, 71.45771215415955, 96.0116925996182, 62.75412156849461, 60.5593132334753, -0.417504750662, 0.774541933102, 0.475157423431, -0.389040318943, -0.624927072506, 0.676841033246, 0.821180499897, 0.0977289512633, 0.562238062277,  
2068, 2845930.441413246, 87.91140559303976, 114.51422107498624, 81.1429855466795, 73.11816194317062, 0.354631070767, 0.654745302885, -0.667491866615, -0.645802225359, 0.687770346487, 0.331528937222, 0.676148126795, 0.313497270872, 0.666740708062,  
2080, 2555529.3509411607, 84.81332470488954, 110.18327261931556, 92.00563239356653, 60.18138548554394, 0.812947265676, -0.459419711835, -0.357841126211, -0.532756680965, -0.834862932496, -0.138470945798, 0.23513200998, -0.303211827475, 0.923458459034,  
2097, 850739.7712700642, 58.78087441437758, 119.34531802936706, 69.44483581794958, 24.505455825927314, 0.378035166622, 0.858555921594, -0.346368506498, 0.819770187831, -0.48428268706, -0.30569121374, 0.430193272776, 0.168380546709, 0.886894435403,  
2099, 2105953.479209173, 79.51579181863258, 121.98263617439027, 84.11844123311658, 48.99716282659176, -0.897392320095, -0.293570892321, 0.329398170937, -0.413399060117, 0.820361732739, -0.395104852606, 0.154234370131, 0.49073695463, 0.857548249623,  
2104, 3641461.6312221247, 95.43969505007007, 132.96745634561915, 112.33193379438963, 58.20208365911668, -0.192560118948, -0.195395238708, 0.961634702619, -0.877009531261, -0.405342411771, -0.257976377401, 0.440198685446, -0.893038761706, -0.0933107036846,  
2119, 2433283.3217125605, 83.43879497210706, 96.40837295486051, 87.51523213964632, 68.85027312922028, -0.505157459734, 0.629757693681, -0.590102692863, -0.819556965363, -0.564321090813, 0.0993382453476, -0.270448371044, 0.53380422789, 0.801193313057,  
2130, 1098016.1315630812, 63.99902687317214, 105.28196903911633, 68.39462175696438, 36.40358547594175, -0.865552466283, 0.38841305609, -0.316155382637, 0.0889468421445, 0.740464035504, 0.666184262346, 0.492856355731, 0.54849640836, -0.675458586911,  
2133, 1262026.2428231423, 67.03885562969324, 91.92536194780986, 69.44120002000692, 47.1983928391755, -0.657131178165, 0.681758126048, -0.321534558409, 0.748879672832, 0.541943866908, -0.381413267651, 0.0857779126742, 0.491429244845, 0.866683014146,  
2139, 1850397.7663496786, 76.15974748002144, 106.48191066078647, 76.53381157223298, 54.205993427948215, -0.512320579522, -0.818441955258, -0.260154549588, -0.0595819967149, -0.26832605829, 0.961483807513, -0.856724932208, 0.508088468985, 0.0887045557945,  
2146, 1404581.2225778948, 69.47353800459379, 123.51226983241574, 76.70752486918057, 35.39241325786661, 0.248518480392, -0.314291765021, -0.916220088922, -0.848831079641, 0.384994857427, -0.362304786045, -0.466609433187, -0.867755522135, 0.171102281298,  
2147, 128892.81728594705, 31.33622684037832, 125.54910740042831, 45.81351724270903, 5.349742056354472, -0.0970394102123, 0.972490496054, -0.211767768912, 0.981084158052, 0.129273863664, 0.144090745688, -0.167502918438, 0.193779522287, 0.966639679021,  
2173, 1002984.7316393601, 62.09670711094135, 142.23252944146387, 106.92522427911138, 15.7444179188543, -0.526561218222, -0.228560872292, -0.818836498406, 0.118987822114, -0.973514848305, 0.195219718055, 0.84176907858, -0.00536356094757, -0.539811124895,  
2175, 2030983.5185712895, 78.56080590290864, 126.45494871523839, 74.2693459886741, 51.626461634704434, -0.0181891054985, -0.95653697773, -0.2910432385, -0.978175170711, 0.0772857760195, -0.192873648357, -0.206984279226, -0.281183070366, 0.937066480615,  
2185, 962453.6956239068, 61.248728646300506, 129.44245228938286, 60.467095704166745, 29.355899591733394, 0.18690607144, -0.671757744887, 0.716803775551, -0.815132806225, 0.30119554962, 0.494812842502, 0.548292466367, 0.676773797567, 0.491276498778,  
2186, 1349089.771660231, 68.54630990360506, 131.8106964516296, 56.16166169358807, 43.50725031826672, 0.154102812532, 0.304444947956, 0.939981700265, -0.458663913634, -0.820589298724, 0.340970111812, 0.87514555218, -0.483680138607, 0.0131827924485,  
2198, 3144382.098456904, 90.88291228157279, 113.84074167854897, 96.39713946465056, 68.40452675067337, -0.58913813696, 0.689892368488, -0.420671814461, 0.419331874747, 0.706055754003, 0.570654055502, -0.690707633084, -0.159792966496, 0.705258231755,  
2199, 1058723.8047918307, 63.226337160424684, 118.7735671467105, 86.0951128700254, 24.717000656591516, -0.880873202655, 0.366608747353, 0.299433510497, -0.0390516256282, -0.686708407001, 0.725883278696, 0.471738668523, 0.627717763106, 0.619219701319,  
2203, 2094161.9279545736, 79.36710699782539, 124.95069262417749, 94.00333872850484, 42.56373238094655, -0.513072898928, 0.359191625671, 0.779575253862, -0.643713486725, 0.439774556806, -0.626283710626, -0.567793225915, -0.82315230379, 0.00558008702752,  
2204, 1176039.2766649046, 65.4803620966178, 138.74672248237172, 95.71315444981484, 21.141648814893294, -0.967007159614, -0.0080201043342, -0.254622919593, -0.179717616829, 0.729866687524, 0.659542414591, 0.180551187913, 0.683542461278, -0.707227666437,  
2210, 1358680.5102410438, 68.70835941402996, 101.24651886541206, 74.34825340133764, 43.09013611678911, 0.345349848121, 0.704049973827, -0.620521648903, 0.608655890267, 0.335252694511, 0.719126997175, 0.714332898336, -0.626034555897, -0.312744696481,  
2212, 3003628.04569378, 89.50607517919548, 124.94735187836842, 95.67073220891525, 59.98620502102639, 0.2491899201, 0.675510193686, 0.693967118779, 0.240443946522, -0.737288977605, 0.631341169324, -0.938131703068, -0.00953633725596, 0.346147318306,  
2226, 1840433.302635983, 76.02279362010312, 120.702627754906, 66.90331630017167, 54.408543893036345, -0.778041446031, 0.589113376938, -0.218167223411, 0.249283098827, 0.608291620979, 0.753551086846, 0.57663631944, 0.531908575753, -0.620132100558,  
2236, 2105017.701513253, 79.50401249411127, 117.68931307835605, 84.18720527254254, 50.720557944141355, 0.58920223729, 0.088852738949, 0.803085247252, -0.357557433058, -0.862642202219, 0.357772431882, 0.724564286752, -0.49794941684, -0.47650075827,  
2243, 2221360.8782852315, 80.94254149190131, 129.68617838025037, 111.45777807409686, 36.688202631343636, 0.832290475657, 0.322130484144, 0.451136914157, -0.249007723684, -0.509846248985, 0.823439102752, -0.495265300294, 0.797677098569, 0.344127198494,  
2251, 438603.1930100324, 47.13328686397116, 116.048718186575, 60.49930957236905, 14.913940750851008, 0.457157527672, 0.858342975688, 0.232925591078, 0.806867812154, -0.510434334074, 0.297356897193, -0.374127422949, -0.0520012181109, 0.925918217076,  
2254, 1494006.096434915, 70.91769096181487, 102.41134886072375, 69.11645388516442, 50.38882439828037, -0.924453934955, -0.364110998326, -0.113172890055, -0.0589077074936, -0.15686259727, 0.985862063159, -0.376715813503, 0.918050819114, 0.123563301109,  
2270, 2516556.8655018755, 84.37997253751067, 121.54108901096039, 100.9813456068248, 48.95013143752195, -0.908518783817, 0.416873212385, 0.0284665461163, 0.417804359173, 0.905383389646, 0.075633558751, -0.00575646658629, -0.0806079558702, 0.996729261406,  
2277, 3044015.159839487, 89.90545995622614, 140.8893653280148, 82.86031281034994, 62.24914926067575, -0.237168757459, 0.874936778059, -0.4221807846, 0.970730395616, 0.230376791335, -0.0678898596315, -0.0378613194707, 0.425925073709, 0.903965902053,  
2280, 1093040.9259559684, 63.902218810501125, 102.41981313860643, 82.95359809178728, 30.713450262561654, 0.312558452871, 0.187704235084, -0.931168262813, 0.197183943893, -0.971749508943, -0.129697278847, 0.92920703065, 0.143073449672, 0.340740784452,  
2284, 1281932.7849983247, 67.38949705040893, 78.92718852763744, 78.3398640730522, 49.495668989053186, 0.725807021323, -0.418151904189, 0.54621712974, -0.273944138676, 0.552659251592, 0.787097427588, 0.630998238256, 0.720913820545, -0.286573701976,  
2292, 820437.1834564053, 58.07451281962161, 108.10617518674891, 75.47589101315684, 24.004793527455146, -0.919393050374, -0.0179133410014, -0.392931967569, 0.365579812864, -0.407545652888, -0.83681416171, 0.14514757783, 0.913009119903, -0.381243396827,  
2295, 2081243.8065453067, 79.20357469637506, 123.64033108442842, 82.88170106345846, 48.48590808549857, 0.809841560738, -0.551545988902, 0.199884138009, -0.410057259832, -0.288530708167, 0.865218512345, 0.419535088117, 0.782653852332, 0.459829595903,  
2296, 1201873.1169871327, 65.9563586076434, 115.50983931739975, 56.75551149614246, 43.766618169003586, -0.481358591131, 0.290372458956, 0.827029468534, 0.0519425760302, -0.932425508732, 0.357609618803, 0.874983357293, 0.215096503331, 0.433748335692,  
2297, 373271.4040010644, 44.66616888257199, 90.72673741993323, 59.257261907027534, 16.57521754298042, -0.835330824147, -0.388020971826, -0.389438235993, -0.533503192326, 0.743102568867, 0.403946674601, -0.132652772337, -0.545195650721, 0.827746908436,  
2305, 1137907.0307944485, 64.76485395128199, 89.24392571547735, 77.28804039958884, 39.384669858659336, 0.224298471892, -0.916059847498, -0.332452329379, 0.586186399474, 0.399352562208, -0.704913495495, 0.778508638731, -0.0367680140994, 0.626555993156,  
2309, 3090635.6175806974, 90.36211734340247, 118.7417629248678, 104.55975276412548, 59.4280056268498, -0.790732162715, 0.491173707859, -0.365364250518, 0.599415650607, 0.500078169962, -0.624998161385, 0.124271978564, 0.713211197778, 0.689845100518,  
2318, 994293.4375216439, 61.91682161862321, 85.1391718068847, 69.6443161752712, 40.032329623391924, -0.0274825017908, -0.198575590095, 0.979700182257, -0.454529164766, -0.870411583152, -0.189174296067, 0.890307784124, -0.450501288493, -0.0663373092163,  
2324, 999773.525199686, 62.03036561124052, 132.8665181442756, 52.56863600677071, 34.17202851238348, 0.178594749785, -0.476039021944, 0.861098580266, 0.482648181548, 0.805026933762, 0.344938210069, -0.857411597891, 0.354003510581, 0.373532952092,  
2331, 2180075.7993180817, 80.43795018635161, 117.26482857199429, 91.76291209459453, 48.36687452919124, 0.862381274152, 0.462496472511, -0.205901799184, -0.293798050045, 0.788422972741, 0.540436788018, -0.41228781668, 0.405569018748, -0.81580176958,  
