# Void_ID, Void_Volume, r = (a*b*c)**(1/3.0), a, b, c, vector_a, vector_b, vector_c 

4, 2522790.2853274345, 84.44958380190822, 122.02322299235838, 76.98132838514603, 64.11573834251631, -0.405746230993, 0.344152835403, -0.846716494418, 0.885906502377, 0.375950089005, -0.271718971778, -0.224810286868, 0.860360596762, 0.45742756635,  
53, 1251003.2948495855, 66.84310487333832, 123.50116232364704, 98.8949511095136, 24.45257947852184, 0.49993344643, 0.482844330278, -0.718976982844, -0.216794626065, 0.873505916745, 0.435875559673, -0.838490691213, 0.0620384246166, -0.541372879465,  
65, 422665.1357831469, 46.5553152873224, 85.68397761339502, 59.38396045655119, 19.830745413108545, 0.674107927886, 0.51415344802, -0.530306263823, 0.412906887265, 0.332987682681, 0.847718765648, 0.612442980211, -0.790421049234, 0.012172136985,  
69, 2234791.478747821, 81.10534309570464, 132.22216104144562, 89.30757906171473, 45.18099903059948, -0.937688594766, -0.21455149796, -0.273327192152, -0.0343829602788, -0.725454895562, 0.687410362555, -0.345771472636, 0.653974654882, 0.672873865953,  
73, 901479.0124525187, 59.92697239184322, 93.93320101029505, 66.80379075233834, 34.296261481763786, -0.266131589399, -0.00207859602083, 0.963934466944, -0.567751955012, 0.808474279412, -0.155006635695, -0.778994027387, -0.588527840436, -0.216340671923,  
82, 4858261.43323243, 105.06645778875568, 143.54328376183778, 96.39176759646737, 83.82420644262153, 0.232093122228, -0.949767205645, -0.209940557531, -0.404140967408, -0.290481323435, 0.867346919749, -0.884761471289, -0.116459674641, -0.451258554606,  
84, 1362805.0647105863, 68.77781530331542, 116.8098119592715, 93.99172058276802, 29.633039850968117, -0.748242997527, -0.0875049072662, -0.657628548541, -0.557115316737, 0.621096815391, 0.551236128867, -0.36021513087, -0.778833510524, 0.51348166703,  
87, 1223305.4855190716, 66.34610595728635, 125.84858684218558, 50.84634807585365, 45.63921905989876, -0.336950075532, 0.802456769175, -0.492471095806, 0.894479546832, 0.109563734743, -0.433476790992, 0.293889412702, 0.586565360071, 0.754698675941,  
92, 3527790.180346081, 94.43610054890041, 138.52984428023538, 84.2862472360187, 72.129691377062, -0.0499832018968, -0.904178335173, 0.424220718178, -0.223302260402, 0.424116261933, 0.877645427757, -0.97346688697, -0.050861916669, -0.223103754798,  
98, 673378.7924960466, 54.37387382404207, 119.11035642085695, 89.8065961199296, 15.028411047088916, 0.367536896785, -0.886399818642, 0.281446248886, -0.56413983872, 0.0280996378855, 0.825200977168, -0.739366534184, -0.462066847828, -0.489725797021,  
99, 3195435.795585689, 91.37214680612566, 133.84410566539052, 93.15131850239028, 61.186164502682786, -0.357471327014, -0.866939099956, 0.347319517636, 0.16923516168, 0.305605013645, 0.936997884569, -0.918462688635, 0.393728551928, 0.0374715489783,  
111, 652062.6752933445, 53.79396764082967, 136.14701340926686, 63.92667366660053, 17.885887969779645, -0.578158185561, 0.793795756211, 0.188736350207, -0.259969435222, -0.398476673173, 0.879563660963, 0.773400934328, 0.459461247939, 0.436745184774,  
113, 909662.2467679408, 60.10775679165448, 106.28048020902465, 60.91961582607226, 33.54137773342094, -0.00606928856602, 0.764351334957, 0.644771432747, -0.856434618635, -0.336829262853, 0.391236235143, 0.516219825016, -0.549830050503, 0.656661258051,  
115, 878945.5595533442, 59.42343995943087, 116.58295225488946, 78.42927872770956, 22.948806136875, 0.902116286262, 0.191586987764, 0.386627252248, -0.334013915578, -0.257191058285, 0.906800674756, 0.273168281947, -0.947178539483, -0.168023522403,  
117, 1105679.0805112394, 64.14756288487034, 107.85086746531155, 85.01629591502468, 28.78820997765829, 0.519116260938, -0.175349654386, 0.836523045909, -0.659454641806, 0.540453511735, 0.522522322062, -0.543725926392, -0.822898839688, 0.164923062699,  
128, 4139296.3632904724, 99.60457900695316, 121.98937885978273, 99.82021629402898, 81.15165590213152, 0.824751559137, 0.303370540738, 0.477232837003, 0.261763438086, -0.952871399183, 0.153349271599, 0.501263172578, -0.00155294266237, -0.865293487891,  
156, 927505.5080484953, 60.49822452511692, 103.57182580080705, 84.040664366622, 25.438809254024374, 0.394785437425, -0.873828557122, -0.283845223942, -0.484611715261, -0.460514849044, 0.743691844276, -0.780574111682, -0.156043989209, -0.605272112032,  
158, 3583909.6604418806, 94.93422620132384, 125.5689805222014, 99.19463238286453, 68.69069397390103, -0.950318834866, 0.128174810975, -0.283664114633, 0.267936213615, -0.127027380265, -0.955025774572, 0.158443357489, 0.983582870171, -0.0863738384762,  
166, 966760.0688309363, 61.33994254877752, 135.5960476072908, 72.50014537195449, 23.477085764765576, 0.212201615109, 0.709349431124, 0.672156127034, -0.303279664355, -0.606054429404, 0.735336299789, 0.928973583981, -0.359890835064, 0.0865255286183,  
168, 3277564.4493568186, 92.14834585968671, 122.54878624055388, 108.5217500309607, 58.835145008375314, -0.125001430898, 0.988494925375, -0.085161169451, 0.417063263337, 0.130234190573, 0.899498354629, 0.900240454906, 0.076920986178, -0.428544379542,  
176, 2548578.273025512, 84.73635704257535, 115.63722991054956, 100.72061191588766, 52.2388168202396, -0.603405095384, -0.657629975861, -0.451026723946, -0.78769657183, 0.579662427531, 0.208627852494, -0.124243316084, -0.48115931349, 0.867784139893,  
189, 2270745.705102912, 81.53798298322937, 108.09397141204454, 78.69966357207151, 63.724368891811785, -0.106984136982, -0.183081775906, 0.977259155887, -0.674518728129, -0.708753874153, -0.206621468574, 0.730464838193, -0.681284822379, -0.0476666650695,  
193, 1607299.982966054, 72.66681246752007, 102.38895436611463, 88.28523675806504, 42.44896805870761, -0.384248228313, 0.0957391933916, 0.918252310581, 0.301907188817, 0.952955542739, 0.0269774517661, -0.872470829529, 0.287593011758, -0.395075829695,  
215, 2784710.887095889, 87.27646908168266, 115.49118495185527, 85.65994289797457, 67.19932111719896, 0.423762757905, 0.395842843403, -0.814698452398, 0.802776782868, 0.252430014528, 0.540211555461, -0.419493220328, 0.882942541218, 0.210803005214,  
224, 1974863.190225254, 77.83043693705466, 92.75274865129495, 80.71234755793687, 62.976952082516235, 0.342929843445, 0.559290976718, 0.754713671425, -0.647933944607, 0.722550279283, -0.241045011014, -0.68013287371, -0.406343078285, 0.610167662884,  
247, 600424.2131481268, 52.33471491577026, 125.52196154509888, 63.606332640692855, 17.953516070611887, -0.335164440792, -0.474124157249, 0.814168951226, 0.0172323060199, 0.860922318522, 0.508444499528, -0.942002041005, 0.184442524877, -0.280380294884,  
257, 988100.4920407662, 61.788004392968425, 113.8338406823132, 90.93941247617178, 22.78709554266, 0.752810183762, 0.412590753038, -0.512879808271, 0.443176676066, 0.25841179838, 0.85838090394, -0.486694217158, 0.873494254684, -0.011684434918,  
268, 3755112.7984037846, 96.42244193225547, 122.47470056721194, 107.62245357939085, 68.01193054174836, -0.892855074042, 0.287334756782, 0.346768733167, -0.362225981211, -0.915729064033, -0.17387529963, -0.267585790529, 0.28085408815, -0.921693455481,  
269, 1377618.1228045193, 69.02611214355908, 109.59324743250818, 89.61958630212247, 33.48524703446447, 0.493914294696, -0.531160727059, 0.688416263263, -0.6423105797, 0.310768156449, 0.700614210635, -0.586076606512, -0.788220422831, -0.187677319705,  
274, 1207022.8629165527, 66.05042691841516, 137.30332107939864, 56.4478671568677, 37.17905167159517, -0.213686702361, 0.774901426881, -0.594866179785, 0.296408842439, 0.631654365598, 0.7163480722, 0.930848962699, -0.0232495384655, -0.364663773363,  
290, 1377898.9523749691, 69.03080218454593, 121.41733825087445, 63.05326917114982, 42.96753545926452, 0.587901313303, 0.138021386658, -0.797070977167, 0.668802482808, -0.637221514263, 0.382951668948, 0.455055254674, 0.75822083761, 0.466932411177,  
293, 420306.5179306087, 46.468555441883275, 127.66167386969178, 65.05601574921052, 12.081740933891426, 0.540825071114, -0.452881135819, -0.708806686816, -0.54164385349, -0.832220035467, 0.118455681772, -0.643529469746, 0.319856982708, -0.695385743441,  
301, 527769.3964919265, 50.13240406000733, 86.44737852012435, 63.73508049987055, 22.86784434318771, -0.147712575099, 0.965321764911, 0.215255395627, 0.724349523803, -0.0426023950372, 0.6881153997, 0.673423167499, 0.257563440974, -0.692937451253,  
312, 1932145.6861708225, 77.26516803801576, 135.9912611057634, 76.63563167406511, 44.259807193398196, 0.452274500507, 0.807160653474, -0.37939353668, 0.765299798716, -0.56966805832, -0.299657339999, 0.457999993752, 0.154822423484, 0.875366222166,  
315, 1323748.3930694195, 68.11440159007446, 136.76256127047984, 92.19862683484587, 25.06254432749518, 0.598721113127, 0.348544431486, 0.721144789884, 0.67977884604, 0.255041166069, -0.687644329641, 0.423596210056, -0.901926151573, 0.0842346005867,  
319, 802808.5621758727, 57.65555124724072, 112.2944787247654, 85.79527955946912, 19.893059849431356, 0.237661824578, -0.85079571736, -0.468682733265, -0.0654084367963, -0.495429824559, 0.8661818662, 0.969143226533, 0.175202557801, 0.17339397396,  
324, 503778.1133045111, 49.360955974938605, 111.78449748931212, 45.360425160734295, 23.7187605598186, -0.552230832999, 0.817732920098, 0.162339084858, 0.769179688073, 0.424639096506, 0.477539783866, -0.321564479602, -0.388580119288, 0.863482354396,  
330, 814288.3602585266, 57.92906771216112, 118.28400349875974, 71.40730087500361, 23.015530232447112, -0.0986411930166, -0.469874653095, 0.877204494641, -0.929836360183, -0.270509046515, -0.24945781013, 0.354505653441, -0.840263450432, -0.410223202106,  
376, 1770730.991088318, 75.05068486112353, 113.78834722394657, 73.16327829087865, 50.77770084333129, 0.809478589132, 0.334887391561, 0.482280881552, -0.2740410251, -0.510952278178, 0.814757194498, 0.519274426772, -0.791693251454, -0.321832045177,  
383, 301829.69063227833, 41.612561475241236, 90.25260115052335, 69.71748503889323, 11.451751349282306, -0.745095254101, -0.215974039541, -0.631021613387, -0.434271085298, 0.875179107361, 0.213237319698, -0.506203207013, -0.432916555796, 0.745883079931,  
402, 2071203.1469932715, 79.07600059364583, 109.53217415530825, 85.06868480970685, 53.06677083704139, 0.724779607353, 0.17350379755, 0.66677653903, -0.607747812856, 0.616885931815, 0.500094334199, 0.324556800475, 0.767690158439, -0.552552896925,  
423, 3268872.011047015, 92.06681143828912, 151.56558171246948, 86.47831039633462, 59.53899790376439, 0.311403319016, 0.673596598544, -0.670295155388, 0.747676919426, -0.609034551539, -0.264681202938, 0.586521267358, 0.418741611811, 0.69328801048,  
425, 1055699.4369822298, 63.16607527785765, 114.24577249777055, 84.08273155446194, 26.23642939355781, -0.968297139331, 0.169652315868, -0.183354142804, 0.240070552607, 0.429133377473, -0.870752935171, 0.0690418694255, 0.887165506576, 0.45625714702,  
430, 231685.39629592665, 38.1010271292944, 110.48686339370211, 30.64741570532881, 16.33448877928928, -0.77814561008, -0.57087293668, -0.261903607611, 0.0113146269925, -0.429661622745, 0.902919082286, -0.627981997138, 0.69963917851, 0.340798519897,  
433, 1525634.7166036426, 71.41465094331222, 138.92245087969914, 77.58350875876604, 33.79248268654723, 0.858542660864, 0.481104883465, 0.177320587021, 0.19986254804, -0.632477985237, 0.748349223346, 0.472185833509, -0.607049989125, -0.639164180267,  
443, 1926952.966617632, 77.19588818371984, 117.6932353792221, 78.23211615078284, 49.96270296238503, -0.110846604291, 0.315319324116, -0.942489657321, 0.99333183311, 0.00490217741806, -0.115186101535, 0.0317001521688, 0.94897296721, 0.31376011196,  
447, 2913829.0613305476, 88.60505246175593, 110.12044258739239, 97.07709558557141, 65.07148810021887, 0.71343780668, -0.503834306263, -0.486988180382, 0.114162502726, -0.602122558109, 0.790199562129, 0.691356217135, 0.619354031915, 0.372058011847,  
456, 1300864.1699359568, 67.71960987962436, 119.30308587693625, 79.53340104454867, 32.729706518799816, -0.984063015083, -0.120963486074, 0.130337321523, -0.0543218907242, 0.902432580603, 0.427392758074, -0.16931956335, 0.413501236398, -0.89462149145,  
474, 1410726.0634214801, 69.5747028661884, 103.56090035168685, 89.57018837806378, 36.307368717265746, 0.960156996199, -0.218315403104, -0.174461822237, 0.210429723747, 0.153994742771, 0.96540403488, 0.183896367595, 0.963651391306, -0.193799179615,  
480, 385348.3669926684, 45.14278042378287, 102.5905840092264, 59.30909242261385, 15.11945487661098, 0.438548438917, -0.873923375734, -0.209602481066, -0.795485381378, -0.485997835793, 0.361951808419, 0.418184498442, -0.00800230904325, 0.908326862045,  
520, 575458.7222580651, 51.59906783378472, 127.46350591240652, 58.92524296268351, 18.291036913340918, -0.975831657395, 0.0907000303809, -0.198811671979, 0.215035003686, 0.560479277951, -0.799764294138, -0.0388911765829, 0.82318678529, 0.566437104106,  
527, 1140658.7716123108, 64.81701774064187, 123.67383279389368, 59.94059613377059, 36.73400299630926, -0.0273974187356, 0.997612370589, 0.0633951062341, -0.107058623904, -0.0659824757058, 0.992060867058, 0.993875159411, 0.0203929141503, 0.108610757101,  
529, 2259510.4989682212, 81.40328257776348, 103.46074735157495, 95.9464745648188, 54.34018609440963, -0.570544481335, -0.556930151973, 0.603579158554, -0.0556100776571, 0.75944850253, 0.648186309071, 0.81938178774, -0.336254037638, 0.464270080978,  
555, 2797015.7497111694, 87.40483034728122, 134.87322433624004, 92.72609975836578, 53.39229263253392, -0.964664613205, 0.0718874624669, 0.253484470473, -0.0738594110105, -0.997267143031, 0.00174150376674, 0.252916925958, -0.0170422466319, 0.967337888431,  
564, 1421389.183846329, 69.74955893571357, 123.25411331018856, 110.58889157293079, 24.8949621391577, -0.717777919135, -0.0185579962007, 0.696024755004, 0.636522952777, -0.422638036317, 0.645147751175, -0.282193886168, -0.906108542634, -0.315172840794,  
588, 1120445.8891712937, 64.43187347172906, 105.62092424937947, 86.68503166156486, 29.215155524635858, 0.408525162418, -0.686800868439, 0.601175314516, 0.726885052453, 0.643155364901, 0.240809669903, -0.552037419195, 0.338608540516, 0.761970435186,  
648, 1286975.944634476, 67.47775214438668, 98.21431272583446, 62.46099206842007, 50.083902374215896, 0.628088005463, -0.729347600178, 0.271214924937, 0.387036999006, 0.595182454704, 0.704244422777, -0.675061344468, -0.337357264227, 0.656111467267,  
652, 692037.6390911266, 54.87152565150899, 96.16077795964159, 62.79446014698992, 27.360359989802724, 0.631447398246, 0.57632688682, -0.518769219188, 0.636534352714, -0.767327316151, -0.0776711510315, 0.442829765331, 0.281169182906, 0.851378699241,  
658, 507666.0797781272, 49.48761368214961, 116.43978318290858, 76.86506252532745, 13.541262728040511, -0.581823518256, 0.781924318599, 0.223776123809, -0.14288950741, -0.369135217623, 0.918325530399, 0.800664712771, 0.5023281309, 0.326500331746,  
660, 1443864.6545655266, 70.11527234307556, 136.9847707942557, 74.28293432995903, 33.874784220788136, 0.48806023091, 0.783563247051, 0.384481272462, -0.557639505679, -0.0589412655922, 0.827987988389, 0.671442769497, -0.618509955523, 0.408178934059,  
681, 1509613.0223170493, 71.16377994504226, 110.76450304339613, 80.5808681995363, 40.3779697739156, -0.454264595268, 0.353081513367, 0.817910216591, 0.890704386235, 0.162476917069, 0.424554999689, -0.0170109913671, -0.921376522567, 0.388298763627,  
684, 543631.596805111, 50.629700750998104, 136.8411763122193, 64.2886518820732, 14.752477598052085, -0.500635446263, -0.268890948321, 0.822837655833, -0.155511033194, 0.963006488405, 0.220079126327, -0.851575286455, -0.0177809223874, -0.523930692266,  
694, 1368389.9367977579, 68.87163938023517, 125.02973759306771, 82.80830237804797, 31.552520768849984, 0.830398692176, -0.170369989145, 0.530482873268, -0.452140467844, 0.35031741142, 0.820272338064, 0.325587176298, 0.92100585126, -0.213871953691,  
706, 2380069.799012958, 82.82606485128713, 117.9124039021273, 84.52258784882498, 57.01233197017616, -0.363603352063, 0.873898774706, -0.322635295552, 0.189880522602, 0.408596870615, 0.892745195708, 0.911996704766, 0.263342987169, -0.314503547841,  
738, 3196850.266914621, 91.38562688885108, 125.92873609714881, 104.1928052774679, 58.16625601502258, 0.522150894886, 0.611211400156, -0.594793297953, 0.157555111896, 0.616280912844, 0.771604965756, -0.838173508103, 0.496606947982, -0.225492149598,  
762, 1814215.2274025462, 75.66006896828242, 120.01723487168435, 100.33824367086063, 35.96582998956743, -0.989466243996, 0.117403633332, 0.0846932044104, 0.14335670511, 0.713286917424, 0.686054391818, -0.0201347235624, -0.690969000978, 0.722603925117,  
764, 1566999.1492159786, 72.05432439693898, 168.2457405319734, 62.03526930185906, 35.84242634539369, 0.602135988949, -0.521554548647, 0.604494088968, -0.607542104089, 0.191913411682, 0.770754068543, 0.518000813293, 0.83135437402, 0.201308375947,  
802, 2056350.8123734195, 78.88653233388428, 130.70020242469926, 68.36919686667531, 54.93787530405038, -0.524788865304, 0.850936652092, -0.0224379361752, -0.298253827117, -0.159122638157, 0.941129449457, 0.797271159307, 0.500586456222, 0.337300901843,  
815, 2719326.6490377304, 86.587976341576, 118.65467600233615, 82.80373823558679, 66.07512111780709, -0.379027724778, 0.421295212049, -0.823922525578, 0.896288981265, -0.0543789093406, -0.440123841983, 0.230226075658, 0.905291819539, 0.356991142136,  
821, 1954767.6588685429, 77.56554445444388, 102.77069743900945, 91.49535327934112, 49.629305020580624, 0.294686774746, -0.556420968096, 0.77688828737, -0.253706544583, 0.738256976103, 0.624987701056, -0.921299459473, -0.381277252796, 0.0763869260722,  
840, 894316.3343453688, 59.76783410012948, 94.2456969824583, 65.49258626860986, 34.58986622150329, 0.827181198911, -0.269915560668, 0.492865959747, -0.159941727055, 0.727720717148, 0.666964168288, -0.538692777114, -0.630530053164, 0.558786134351,  
853, 1107018.7616807604, 64.17346027187764, 127.5348697895751, 58.84465912747065, 35.21521769707438, -0.543679340729, 0.692144960501, -0.474708466449, 0.282690641044, 0.683572723672, 0.67291480361, 0.790252349526, 0.231654236104, -0.567307270325,  
873, 3082643.9440765874, 90.28416489204592, 114.21730844879829, 98.4182236177651, 65.46773443332386, 0.852698857312, -0.197503429039, 0.483629046127, -0.426123551424, -0.798503770424, 0.425218117605, -0.302197580502, 0.568668729698, 0.7650441152,  
879, 1882381.8991668615, 76.59605040107577, 135.53093303082028, 85.4912398068732, 38.784579327261575, 0.276073135988, -0.680856641965, -0.678393585375, -0.909689291393, 0.0427309316239, -0.41308529459, -0.310240256431, -0.731169132674, 0.607571133872,  
881, 722941.6816042408, 55.67645199462374, 106.96415157319097, 51.53787299070885, 31.307609916877517, 0.921310889064, -0.311032859989, 0.23333410745, -0.206819409935, 0.116159902391, 0.97145901033, -0.329259741491, -0.943273786916, 0.0426917503727,  
896, 550561.5300336244, 50.84392674196239, 111.87610283998696, 56.145806320475685, 20.924861890243193, -0.0838872748414, 0.39645653283, -0.914212854152, 0.00308817198492, 0.917545651025, 0.397618462195, 0.996470465349, 0.0305318826958, -0.078194730165,  
897, 1131862.8933529113, 64.64998141331733, 103.1643199698841, 74.18768283482977, 35.305623590307654, -0.360093719302, -0.606699036111, 0.708695133962, 0.794641243506, 0.198512127608, 0.573705699216, -0.488751273593, 0.769746201533, 0.410625106132,  
899, 1501180.58515646, 71.0310296097178, 109.56800281457312, 90.73494977902546, 36.04839897362311, 0.93172822612, 0.0289800902476, 0.361998158864, -0.311716093409, -0.447603757613, 0.838143157987, -0.186321200516, 0.893762289728, 0.408011494567,  
904, 2693638.9520205786, 86.31446667765748, 145.40471814862985, 84.35021819120612, 52.430749390107614, 0.159364070344, -0.759209744631, -0.631033799999, -0.667150819744, -0.553976752605, 0.498015603458, -0.727676354431, 0.341628923294, -0.594791393659,  
916, 1028926.7195567671, 62.627529277798494, 102.45889806741744, 88.45123078964126, 27.104554581008298, -0.343530604134, 0.713115081317, -0.61110850495, -0.410906630005, -0.699250973012, -0.584981895582, -0.844477628739, 0.0501493523402, 0.53323782407,  
929, 1800553.475854694, 75.46967359286805, 107.71766237223991, 84.99072505576842, 46.95252588132998, -0.342582096083, 0.344075444543, -0.874213701509, 0.931910926049, 0.00651305344411, -0.362628744096, 0.119077845769, 0.938919415391, 0.322878921656,  
936, 1624330.015142361, 72.92255668373046, 122.98746909165554, 93.26032773992598, 33.80865225272525, 0.427771363002, -0.116830013182, -0.89630486388, 0.859474658371, 0.359582137383, 0.363323544644, -0.279848124191, 0.925770724583, -0.254231376686,  
940, 2141402.7563666524, 79.95947169769394, 105.89574847433225, 95.35254476735287, 50.62895176831006, -0.948417298618, -0.312029571255, -0.0560551009652, -0.314694706131, 0.948010983796, 0.0473541606976, -0.0383649529532, -0.0625517486925, 0.997304070542,  
952, 574164.3394266869, 51.56035142438415, 111.16012209051394, 50.97581228489336, 24.189920234034954, 0.0963448758888, 0.538051813669, -0.837387551076, -0.86466937141, 0.461956491433, 0.197340006507, -0.493015763476, -0.705050668981, -0.509744064344,  
963, 744627.7442204539, 56.227684778972964, 89.2337788922874, 57.5614442902104, 34.609046704931046, 0.834249945119, 0.233107001554, -0.499688057587, -0.112645789513, 0.959179366745, 0.259395197559, 0.539757311367, -0.160112673571, 0.826453856297,  
967, 1569706.8289828417, 72.09580235401485, 101.73911537967797, 89.74794794035752, 41.04095461029598, -0.46779395321, 0.883682369855, -0.0165615985806, 0.883403262867, 0.466894654638, -0.040100581374, 0.0277036549316, 0.0333893797113, 0.999058385094,  
976, 1794784.8746539634, 75.38899095585273, 108.00986452624079, 79.02959133009263, 50.19617608256261, 0.540903901616, 0.538237611582, -0.646315126463, 0.349069728051, 0.555469418383, 0.754721173812, 0.765227609391, -0.633840672977, 0.112573118931,  
979, 1834732.8711544452, 75.9442231878818, 142.06687714646537, 63.00929721257622, 48.9313009735559, 0.616465558684, -0.655467902976, -0.43627060768, -0.40988730362, -0.740231163999, 0.532963621813, -0.672281647293, -0.149731933849, -0.72499498943,  
980, 2111214.1618421576, 79.58194704957985, 122.75193251592206, 88.95405001092898, 46.158279978869736, 0.798516548639, -0.203885779257, 0.566393776949, 0.512920431626, 0.722942537259, -0.462889531791, 0.315093561297, -0.66013989187, -0.681858761615,  
990, 875840.8383445237, 59.35338978411155, 113.19326943109196, 78.10938180922712, 23.648999788760115, -0.0350914848851, -0.915136906176, 0.401613035947, 0.320775335968, -0.390911354523, -0.862723302537, 0.946505029846, 0.0985533148038, 0.307271008424,  
1007, 1600397.3247810972, 72.56263902249128, 130.34988115468232, 62.719304556841536, 46.733395188548634, -0.982716727385, -0.181229011591, 0.0377343222491, 0.0737419115924, -0.1962814424, 0.977770794125, -0.169793887383, 0.96365431599, 0.206253230473,  
1011, 1771230.633613942, 75.05774314901383, 132.7565145112406, 86.33695954933847, 36.892145554455986, -0.979792302161, -0.18058531516, 0.0859999335679, -0.140303896338, 0.9269498714, 0.347963723085, -0.142554765959, 0.328866051546, -0.933555171826,  
1012, 2954627.4361715023, 89.01667583804613, 128.07628035451484, 101.18042675657759, 54.43132471487589, 0.388330809765, 0.868321669691, -0.30857196913, 0.87212640762, -0.238143846662, 0.427414362685, -0.297648637356, 0.435091928496, 0.849764851261,  
1016, 1750526.3193972532, 74.76414053677938, 126.92023476228249, 78.51567874017111, 41.9365577240635, 0.462124423362, -0.342245264173, -0.818113192953, -0.580973145157, -0.813830062684, 0.0122814363435, -0.670008374529, 0.469626243116, -0.574926055974,  
1017, 2047365.4791479704, 78.77146495325158, 92.78485133179635, 85.05732372330651, 61.93240954563308, -0.480083106681, 0.834766235719, -0.269602563756, -0.77353238267, -0.547795619791, -0.318696739707, -0.413724381251, 0.0555453926285, 0.908706138263,  
1032, 867032.6685460916, 59.153750336588054, 123.68216920344553, 61.579314460037956, 27.177212414437875, -0.359625895777, -0.865919853026, -0.347637775885, -0.215966463915, -0.285203670799, 0.933818693659, -0.907759715757, 0.410903485381, -0.0844430231024,  
1098, 3268914.5200918037, 92.06721052144209, 139.23532816656157, 98.82619372845089, 56.71441323452024, 0.318294962249, 0.629858119954, -0.70849634137, 0.825961868689, 0.182546101402, 0.533351584169, -0.465269071053, 0.754954084426, 0.462135285311,  
1100, 2967026.497631313, 89.14102122812889, 117.03925115504062, 81.9642283485221, 73.83749026485764, -0.455229974469, -0.519760821129, -0.7229207143, 0.130470641552, -0.842105601416, 0.523293003733, -0.880762784203, 0.143898731344, 0.45116523922,  
1104, 2706739.6326212958, 86.45417235871822, 127.83160876085672, 93.50051159190498, 54.063683379860436, 0.504344022472, -0.457375942981, 0.732423616345, -0.307961440774, 0.697151050733, 0.647410351677, -0.80671981381, -0.552075773101, 0.210749810821,  
1106, 1082909.3779689623, 63.70416610761332, 114.46236209448881, 66.7501863920907, 33.836724761207364, 0.617871917688, 0.552043259159, -0.559895109238, 0.696926983606, -0.714198417137, 0.0649107116083, 0.36404267999, 0.430312515477, 0.826016989032,  
1109, 980185.0458532133, 61.62257201731668, 138.46674573147456, 71.44439500652814, 23.65406656932945, 0.183264279544, 0.944726924129, 0.271855186945, 0.872867432682, -0.029160543775, -0.487085318656, 0.452235169803, -0.32655887909, 0.829965450896,  
1112, 3432405.3763377275, 93.57718748438221, 127.1929987980258, 87.09600124652584, 73.96879459293905, 0.76802766238, -0.216844670949, -0.602587668726, -0.455262968543, -0.84663215974, -0.27558957812, 0.450409968021, -0.485996270331, 0.748958267149,  
1118, 1216083.1169840894, 66.21527950552277, 107.66505978640794, 56.03758404834163, 48.119428498975516, -0.390986843809, -0.16575553084, -0.905347663588, -0.888079654956, -0.190424691655, 0.418393311683, 0.241751555157, -0.9676071211, 0.0727505654618,  
1119, 1312302.719231539, 67.91751799233396, 124.97702200129208, 94.37741486635618, 26.56116809303537, 0.138925192242, -0.685477040134, -0.714717439559, -0.114981826391, -0.727999985171, 0.67586625984, 0.983605088722, 0.0117153335246, 0.179954939916,  
1120, 2579010.321137581, 85.07229656889395, 127.75153256873222, 105.54300315045221, 45.66346933949647, 0.373981475827, 0.91871318242, 0.126901316719, 0.754060112621, -0.221548948583, -0.618311741709, -0.53993629466, 0.326928358863, -0.775620168562,  
1132, 2136240.0765412273, 79.8951622417579, 105.634004345455, 98.20322877181674, 49.16227126791151, -0.927909406662, -0.371660684971, 0.0291970593691, -0.37262673637, 0.922188338756, -0.103527692931, -0.0115519855922, 0.106943925065, 0.994197942324,  
1149, 1203497.526059846, 65.98605998879029, 122.61325111969005, 80.04688648955421, 29.273506042567476, -0.223396360923, -0.262535172872, 0.938706210127, -0.897296174067, -0.320774181728, -0.303254843888, 0.380727779301, -0.910043519477, -0.163912021299,  
1158, 1117625.1607919703, 64.37775884231634, 131.0444407258296, 84.40533827651863, 24.122318346593573, 0.707459830173, 0.427581461808, -0.562738555822, 0.262737253719, 0.580052750363, 0.771043411426, 0.656101916016, -0.693334623623, 0.298022441247,  
1161, 809746.7009957174, 57.821167876676824, 92.4864512720272, 52.80321601178609, 39.584219659547585, -0.852073786652, -0.510879611191, 0.113895939212, -0.474701095232, 0.845920705553, 0.243057668264, 0.220520140318, -0.153036540687, 0.963301969752,  
1162, 717250.7184686887, 55.529972817710586, 98.19288731343677, 79.50359533106725, 21.933886071913058, -0.4029214262, -0.155075265064, 0.902001101149, -0.421743484792, 0.906128706074, -0.0326067640815, -0.812272588079, -0.393551051573, -0.430500653265,  
1171, 2329137.4153749696, 82.23098659473807, 110.46277297784562, 89.60489123307507, 56.17703898831828, 0.0410276695423, -0.862486840747, -0.504413699131, 0.0878571931819, 0.505997440222, -0.858048777224, 0.995287819647, -0.00911263012496, 0.096535568751,  
1178, 1537477.881781934, 71.59896687972793, 94.63666426414078, 73.42709945989937, 52.8207387007553, 0.418249285474, 0.855698387376, 0.304709378001, 0.80004471143, -0.505887355733, 0.322500299258, -0.430111607508, -0.108895606663, 0.896183994466,  
1184, 1084306.9586745817, 63.731559424737014, 102.51763146339343, 60.448075991829946, 41.77174225342539, -0.181714367002, -0.189371447833, 0.964944736019, 0.220804457399, -0.964081638376, -0.147621089752, 0.95824072154, 0.186239225976, 0.217001544442,  
1186, 923988.3254331392, 60.421656125927065, 121.05735278367315, 82.20054823463357, 22.16725860500886, -0.245725027387, 0.729069708672, -0.638808712224, 0.958176868998, 0.282413630835, -0.0462561221432, -0.146684350333, 0.623458018648, 0.767973827908,  
1191, 1458473.1427144813, 70.35094609234677, 107.81837931264019, 95.79989760062642, 33.709474521503346, 0.424638202083, 0.254125134143, 0.868966520373, -0.753013998091, 0.632001649948, 0.183149756049, -0.502645318301, -0.732116336834, 0.459731827624,  
1195, 1080833.9418875568, 63.66344294649578, 112.26680976340522, 78.81029115772075, 29.163258783088065, -0.369189989527, -0.71787894459, -0.590210617108, -0.921037264974, 0.197856748725, 0.335474385779, 0.124052844236, -0.667459757512, 0.734239990697,  
1198, 1559948.4935601985, 71.94609330334625, 118.47942961871989, 100.00504262730581, 31.430898465802557, -0.602502061236, 0.033425021878, -0.797417101722, 0.791398798629, -0.104346148594, -0.602328666761, 0.103340252252, 0.993979199574, -0.0364162474515,  
1210, 1897709.0387326959, 76.80338103473149, 127.01130302533423, 68.34419324156224, 52.191168940736624, 0.311410189418, -0.652688630977, 0.690667246161, 0.660792942781, 0.671053843029, 0.336213364586, -0.682917550439, 0.351687774522, 0.640265045551,  
1224, 1718160.663602846, 74.3004973533466, 101.61079359467219, 74.20887644746017, 54.39756540661662, 0.756425780408, -0.639036872943, 0.139470117777, -0.417887574516, -0.308123932255, 0.85465175214, -0.503179902021, -0.704763447826, -0.500118454779,  
1231, 677350.7606949222, 54.48057357261572, 112.47588229496473, 71.5807024182964, 20.08489886299279, -0.57821925009, 0.790714139525, 0.201081198476, 0.800308866466, 0.597610110988, -0.0486608004467, 0.158644940293, -0.132790454477, 0.978365206924,  
1236, 941405.0734680865, 60.798935441792395, 130.7022775072738, 92.75189040010369, 18.53881625671214, 0.110738827334, 0.856276535223, 0.504507093455, 0.856575978007, -0.339659253464, 0.388470314744, 0.503998517876, 0.389129909879, -0.771079378025,  
1265, 803886.3480635107, 57.681340937306175, 88.54822196449472, 68.83766896125042, 31.484735090810368, 0.338578318657, 0.53821596709, 0.771808457394, -0.776934451847, 0.622621712078, -0.0933544920298, -0.530789581349, -0.568036773826, 0.628964739801,  
1271, 3269301.789790022, 92.07084612511554, 99.8457081400778, 89.96289640626945, 86.89075524613406, -0.993824997169, -0.0595602755552, 0.093618633709, -0.0955816382646, 0.888062063907, -0.449677574576, 0.056356236819, 0.455849036662, 0.888271146861,  
1272, 2481413.511492924, 83.98534510562206, 133.35532508968637, 101.05008587651679, 43.96058711369851, 0.470319222631, 0.872661321203, 0.13138511065, -0.414326431964, 0.0869004906776, 0.905970149892, 0.779187677392, -0.480531500733, 0.402437622749,  
1276, 1495048.9916765597, 70.934188556221, 90.75575019263266, 75.02757991972202, 52.416947466878845, -0.86667824813, -0.182869210113, -0.464141860008, -0.498849824619, 0.30984686989, 0.809409519154, 0.00420317691704, -0.933034709543, 0.359761815778,  
1279, 689561.0787222167, 54.80599209030507, 134.0034180588331, 77.200752482962, 15.912804289482137, -0.0044198816, -0.996664922258, 0.0814831110511, 0.390723758953, -0.0767276815847, -0.917304642454, 0.920497370358, 0.0277830095303, 0.38975979211,  
1291, 966215.7692507089, 61.32842863618803, 127.65656724260339, 68.84240326828696, 26.247402251160292, -0.689067404456, -0.686831050367, -0.231190874318, -0.703935549006, 0.558539450645, 0.43875782035, 0.172223270672, -0.465077187491, 0.868356122057,  
1309, 675891.162150304, 54.44141269414815, 119.80190526446395, 52.82261214180758, 25.497908583408744, 0.0512518897394, 0.247848363335, 0.967442211499, -0.77779642714, -0.597718144207, 0.194334088658, 0.626423149099, -0.762433084853, 0.162141387052,  
1311, 644274.5540892776, 53.578940730482955, 129.17247783118464, 41.61070280301478, 28.615894645628416, -0.56234271588, -0.224343763914, 0.79588978225, -0.817447820228, 0.0056763742213, -0.575974686926, -0.124698560941, 0.974493537366, 0.186581388489,  
1315, 1717107.1373984443, 74.28530794620131, 91.65733978986125, 82.15220750379694, 54.44052415344011, 0.436665623681, -0.151873789405, -0.886711613315, 0.21746168737, 0.974236824265, -0.0597747837529, -0.872945329114, 0.166724210414, -0.458442460991,  
1318, 2566061.487623271, 84.9296790964106, 111.3709108830651, 92.37540066057039, 59.545691437111756, -0.0615645238278, 0.943299237256, 0.326184546535, 0.90731369999, -0.0832921116179, 0.412121673724, 0.415922660138, 0.321323782398, -0.850740481962,  
1327, 1642853.6222705496, 73.19870876600285, 104.69837286743223, 93.12864694388418, 40.22416475792805, 0.092629098129, -0.609193281738, 0.787593420278, -0.541018020533, -0.694835798377, -0.473817174396, 0.83589434239, -0.382212975681, -0.393946556759,  
1328, 347542.3979168243, 43.615386764728676, 84.74362177830199, 63.30606832234885, 15.465601688317708, 0.232829527149, 0.97186285273, 0.0356792204357, 0.451414771168, -0.0755042658579, -0.889114059167, -0.861402992599, 0.223118133106, -0.45629286979,  
1336, 2739089.5133399274, 86.79723128157501, 129.2482968794294, 71.66001008915097, 70.60182410999131, -0.328812194323, -0.00670456452364, -0.944371531591, -0.912051600673, -0.257206280336, 0.31938504515, 0.245039626538, -0.966333264547, -0.0784576526252,  
1343, 1755477.933816441, 74.83456786714558, 112.57213739739728, 82.92130629158396, 44.8962138853625, -0.0775122260162, -0.374839397963, 0.923843753322, -0.859551911733, -0.444362553317, -0.252413217256, 0.505135987487, -0.813656774656, -0.287750390446,  
1351, 923101.3720850578, 60.402316651031576, 105.73427728049096, 74.3731779738457, 28.023904655788396, 0.523484338881, 0.829229045534, -0.195814547441, 0.782383555344, -0.376816704724, 0.495868070527, -0.33740201433, 0.412781250887, 0.846032812391,  
1372, 594967.8517768641, 52.175701501938185, 113.23941265040422, 59.745961301661815, 20.994170950940067, -0.472989927567, 0.437976232883, -0.764498101927, 0.870369624839, 0.367073399951, -0.328197859844, -0.136884055235, 0.820630208119, 0.554823230358,  
1381, 237337.9554106274, 38.4083982238138, 116.35840187663871, 37.91967908714024, 12.841512722355938, -0.645112070597, -0.492236860953, 0.584408495052, 0.254411872463, 0.582827078679, 0.771742959481, -0.720489427764, 0.646541158069, -0.250757882036,  
1384, 771622.2958809424, 56.89909858870722, 100.48769724130591, 63.348222666394065, 28.93802116919587, -0.216531884258, -0.872266050177, -0.438481334618, -0.967406998568, 0.25210694021, -0.02378633682, -0.131292201676, -0.41903941152, 0.898425472353,  
1385, 3208845.710738186, 91.49978539071215, 110.57920779839702, 91.84943189699958, 75.4241244769987, 0.916845563164, 0.214467560239, -0.336746015435, 0.276892525794, 0.266058596365, 0.923332742006, 0.287619092665, -0.939795982597, 0.184550179163,  
1431, 3982112.999202837, 98.32749838635884, 134.8933569853429, 101.05151572155921, 69.74154682877356, 0.141119684367, 0.744308882475, 0.652755331003, -0.579716996282, -0.472354381215, 0.663934893471, 0.802504479057, -0.472107642403, 0.364830008468,  
1439, 746980.6472610169, 56.28684596770374, 113.84267903347236, 68.39811347999041, 22.901899800124724, 0.591343520492, 0.502038720572, -0.631086336264, 0.672860890811, -0.7385191843, 0.0429841370523, 0.44448966511, 0.450051705327, 0.77452075514,  
1447, 534263.003239046, 50.33717407063285, 115.28431102978715, 47.56787581144928, 23.25854406455162, 0.243106075282, 0.166998242935, -0.955516102961, 0.719329219822, 0.629813055281, 0.293088704845, -0.650741814909, 0.758582297615, -0.0329846642286,  
1449, 1463954.448720624, 70.43896805151597, 88.96939441303923, 74.5414027681489, 52.69880395783235, -0.991244234317, 0.121625727825, 0.0514008780591, 0.00946761122587, -0.32280942169, 0.946416632148, 0.131701299431, 0.938616673408, 0.318831472927,  
1452, 1904251.0082013023, 76.89153454106525, 131.31649372289692, 74.2763914726716, 46.60854121065418, -0.667677890931, -0.719100620737, 0.192614981809, -0.743750570795, 0.633120939566, -0.214459703264, -0.032269527483, 0.28644750503, 0.957552350766,  
1456, 3004090.630652337, 89.51066984916294, 111.63460068880643, 88.4266841859626, 72.6511106653252, 0.367810344355, 0.927082703698, -0.0723409364713, 0.823230314388, -0.288453742139, 0.48896450599, -0.432443522391, 0.2393994552, 0.869298855856,  
1467, 305243.80168745684, 41.76887211726861, 92.94014894951593, 57.95015688965716, 13.530076880160044, -0.984232476156, -0.135649374956, 0.113515108921, -0.082559591382, 0.9198793376, 0.383413508013, -0.156430005914, 0.367996265375, -0.916574275179,  
1471, 2761793.1638000957, 87.03638548189342, 137.28919290612959, 84.74814146486969, 56.66775482076746, 0.650274233862, 0.320123215209, -0.688959032062, -0.256202586944, 0.946165324144, 0.197816616669, 0.715194837242, 0.0478780374636, 0.697283327142,  
1476, 916501.6610931722, 60.25802349002875, 106.79112818487738, 76.95594818434138, 26.623630606987547, 0.455704279987, -0.122532906959, 0.881657130586, 0.845982257383, 0.36768363718, -0.386164166053, 0.27685308269, -0.921842952819, -0.271215672377,  
1479, 188162.2364884133, 35.547954780496575, 74.49164624062465, 31.048571590402563, 19.422031761908855, -0.201526607495, 0.977929786915, -0.0551394444646, 0.156413074363, 0.0877026587226, 0.983790218401, 0.96691363453, 0.189635375173, -0.170635423763,  
1481, 2445620.0964978277, 83.57956921793522, 110.79864837810699, 74.59934365002633, 70.63678368842457, 0.507903704603, -0.495533922462, -0.704613339741, -0.762847213313, 0.121201389718, -0.635117589325, -0.400122426253, -0.860090899161, 0.316458037011,  
1487, 2550147.3518565977, 84.75374330439587, 109.01212715694203, 94.41746787564446, 59.14928549191504, -0.520080549678, -0.334418569069, -0.785926486708, 0.061627105798, -0.932456566077, 0.355987151749, 0.85189102688, -0.136707618814, -0.505561771973,  
1490, 1996399.5042627153, 78.11233399015809, 125.02866283173056, 82.12054606997391, 46.419176222059406, -0.847740436841, 0.19875668815, -0.491764100621, 0.490113375922, -0.0609418658499, -0.869525714243, 0.202793073074, 0.97815227235, 0.0457504274385,  
1493, 2543171.888649694, 84.67639660060324, 115.12533075968372, 85.74011459308127, 61.5080777290055, 0.7117663927, -0.690335428622, -0.129713523631, -0.437557270712, -0.580217146886, 0.686943736638, -0.549483609465, -0.43218637004, -0.715040351645,  
1494, 1835576.858742567, 75.95586632807334, 145.64335702994669, 79.89997177728894, 37.65708147046138, -0.267269088431, -0.879288016268, -0.394233203596, -0.0526651769104, -0.39517581398, 0.917094572651, -0.962181694645, 0.265873391848, 0.0593104206405,  
1501, 1388999.6420507808, 69.21568290886009, 110.52086731897802, 64.93554362356122, 46.204764327824, -0.753675291511, -0.639180161034, -0.153043381778, -0.180186852759, -0.0229902719901, 0.983363689327, -0.632065070272, 0.768713320513, -0.0978446616185,  
1503, 1871320.258341518, 76.44571904199672, 110.16571548958396, 92.86661927171126, 43.66700589066967, 0.373444251314, 0.798914890038, -0.471459849442, 0.865044234705, -0.483457471061, -0.134042327937, -0.335019198202, -0.357776287854, -0.87164113297,  
1509, 975888.484890186, 61.53240096845231, 143.2200699707766, 70.8697529659142, 22.95338724677489, -0.417314657217, 0.651015277138, -0.634056453168, -0.0755129254832, 0.670460193678, 0.73809276299, 0.905619277046, 0.355896386082, -0.230632797792,  
