# Void_ID, Void_Volume, r = (a*b*c)**(1/3.0), a, b, c, vector_a, vector_b, vector_c 

0, 1974539.9943236816, 77.82619092975277, 129.61415947502869, 79.75261004521451, 45.60158863922761, -0.870635336996, 0.489467994653, -0.0491446048349, 0.49180787056, 0.863850000464, -0.109033000301, 0.0109145970988, 0.119097686414, 0.992822548425,  
3, 3190810.02775722, 91.32803488301933, 123.2429786894827, 85.77637196083761, 72.05804571191396, 0.44707161858, 0.604278492679, 0.659525944255, 0.799255744361, -0.600926659943, 0.00879798139908, -0.401643153765, -0.523196571717, 0.751630310976,  
7, 2156282.3575606993, 80.14424465081187, 112.58320206700361, 72.18990740256552, 63.33837819749726, 0.00136098766204, -0.961261342107, 0.275635229756, -0.648051031075, -0.210770818271, -0.731850752058, 0.761595699065, -0.177629655, -0.623233260369,  
9, 787689.9914028401, 57.291330211810994, 117.84042680380884, 69.66454451576543, 22.906598790236586, -0.115985982287, 0.525148232676, 0.843069739482, 0.814704720943, -0.43522827217, 0.383187380763, 0.568157961825, 0.731297261599, -0.377360365689,  
10, 1062377.994593644, 63.29899562302973, 103.20551943228588, 62.99382343431227, 39.01122288130296, -0.41117762696, -0.194154448725, 0.890638540109, -0.910516905226, 0.134099623686, -0.391121792062, 0.0434962571471, 0.971761977527, 0.231919672832,  
13, 2450781.014363319, 83.63831972025916, 100.12573550340905, 94.33543189683198, 61.94344235232729, -0.228520141443, 0.072944380248, 0.970802586701, -0.871904295776, -0.458939195304, -0.17075630009, 0.433083645456, -0.885468199544, 0.168477368316,  
18, 699612.254153119, 55.07099622147361, 148.86502552635758, 51.03520370268063, 21.983977441088296, -0.583936707988, -0.268341515699, 0.766166269172, 0.150949145653, 0.891437469518, 0.427262908953, -0.79764169681, 0.365146640259, -0.480037138789,  
21, 3690519.273581769, 95.86637142419339, 105.36611835941338, 92.48015901619331, 90.41683891507161, -0.918267677271, -0.154732948214, 0.364475222226, -0.321450555088, -0.246155846853, -0.914372374743, -0.231201240294, 0.956799359216, -0.176297965642,  
23, 1528217.6308734915, 71.45493011814666, 107.71851349621403, 86.71448092991668, 39.058415055439866, 0.0772040637251, -0.610466357398, 0.788270485956, -0.24425588649, -0.778117797711, -0.578681047555, 0.966632605729, -0.147863177869, -0.209183857339,  
29, 1364554.7777390634, 68.80723745545758, 98.31851026428164, 74.13518798613424, 44.693326738702254, 0.300283767227, -0.851221890983, -0.430407889624, -0.604651479587, -0.518858669447, 0.604303127058, -0.737716915472, 0.0787843477467, -0.67049741176,  
31, 731700.840213077, 55.900408488689266, 153.2315953343637, 69.53192045763709, 16.39503682941914, 0.655252176025, 0.381904202909, 0.651762046773, 0.452516641059, -0.889299034367, 0.0661507145743, 0.604874594754, 0.251587772505, -0.755533134513,  
36, 2602138.9762821295, 85.32585056022548, 161.23513600803986, 96.8431615797756, 39.78443832736444, 0.142574764335, 0.778323250984, 0.611461653379, -0.302182202734, -0.554049042779, 0.775703277386, 0.942527640404, -0.295368541272, 0.156202022717,  
40, 1863860.9101690077, 76.34400928316258, 130.55907129827503, 78.83066043569302, 43.23372677992837, 0.280191574955, 0.278411346119, 0.918683734305, -0.853845500683, 0.509625119242, 0.1059721605, 0.438680455785, 0.814106479639, -0.38051294002,  
42, 772846.3622512922, 56.92917007011035, 118.64327015143279, 70.90953976098864, 21.930916561211603, -0.127509599398, 0.80501078339, 0.579395323321, 0.988346603193, 0.0541599439725, 0.142259243726, -0.0831402069873, -0.590782818889, 0.802535586057,  
48, 729930.5148217302, 55.855289032663975, 118.66191940424635, 92.08945115902206, 15.946730579387966, 0.57189924323, 0.127786964723, 0.810309661327, -0.313011347659, -0.879062295162, 0.359546071403, -0.75825797182, 0.459260245255, 0.462736291314,  
49, 1822297.321852281, 75.77225448627892, 120.77610928665037, 86.70538643565583, 41.543541302746796, -0.327146945373, 0.460942798927, 0.824928246729, -0.771975728556, 0.373109664225, -0.514628655422, -0.545003073985, -0.805183776898, 0.233774966084,  
50, 1675245.4326377753, 73.676662502076, 126.36806954489282, 77.55407263114836, 40.80824079449733, 0.243297645065, -0.284667705599, -0.927238131924, 0.843364013143, 0.534282902071, 0.057261871173, -0.47910687455, 0.795930950487, -0.370068270479,  
54, 1911783.2715701559, 76.99278263077908, 107.98342338102675, 66.62638572768567, 63.43759373701311, 0.276130420622, -0.234099070392, 0.932174670354, 0.633323749347, 0.773857642511, 0.00673629270321, -0.722947452668, 0.588508261937, 0.361946137307,  
55, 1812432.1422917838, 75.6352735705472, 117.83621335904463, 102.58073626581914, 35.79551014757973, -0.365683759288, -0.885502965927, 0.286635457553, 0.758999342764, -0.105468476884, 0.642492333081, -0.5386978614, 0.45250513557, 0.710664278268,  
56, 770544.924024812, 56.87260460733896, 99.91165466931676, 53.32807981927599, 34.52528376018353, 0.444336842922, -0.116951451046, 0.888193181757, -0.541911521487, 0.754393232507, 0.370435896784, -0.713369941126, -0.645920435383, 0.271827368478,  
64, 1015884.1961011763, 62.36178413553996, 118.68699097118603, 85.54239596857735, 23.88752007666487, -0.132295646293, 0.170963759494, -0.976355086488, 0.984443885575, -0.0922350492645, -0.149542408168, 0.115620491806, 0.980950604581, 0.156101932235,  
65, 2640471.526760198, 85.74279305412882, 130.08444326885922, 74.16981986350422, 65.33415710669958, 0.449410232746, -0.838350750807, -0.308542478964, -0.78825596269, -0.209633932232, -0.578537943216, -0.420336745939, -0.503211320499, 0.755046612425,  
68, 334987.20787766663, 43.08372097271374, 123.33732814268174, 54.70258633119912, 11.853243807242709, -0.40019940448, 0.908255303973, 0.122117727866, 0.103004534666, -0.0878292306303, 0.990795686348, 0.910620943363, 0.409094523371, -0.0584052091491,  
71, 1105311.9691354013, 64.14046260074936, 119.02413221044165, 72.69044569776894, 30.498881188463734, -0.674996143066, -0.726620446569, -0.128073937527, -0.170080866654, -0.0156725870259, 0.985305469798, -0.717950350403, 0.686860318146, -0.113005299486,  
81, 923380.6556045132, 60.4084075929737, 122.13845630967975, 67.28312877659478, 26.824618698879853, -0.639169055114, -0.462670633018, 0.614327928983, -0.0428004139859, 0.818958882888, 0.572253853374, -0.767874367034, 0.339473465063, -0.543255669985,  
85, 1146355.2865915978, 64.92473857927318, 111.64887340116297, 63.10144759022384, 38.84516417615287, 0.649276465481, -0.45558544009, 0.609000803079, -0.298710917162, 0.583636300184, 0.755076457768, -0.699436815832, -0.672168562108, 0.242852969455,  
86, 1879266.3708939068, 76.55376905211838, 128.43676224258326, 77.31969266690412, 45.177299264098416, 0.563775984868, -0.405655711312, -0.719444287465, 0.251201703916, -0.745590115142, 0.617246372329, -0.786800065351, -0.52871431235, -0.318444395587,  
92, 1554268.5169623727, 71.8586653916786, 120.56385902129347, 95.22930009422551, 32.31838928834765, 0.775302712647, 0.268120650635, -0.571854020241, 0.281240535201, 0.664142875122, 0.692688965399, -0.565516989243, 0.697872164603, -0.439505377384,  
98, 722139.9478637463, 55.65586287366853, 103.2271551204068, 88.29833553816295, 18.914126327072687, 0.748852644167, -0.375603144872, -0.546023804322, 0.00575168888733, -0.820178368723, 0.572078981919, 0.662711577837, 0.43154341733, 0.612032387672,  
102, 1638756.4020375418, 73.13780642402688, 122.79371045118334, 102.92892026655778, 30.953677425008223, -0.769706176192, 0.622053982717, -0.143531337758, 0.637909472672, 0.758222569462, -0.134796290134, -0.0249781305799, 0.195313537025, 0.980422722731,  
104, 919470.8251338244, 60.32302540672389, 100.01174681265535, 65.85972742290333, 33.325632637199426, -0.931184851039, 0.190177733865, 0.311009972088, 0.329924765897, 0.0767566369977, 0.940881537456, -0.155062639099, -0.978744526533, 0.134218961913,  
106, 1561417.594703474, 71.96867159690402, 115.88135287863942, 70.44950624820797, 45.66031981791356, 0.393934485866, 0.80324611544, -0.446778803074, 0.507170645714, 0.215425206667, 0.834487816842, 0.766546513247, -0.555326623135, -0.322519433005,  
109, 861343.1503808823, 59.02407617619635, 105.85910461258452, 56.70644063862039, 34.25523810500547, -0.40991554099, 0.442472840891, -0.797613336353, 0.911139729558, 0.158033815779, -0.380591258821, 0.0423514164486, 0.882747471332, 0.467935101676,  
112, 2059853.0302812976, 78.93129141678398, 106.37457422586374, 92.74852860058404, 49.84283794004629, -0.84874467436, 0.191441293495, 0.492932763052, 0.463767876645, -0.178392968737, 0.867810639078, -0.254070530242, -0.96515603912, -0.062625759973,  
113, 1757190.609879122, 74.85889661020985, 116.24044210931012, 98.43206792332057, 36.66370942410598, -0.618561102782, 0.411962232733, 0.669080922554, 0.606922094831, -0.290308192914, 0.739842364246, -0.499026785786, -0.863717703841, 0.0704556253262,  
115, 1701097.0045436148, 74.05371042398426, 138.074321657917, 87.49937769181872, 33.61418515916684, 0.395205789216, 0.606774081365, 0.689664844945, 0.786239695658, 0.164800344707, -0.595540080394, 0.475015289377, -0.777602765278, 0.411939818773,  
116, 1383126.661726165, 69.11799231035481, 126.3924289995278, 83.55563247118708, 31.26630446509886, -0.203187366332, 0.157531579431, 0.966384341577, 0.963455607808, -0.143781042416, 0.226009521094, -0.174551384831, -0.976990692547, 0.122560192273,  
124, 2190019.546327159, 80.56006239332241, 127.75062683921735, 72.72101361189249, 56.277710142990955, -0.461045521875, -0.17984943214, 0.868959842868, -0.875788322186, 0.249960824689, -0.412933894036, 0.142939992591, 0.951406205508, 0.272753351287,  
127, 2270590.768784053, 81.53612845555294, 156.91965919391023, 113.38134219885943, 30.467113362920706, 0.711585636832, 0.294038038957, -0.63811246117, 0.647774531559, 0.0771591698317, 0.757914651379, -0.272091965552, 0.952674180482, 0.135564995944,  
128, 2392353.800783546, 82.96831419980624, 101.46939613435093, 82.31296923503277, 68.38068608662121, -0.399897608371, -0.748681519496, -0.528732337941, -0.895115171392, 0.194954321106, 0.400950922965, 0.197105892258, -0.633615652464, 0.748117953393,  
129, 915003.9628575474, 60.225182109356, 113.09666034074164, 104.5949375675619, 18.466046291252436, -0.2673412054, -0.27369683615, 0.923914888816, 0.817662458202, -0.571760017639, 0.0672204334764, 0.509859573159, 0.773421310872, 0.376646640164,  
136, 573801.1359317285, 51.54947715681546, 95.91305155808746, 39.984692694484586, 35.71916707371481, -0.93232601528, 0.172940774508, -0.317584145928, 0.0366263234875, 0.918872909084, 0.392849957845, 0.359759244023, 0.354632296137, -0.863023302626,  
139, 983886.1345515654, 61.70003499181415, 109.47091732527939, 62.36216508553846, 34.406166691974285, -0.589481526592, -0.749836047467, -0.300428746504, -0.774950529873, 0.629909823323, -0.0516264537861, -0.227954394683, -0.202384575502, 0.95240604657,  
142, 1567450.7688631674, 72.06124591162454, 104.78172904330323, 81.41012108323086, 43.867343825788396, 0.849801383783, 0.454613682812, 0.266765828996, 0.234449243633, -0.779279632937, 0.581168483187, -0.472092321776, 0.431334734388, 0.768816744505,  
144, 817342.3114418339, 58.001397468923315, 99.97132548204084, 89.62129158833692, 21.778538074497032, -0.704214942155, -0.130500165122, -0.697890408409, -0.428136370936, 0.862189140582, 0.270793526037, -0.566374931585, -0.489489114041, 0.663038342864,  
145, 1634447.9618712706, 73.07365484799065, 91.58527849428678, 77.74818150664747, 54.79823599483562, 0.83843920916, 0.220566057164, -0.498367642379, 0.352714307375, 0.477500688211, 0.804727102893, -0.415466376396, 0.85049615354, -0.322558495314,  
149, 3655472.166828793, 95.56193991825003, 104.1069415167948, 100.1857886818188, 83.66986397949965, -0.296760356716, -0.834166842715, 0.464864463254, 0.143886741463, 0.442177461159, 0.88531107441, 0.944049731906, -0.329613063087, 0.0111951922704,  
150, 3577106.129794539, 94.8741152128301, 113.80814486652888, 93.98751185128057, 79.83617462688595, -0.526148699345, 0.614679306577, 0.587653721373, 0.850344136504, 0.372911996631, 0.371283573946, -0.00907720721181, -0.695058265784, 0.718896106175,  
151, 3469674.7501156735, 93.91465889124231, 102.0551693480246, 95.55171637327284, 84.94281629598048, 0.491487866621, 0.425551952012, 0.759832358552, -0.547173170126, 0.829662911249, -0.110729289678, -0.677525792025, -0.361337778037, 0.6406198649,  
152, 3633129.8768151216, 95.36685000263051, 110.99485879368953, 92.87649862445227, 84.1363401065574, 0.520235389623, -0.850995966349, 0.071840132531, -0.656601709181, -0.452347133214, -0.603536466648, -0.546103776662, -0.266810675071, 0.794092393103,  
153, 3734159.3880340043, 96.24276259195356, 99.99448997949459, 95.15196817894284, 93.69370145619094, 0.143693254328, 0.983358594494, -0.111167096283, 0.457362454014, 0.033627723999, 0.888644339338, 0.877594344967, -0.178535853022, -0.444919222856,  
154, 3407651.1561279977, 93.35168756969108, 100.7990381195913, 90.43888083692119, 89.23905296534126, -0.921781225447, 0.246557664329, 0.299213453196, 0.303748397459, -0.0203667877548, 0.952534568925, -0.240948715402, -0.968914089131, 0.0561177728463,  
155, 3600077.948511762, 95.07677271563992, 99.93905677181186, 97.47266833082406, 88.2277478874841, 0.863174989271, -0.0338103012838, -0.503771576634, 0.452583097841, 0.494117224818, 0.742304996404, -0.223824657816, 0.868737608064, -0.441811601124,  
156, 3442939.203588801, 93.67281714339873, 107.447615359144, 88.35679931440933, 86.57729003688446, -0.823361650192, -0.537121539772, -0.18323767218, -0.481310846266, 0.489821073067, 0.726921719063, 0.300691639823, -0.686713745233, 0.661822309875,  
157, 3888849.67740546, 97.55379800776326, 120.9850013613256, 99.13690408714771, 77.40440214001113, 0.232066947425, -0.874940282949, -0.42499933316, 0.882133126995, 0.373413347421, -0.287060304163, 0.409861047395, -0.308288782217, 0.858470703395,  
158, 3282741.344282539, 92.19683627278967, 102.48920933946765, 92.2348553011592, 82.90387723926408, -0.424772012956, -0.648245960745, -0.631938218015, -0.866776859317, 0.492679741145, 0.0772304915048, -0.261278803507, -0.580554775231, 0.771161163308,  
159, 3108040.0906027886, 90.53142039025643, 106.06036737793075, 94.17351938436744, 74.28755671786237, -0.289724220268, 0.906694346493, -0.306537498893, 0.252177448362, 0.381272197511, 0.889403196499, -0.923291075841, -0.180379803312, 0.339111656877,  
160, 2968740.092555213, 89.15817894523558, 94.36311886710189, 87.68077942491465, 85.65976525720916, -0.95486313169, -0.142948906483, -0.260388190736, -0.287502064206, 0.224329559859, 0.931138449239, 0.0746924548825, -0.963971918008, 0.255302131747,  
161, 3196949.5211621188, 91.38657264451703, 98.52656354475943, 93.49285056922075, 82.85437252041352, -0.772860210622, 0.369827972583, -0.515668852591, 0.633535832679, 0.49619622319, -0.593651123812, -0.0363241455308, 0.785504028499, 0.617789590123,  
162, 3507156.10081933, 94.25162117859342, 97.47492549113123, 94.83906353983383, 90.57040676287978, 0.0565002702498, -0.465855115963, 0.883055338239, -0.817287050521, -0.529594074088, -0.227094680126, 0.573454092768, -0.708878782037, -0.410659562004,  
163, 3169766.042070822, 91.12681674926063, 106.45480743883455, 93.87170665399508, 75.72488225816396, -0.974408386974, -0.186302408273, -0.125776420948, -0.161388163137, 0.19034061841, 0.968361662698, -0.156467748095, 0.9638785513, -0.215536498419,  
164, 3096205.8849752233, 90.41637145476811, 100.10701695200304, 93.86651151460566, 78.66218839017546, 0.102581158802, -0.994215651093, 0.0318173691673, 0.11537707447, 0.0436624108677, 0.992361690395, 0.988010747181, 0.0981266171795, -0.119188633919,  
165, 2976274.8041065303, 89.23354353417366, 111.81532790980856, 84.90770203044924, 74.84038097521453, 0.291927120473, 0.93893270444, -0.18216457632, 0.570912946577, -0.0182578690238, 0.820807564323, 0.767357129219, -0.343616103744, -0.54137880406,  
166, 3644042.2569390065, 95.46223508098514, 106.48127989707699, 97.52383991721922, 83.77428686870319, -0.909322305567, -0.232891403547, 0.344810873888, -0.392015414062, 0.201703321296, -0.897574334145, -0.139487847985, 0.951355540443, 0.274710349154,  
167, 3420106.304649567, 93.4652844297721, 101.69665988749846, 94.39031469341168, 85.05833408568365, -0.732377930178, 0.320874970282, 0.600551264119, 0.156851995267, -0.778772016398, 0.607380933234, -0.66258585781, -0.539030054748, -0.52002555813,  
168, 2591252.7993187355, 85.20669593858845, 125.89490349041095, 82.53200403506585, 59.53750554719709, -0.888363538977, 0.428058302247, 0.166061170937, 0.451620408986, 0.749465961334, 0.484086540805, -0.0827600676812, -0.505041446496, 0.859118099285,  
169, 3229577.7391934157, 91.69641948031588, 100.4307248317233, 90.91919337030087, 84.43742147200477, -0.585899737925, 0.804772485639, -0.0951984425153, 0.785490313363, 0.592862757982, 0.177535117122, -0.19931498868, -0.0292403241515, 0.979499126458,  
170, 3189372.7447740487, 91.31432008507345, 98.53667907715703, 91.30761964673765, 84.62754196272152, 0.00674281892525, 0.962126506024, 0.272519945689, -0.443271622002, -0.241411794515, 0.863267406194, 0.896361982416, -0.126621214158, 0.42485558088,  
171, 3246560.316244576, 91.85686562543124, 104.7135568510689, 96.6967279963469, 76.54559020799913, 0.875191544326, -0.175226914705, 0.450927143898, 0.0169519108174, 0.942633464876, 0.333398835653, 0.483479465397, 0.284143765123, -0.827955268889,  
172, 3784967.3495038175, 96.67729920852766, 109.66161463100434, 97.68578764042378, 84.35047053255698, -0.177542932619, 0.749141612847, -0.638173448976, 0.984091994757, 0.139391602058, -0.110149567089, -0.00643839510056, 0.647577659572, 0.761972257954,  
173, 3204334.6175776874, 91.45688755247247, 103.76154301236555, 92.9980012270749, 79.27554135694128, 0.732295194727, 0.600041093329, -0.322016201604, 0.1899304699, 0.274139531066, 0.942748075634, -0.65396495654, 0.751530574111, -0.0867849744691,  
174, 3369054.76851613, 92.99790259789786, 97.64628517467126, 92.39319839835959, 89.1504900028618, 0.298457315103, -0.947752071525, -0.112646535597, -0.870825146932, -0.222106848067, -0.438556850947, -0.390623596999, -0.228985936167, 0.891615750481,  
175, 2628759.0453181155, 85.61582716729713, 110.13751816046279, 108.02601546492987, 52.7470927176037, 0.52053834458, 0.098225048864, 0.848169600727, -0.155944876438, 0.98758940302, -0.0186645802074, 0.839476638945, 0.122552073901, -0.529395846082,  
176, 3469624.7519966406, 93.91420778470861, 102.22301434865392, 94.01814052567117, 86.18537135701831, -0.319490729319, -0.947588945307, -0.000929844794334, 0.0545605492034, -0.0193753575262, 0.998322463932, 0.946017346749, -0.318904039255, -0.0578912203819,  
177, 3410772.7607904775, 93.38018404357636, 97.80063525494575, 94.05322643612661, 88.5215077741006, -0.0606570073533, -0.955808203655, 0.287665439851, 0.998153643092, -0.0571686156038, 0.0205196046008, -0.00316737145987, 0.288378964586, 0.957511117712,  
178, 3267172.373033201, 92.05085207164487, 100.18203727210378, 91.00485820321948, 85.5517706162213, -0.217011745199, 0.334342495609, 0.917126489682, -0.711026078957, -0.697866245007, 0.086166229598, 0.668840651791, -0.633401768004, 0.389171405426,  
179, 3919916.881957801, 97.81288823341963, 106.00593234600746, 97.76611379717177, 90.29625252405484, -0.198201014951, 0.479865443359, 0.85466105208, 0.974647517482, 0.188848022159, 0.119994338169, 0.103819913015, -0.856776272312, 0.505129532758,  
180, 3678432.743673688, 95.76160215828293, 101.76708019040262, 97.92714387437076, 88.11783293320084, -0.569802030921, 0.810176424195, 0.137621972216, 0.8200135659, 0.57152681205, 0.0305753961201, 0.0538831819518, -0.130273806989, 0.990012796844,  
181, 3154501.933113057, 90.98030662972224, 111.83841619901004, 88.95550071931181, 75.69694836803872, 0.143357951155, 0.0659077352656, 0.987473882324, -0.267430505371, 0.963240584067, -0.0254657024714, -0.952853305938, -0.26042992846, 0.155713935551,  
182, 3706615.2376434077, 96.00554097849967, 100.3684817592413, 98.41499840777573, 89.58395931277657, 0.855929965772, 0.426130141149, 0.292911243379, 0.498751487989, -0.829871521278, -0.250120393811, -0.136494860424, -0.360175458598, 0.922844944778,  
183, 3281645.3066189485, 92.18657427498655, 105.55947385659594, 92.53421559183715, 80.20537338439262, 0.895297771679, -0.217286938656, -0.388880812481, 0.28333613063, -0.39587251418, 0.873501911616, -0.343747781238, -0.892228299711, -0.29285853938,  
184, 3529809.6886988785, 94.45411731517936, 97.62937024571366, 93.50008909828294, 92.31455252640264, 0.639963834207, -0.749819190624, -0.167980571138, 0.336230010825, 0.0766846666572, 0.938652673634, -0.690938253918, -0.65718387326, 0.301187127879,  
185, 3616923.1113833203, 95.22483360229738, 121.37087833353908, 98.51616590539228, 72.21520875880428, 0.704590266979, 0.5298853868, -0.471989441126, -0.429336550762, 0.847909037586, 0.310999019549, -0.564997948544, 0.0164845635647, -0.824927619434,  
186, 3471272.7004015883, 93.92907406792354, 114.00777946605166, 94.08592621819204, 77.2575571671547, -0.109472344016, 0.157447935824, -0.981440753892, -0.235852485712, -0.963291741575, -0.128228801744, 0.965603133217, -0.217437733887, -0.142588291956,  
187, 3566497.2354892213, 94.78023055729737, 102.62155711644085, 94.1961664396063, 88.0808412607868, 0.556577387005, -0.693117712383, 0.458049614186, 0.501848246523, 0.719873492051, 0.479510680699, -0.662095121366, -0.0370134060052, 0.748505215773,  
188, 3204599.113994001, 91.45940386827043, 114.01594475694591, 84.74810394298308, 79.17526363666735, -0.914286745775, 0.321416615541, -0.246517962335, 0.340757438778, 0.939339190902, -0.0390672798177, -0.219007110425, 0.119721525589, 0.968350474722,  
189, 2036062.2021939815, 78.62623452699118, 100.24110601217411, 72.56262939126054, 66.82570836487544, -0.0358289140946, -0.620164612502, 0.783653075228, -0.689084352634, -0.552602139992, -0.468821533028, 0.723794890746, -0.556800438466, -0.40754659593,  
190, 3335946.0166906985, 92.69225938701729, 111.29064014692443, 91.90437706709741, 77.86379529683394, 0.448609852809, 0.525393343434, -0.722987575715, -0.566895941429, 0.792671956804, 0.224276972711, 0.690925604935, 0.30924586266, 0.653443803914,  
191, 3313477.4861570755, 92.4836876467291, 109.70794585968702, 90.31373366683444, 79.83687593153509, 0.457862521808, -0.56838790411, 0.683591326441, -0.70199034515, 0.240663663392, 0.670291396662, 0.545501114976, 0.786775820412, 0.288811949157,  
192, 3512601.27985386, 94.300374029468, 102.8786082695962, 91.92162502260776, 88.67423940513382, -0.414382151161, 0.827815084127, -0.378166126579, -0.145635024907, 0.349851497439, 0.92541578183, 0.898375128952, 0.438550015656, -0.0244133457005,  
193, 3289696.281884257, 92.26190089090576, 95.91883149258557, 94.00178237846654, 87.1018194229888, 0.318217475614, 0.636834919416, 0.702266988848, 0.768589487716, 0.26035531763, -0.584367442586, -0.554984538151, 0.725710957609, -0.406615012535,  
194, 3306491.812843112, 92.41864868735998, 113.24673431897946, 88.8991829935109, 78.40709898207163, -0.879337230093, 0.464316946083, 0.105715700593, 0.469193085489, 0.806838142949, 0.358984762368, -0.0813872490058, -0.365269742332, 0.927337118332,  
195, 3781489.206444549, 96.64767671349257, 108.9336413240052, 93.76409225940615, 88.38441286452172, 0.680304161116, 0.639204688512, 0.358613461199, 0.662755063732, -0.327578939675, -0.673385301131, 0.312956824285, -0.695779709725, 0.646489459827,  
196, 3340081.5947840195, 92.73054715476144, 100.03550525631607, 94.41998552649575, 84.42097574976208, -0.977363045289, -0.0734070151284, 0.198426026101, 0.0804134112174, 0.738603876812, 0.669326524542, 0.195691494451, -0.670131123952, 0.715981225809,  
197, 3547653.493454069, 94.61301055995999, 105.46344213828696, 96.95899880978868, 82.8252053521958, -0.356937842299, -0.747493885676, -0.560221623656, -0.913227952379, 0.405385788714, 0.0409520366168, -0.196494487784, -0.526227377837, 0.827329839354,  
198, 2614637.1024254276, 85.46223969492294, 97.70937163935024, 85.34896597340226, 74.84940047073083, 0.517017508724, -0.743971909921, 0.423318665926, 0.309748974729, 0.62364113094, 0.717723702029, -0.79796520496, -0.239953197621, 0.552877920182,  
199, 3540204.2134544705, 94.54674209156416, 102.614370076925, 92.12845289856867, 89.4000462944423, 0.14775466987, 0.964732868248, 0.217850982219, -0.623740375909, -0.0800463928742, 0.777522037275, 0.767539250457, -0.250764965476, 0.589915613539,  
200, 3184635.2005025367, 91.26908443893115, 97.63845959755936, 90.5428995004288, 85.99946801136639, -0.82520330376, 0.355473410241, 0.438951206941, 0.563529595265, 0.46531096404, 0.682583402965, -0.0383914407576, -0.810632075208, 0.584295931803,  
201, 3502839.350439966, 94.21293572605731, 108.39621346516071, 93.51776874028627, 82.49419001143724, 0.206310146321, 0.0455529657978, -0.977425726504, 0.452941623549, -0.889895339411, 0.0541310497919, -0.867340768776, -0.453884580265, -0.20422727197,  
202, 3437270.880221432, 93.62138245905268, 102.82719367886705, 97.37910842199443, 81.95045557561221, -0.416286605238, -0.423045499029, 0.80482169954, -0.874147998883, 0.429734507463, -0.226259870821, -0.250141436686, -0.797722231636, -0.548697095678,  
203, 3469849.6641871613, 93.91623701412213, 105.78228481440425, 92.51129103529809, 84.64754453042235, -0.130466677928, -0.687121565241, -0.714732397846, -0.990558974337, 0.120940057368, 0.0645478185868, -0.0420875790579, -0.716405930395, 0.696413080423,  
204, 3507540.2018592884, 94.25506184135472, 108.20003259754513, 89.757682111261, 86.22139151704053, 0.343040650152, -0.803943428966, 0.485796331157, -0.680252103289, -0.56926779781, -0.46172638039, -0.647750097116, 0.172073058318, 0.742166203951,  
205, 2695444.4302377, 86.33374717352847, 117.9828426635496, 86.8449220635413, 62.802724970592315, 0.0312749980641, 0.575787744423, 0.817000824888, -0.823297345666, -0.44864671777, 0.347703326491, 0.56674805259, -0.6835090314, 0.460013096421,  
206, 3465151.826008103, 93.87383339514605, 101.00801458793646, 93.23103350678846, 87.84505628243684, 0.828410738226, 0.20447558422, -0.521464652924, 0.317785458354, 0.595067795007, 0.738177974342, 0.461246193752, -0.777228444412, 0.427981184103,  
207, 3366452.296585287, 92.97395060019348, 100.10779166380578, 94.89803405915998, 84.59773954772562, 0.511818168702, 0.576875448084, 0.636597894738, 0.755334454129, 0.0508531126445, -0.653363469548, -0.409282328708, 0.815247617802, -0.409706354693,  
208, 3054319.6409913725, 90.00679384802987, 104.14224431662187, 89.43476467131069, 78.28752697585223, -0.311188115168, -0.294349669408, -0.903615089016, 0.214571042777, -0.948034571426, 0.234924922011, -0.925808416779, -0.120783788233, 0.358176006903,  
209, 3496745.1859097993, 94.15826746411223, 98.87538029139166, 93.62054948748785, 90.18120284297113, -0.62073096003, 0.752394402058, -0.220444412524, 0.750713867123, 0.651466631949, 0.109635382825, -0.226101227264, 0.0974366009775, 0.969218419047,  
210, 2924897.0535534397, 88.7170975796221, 99.47275205788584, 93.60134063754029, 74.99559810892607, 0.294800598991, -0.329116066791, 0.897092649292, 0.553994693798, 0.823800851787, 0.120175021694, -0.778577219085, 0.461556899174, 0.425185539202,  
211, 3480435.441824644, 94.01164624895287, 107.30054164257957, 99.06297012120672, 78.16848844415551, 0.249210386352, -0.831063354394, -0.49722015679, -0.396483440016, -0.555973275142, 0.730544043245, -0.883569502149, 0.0150803949452, -0.46805717232,  
212, 3538290.2826389344, 94.52970083895244, 108.23225843700772, 97.00178811854647, 80.45784377843357, -0.961056162726, 0.0273740965172, -0.274994019799, -0.116275802042, -0.942769045699, 0.312516342502, -0.250700997096, 0.332320907123, 0.909236946425,  
213, 3416221.125359466, 93.42987939215877, 102.44182436736577, 90.54222841703329, 87.92834146493172, -0.648077950447, 0.323806168484, -0.689307286626, 0.16133218263, 0.942939238904, 0.291268808118, 0.744289524978, 0.0775574431403, -0.663338485256,  
214, 3767617.9333527093, 96.52935746384821, 110.9934851741993, 100.19036022294881, 80.88254716687219, -0.773245196054, -0.329695993889, -0.541657104073, -0.54991729967, 0.773974360852, 0.313934152757, -0.315725878417, -0.540614687516, 0.779777487069,  
215, 3443375.450994445, 93.6767733365631, 100.13386386430778, 95.84829102454438, 85.65060227886654, -0.398158956244, -0.260711063347, -0.879488025508, 0.0228446168493, -0.961282649666, 0.274615715013, 0.917031934582, -0.0892491394916, -0.388699140797,  
216, 3835496.9485328146, 97.10561521593642, 108.65489979743272, 98.56580467897635, 85.49829316876658, -0.118302899842, -0.11366129135, 0.986450979389, -0.306002797365, -0.940906403424, -0.145111777606, 0.944651635204, -0.319023903249, 0.0765312828998,  
217, 2959352.669038232, 89.06410432103827, 101.40723972238824, 85.41817604254324, 81.56218639583679, -0.556187108964, -0.263847919477, -0.788061022517, -0.830192957706, 0.133165054346, 0.541337899354, 0.0378886895876, -0.95532787235, 0.293109371247,  
218, 2230268.3985969108, 81.05058873482527, 105.48921400529065, 83.17435657572965, 60.68355502186509, 0.482105188091, -0.030826248853, -0.875570859495, 0.737953172231, 0.552958055603, 0.386862384238, -0.472228443881, 0.832638655795, -0.289332275532,  
219, 3524508.51303129, 94.40680893442659, 108.48880706917674, 94.57088134526863, 82.01014587448535, 0.457365014473, 0.235788434743, 0.857450323679, -0.485579573343, 0.873993056639, 0.0186712318446, -0.745003168777, -0.424899930558, 0.514227894541,  
220, 3387422.1673237714, 93.16659826335336, 100.42997279203415, 94.11102993537999, 85.56119559821545, 0.93944746569, 0.234995107323, -0.249430869669, 0.276578204276, -0.0901594500437, 0.956752721704, -0.202343658485, 0.96780606172, 0.149694591648,  
221, 3096682.318188526, 90.4210088674215, 98.98924742214133, 94.01889471829132, 79.43371625326263, 0.677580506194, 0.695362572326, 0.239490189016, 0.330425257835, -0.578754759632, 0.745561585108, -0.657041708426, 0.426044388781, 0.621918300243,  
222, 3143324.3369739433, 90.872720218115, 107.27594089894535, 89.82852722517708, 77.87247430283732, 0.0743047033078, 0.951023656829, -0.300054687045, -0.740973879273, 0.254023415217, 0.621634792106, 0.667410309556, 0.176142296661, 0.723558822782,  
223, 3612690.51641065, 95.18767444241116, 103.55845578187066, 94.60805385958393, 88.02954863086299, 0.53485194764, 0.84129586042, -0.0784517007229, 0.329625498258, -0.122260598066, 0.936162046367, 0.777997702441, -0.526567774746, -0.342703886169,  
224, 3307247.8527020323, 92.42569208977835, 105.4646974476273, 92.55351930642455, 80.88688028308715, 0.53433890786, -0.6934276038, -0.483363310394, -0.1856709315, -0.654166014363, 0.733207426891, -0.824626119367, -0.302034739626, -0.478295702799,  
225, 3607839.8483143314, 95.14505333439779, 104.98932873778547, 96.38601159504954, 85.11370052483647, -0.329143466702, -0.921214458847, -0.207433119676, 0.189114240053, -0.279531306871, 0.941327813617, 0.92514884345, -0.270603343088, -0.266220675706,  
226, 3123358.1446061432, 90.67990551571468, 99.44586622560577, 89.4188945280426, 83.85271818220691, 0.0868681366903, 0.881389944049, 0.464333601367, -0.918424281904, -0.109714593554, 0.380078342412, 0.3859414013, -0.459471951801, 0.79995922413,  
227, 3284643.597977152, 92.21464130103904, 112.47222258417632, 90.28877643607873, 77.21836446515128, -0.976481283856, -0.205303587554, -0.065838736446, -0.0595717213613, -0.0365655092566, 0.997554095549, -0.207208861522, 0.9780150308, 0.0234752473115,  
228, 3300328.989770424, 92.36119464052784, 108.1175177800118, 90.70619744994461, 80.3406974407387, -0.983165873106, -0.0364589099388, -0.179040816143, 0.0289992926472, -0.998605831995, 0.0441070666916, -0.180399298737, 0.0381725057109, 0.982852457301,  
229, 2500947.8998318613, 84.20515476564756, 105.85606339234603, 89.44398769511936, 63.059299604003535, -0.470004311641, 0.859743298434, 0.199843458328, -0.771723512767, -0.290368102293, -0.565799597926, -0.428414246823, -0.420152146215, 0.799958378386,  
230, 2542189.3942345385, 84.66549095389436, 98.71426450594315, 89.86775167360081, 68.41250653304897, -0.54543992854, 0.440444079564, 0.713094872462, -0.728045240369, 0.17255796598, -0.663456009358, -0.415265472115, -0.881040726161, 0.226543211142,  
231, 1845140.9432000294, 76.08755794714794, 102.95245197571636, 82.28189681224816, 51.999593342646946, -0.544841077648, 0.76901528812, -0.334310763728, 0.836731909814, 0.524753069331, -0.15656924132, -0.0550264591521, 0.365033837973, 0.929366658498,  
232, 3497752.352437993, 94.1673067227032, 105.85965678824056, 95.01243525373624, 83.02129757031838, 0.63170993642, -0.394828906978, 0.667122695194, -0.673330121718, -0.705913650716, 0.219800966603, -0.384147241844, 0.588044260194, 0.711782863405,  
233, 3784606.326396115, 96.67422530717401, 116.7475919174701, 91.65879944371841, 84.43256942610276, 0.196455613915, -0.610440945494, 0.767311568938, -0.928508287543, 0.135651651645, 0.345645757055, 0.315083404395, 0.780359200285, 0.540149948445,  
234, 3502439.6490821745, 94.20935211221575, 124.15576321006002, 89.59250931819923, 75.1698124806671, 0.484029387082, 0.776237938552, 0.403943331661, -0.618036072637, -0.0235365588535, 0.785797329671, 0.619473135302, -0.630000550118, 0.468350660818,  
235, 3240790.605385385, 91.80241806922137, 113.58434460224666, 84.78202964862672, 80.3415259737604, -0.0220993816603, -0.744249076057, 0.667536463513, -0.987902719507, 0.118768073265, 0.099711391346, 0.153492130487, 0.657257527581, 0.737870387207,  
236, 3167681.185221448, 91.10683335678063, 100.00465837611257, 90.67537388875766, 83.3956254502639, -0.829486503377, -0.5274341426, 0.183753546729, -0.556560540638, 0.808133809385, -0.19276957938, 0.0468241958865, 0.262169737669, 0.963885119363,  
237, 2376320.6232935544, 82.78255174832069, 111.16720764285456, 87.79762752423825, 58.12419489733769, -0.843157391226, -0.456838175292, -0.283521595679, -0.498254672051, 0.465719598739, 0.731332713018, 0.202059138373, -0.757894542101, 0.620296677126,  
238, 2692231.1214934974, 86.29942663708158, 112.28731985983077, 80.6917879492034, 70.93550688853826, 0.294558155145, -0.847121826226, 0.442289616393, 0.317197748799, 0.523253279303, 0.790943483351, -0.901454980237, -0.092685582643, 0.422833656863,  
239, 3538960.2343802373, 94.53566665256902, 102.96521209865728, 97.96675677854594, 83.75636563674291, -0.540175846943, -0.0696111901924, -0.838668192183, -0.27608657312, 0.956075473888, 0.0984677224957, -0.794975633917, -0.28473491256, 0.5356675938,  
240, 3603472.528915602, 95.10664654673029, 103.94865889133524, 93.11572068945065, 88.87727012522076, -0.0687782119069, -0.856581773076, -0.511407101634, 0.220380131195, -0.513002293812, 0.829615118183, -0.972986205114, -0.0556445197524, 0.224056984002,  
241, 3407354.773726561, 93.34898105247908, 102.18046920618478, 94.42556515719602, 84.30848008425664, -0.964491099098, 0.2506333372, 0.0833057623764, 0.125758276863, 0.158434939082, 0.979327946032, 0.232253687939, 0.955029476175, -0.184328305141,  
242, 1753366.7268675533, 74.80455616596169, 97.98866419947335, 75.69864683738008, 56.43131854897483, 0.508386061314, 0.454520300306, -0.731406117879, 0.761197086044, 0.159944058661, 0.62848778373, -0.402644519223, 0.876258634599, 0.264666198127,  
243, 3245205.6879427196, 91.84408807953609, 104.411137480682, 91.15506471306341, 81.40029679553771, 0.407814337626, 0.546989777351, 0.731087990259, 0.676693126968, -0.718626574484, 0.160194439227, -0.613003978732, -0.429392629092, 0.663210443329,  
244, 3667645.078335264, 95.66789779200325, 102.72777184793658, 98.86650656003917, 86.21079212823301, -0.812144830276, 0.0191705485839, 0.583140861818, 0.135286257895, 0.978408788662, 0.15624938622, 0.567554757781, -0.205788076274, 0.797203151388,  
245, 3543019.267152611, 94.57179560311374, 109.72308348583553, 91.46403381479324, 84.28233322637607, -0.346688994458, 0.0247321274159, -0.937654020945, -0.113845625821, 0.991152328662, 0.0682366094436, 0.931045602859, 0.130404690332, -0.340805959655,  
246, 3458225.879541072, 93.81124847054289, 95.08923499116538, 93.70017902160225, 92.66014449625492, 0.633833763928, -0.661330502967, -0.401119340784, -0.68509243665, -0.720741212309, 0.105737685452, 0.35903079666, -0.207783711406, 0.909902641124,  
247, 3001770.2710996633, 89.4876178997392, 108.87178786492402, 87.91657632902542, 74.86911864012832, 0.408305708975, -0.224833796892, 0.884723805373, 0.857417076723, 0.427040367937, -0.287180223372, 0.313244959356, -0.875834623618, -0.367139357071,  
248, 3317230.6653197715, 92.51859325840721, 97.75202841762881, 93.02052182858907, 87.09285202556767, -0.846405179331, 0.340973463618, 0.409066460995, 0.212604073356, -0.487918600865, 0.846602000306, -0.48825995166, -0.803537513772, -0.340484483592,  
249, 2817223.059943801, 87.61481368543915, 92.748035072174, 90.34541342857429, 80.26418460644379, -0.271436524561, -0.308284739376, 0.911747077101, 0.413809333014, 0.817901561073, 0.399748511323, -0.868955723294, 0.485795796464, -0.0944372547911,  
250, 3299714.925626225, 92.35546599791682, 95.91019237986347, 94.23416124290402, 87.15949001487579, -0.347950528966, 0.354304493989, 0.867985457788, 0.515095780963, 0.845824358955, -0.138771359553, -0.783330559743, 0.398810079282, -0.476805783141,  
251, 3279710.143538312, 92.16845012117686, 103.09194365681606, 93.17075027941176, 81.515938548661, 0.545531138476, -0.574995465135, -0.609734361855, -0.792399692939, -0.116935319977, -0.598689282995, -0.272944140043, -0.809756967254, 0.519418088249,  
252, 1893228.8634487188, 76.74289340817427, 103.95157892901535, 94.35268093517861, 46.081772195443996, 0.280548683296, 0.902057757479, 0.328000363527, -0.895673954714, 0.123187985009, 0.427308889676, 0.345051594907, -0.413662329107, 0.842509866014,  
253, 3189376.626656876, 91.31435713220628, 101.05417048081368, 94.32699713357253, 79.87795677524794, 0.50452714685, 0.862893357583, 0.0294518510442, 0.546020842615, -0.292458713533, -0.785066328605, -0.668815069748, 0.412168599383, -0.618711118505,  
254, 3355676.3043232895, 92.8746415551583, 99.61550586049513, 93.41051437769708, 86.09317882715555, -0.849897182986, 0.522814496231, -0.0658770133185, -0.378576530854, -0.518841944193, 0.766474296524, -0.366544115543, -0.676363836612, -0.638887605048,  
255, 3284291.1188006927, 92.21134262721591, 100.81632802847359, 94.76420575245366, 82.06875294506892, 0.756845915045, 0.433999656045, 0.488700889536, 0.429101305197, -0.893947845386, 0.12934187106, -0.493007434791, -0.111810322795, 0.862810593907,  
256, 3611075.386768734, 95.17348710746872, 106.93354205458357, 93.42027955356266, 86.29643018091896, -0.890954093861, 0.453731674393, 0.0181209901933, 0.1473812044, 0.251193459226, 0.956650733879, 0.429510865081, 0.855002581104, -0.290673361495,  
257, 1755767.921989884, 74.83868829201631, 125.56058170990369, 66.40339488116022, 50.27301115112047, 0.0183372050817, 0.760783886592, 0.648746194449, 0.638755558899, -0.508091758435, 0.577783783942, 0.769191187472, 0.40379529828, -0.495271919456,  
258, 3130630.765486704, 90.75023253195874, 107.08894985856344, 87.1432871104283, 80.08748246932093, -0.705625939268, 0.600599895742, -0.375994413611, 0.686908336476, 0.449553349337, -0.571015519387, 0.17392231344, 0.661197059382, 0.729773579648,  
259, 3415958.804433205, 93.42748793495667, 108.3016102097971, 90.09793392184294, 83.57459284581417, 0.0940341918937, -0.986231696904, 0.136031653582, 0.532012518803, -0.0657129617714, -0.84418273288, 0.841498811997, 0.151752583756, 0.518508343936,  
260, 3673659.7174790623, 95.72016508397141, 109.79898130729416, 97.71901002658508, 81.73968268593035, 0.374065525902, 0.885209275091, -0.276549311381, 0.81435564912, -0.45620311026, -0.358752838228, -0.443733995856, -0.091012424883, -0.89152503018,  
261, 2840083.41405745, 87.8511590025209, 109.49092448276652, 81.92722438889116, 75.5850878012222, -0.0873971101782, 0.420824974333, 0.902921971219, 0.995429633017, 0.00187031396745, 0.0954795665982, -0.0384914385888, -0.907139924655, 0.419065109801,  
