# Void_ID, Void_Volume, r = (a*b*c)**(1/3.0), a, b, c, vector_a, vector_b, vector_c 

0, 1980695.0663209427, 77.90697412100458, 109.68162625175977, 90.4362664867907, 47.67080705344945, -0.852930912044, -0.0929419383919, -0.513683419402, -0.460711405105, 0.596729703931, 0.657007352815, -0.245466617866, -0.797041690587, 0.551788621647,  
3, 2265758.2552096415, 81.47824274009129, 126.14264002575383, 80.76791616412974, 53.09139876206957, 0.732227230456, 0.473969904439, -0.489076489585, 0.598568748602, -0.105284457702, 0.794122557395, -0.324898039661, 0.874224063185, 0.360795719448,  
4, 2387752.556855738, 82.915088730685, 123.70965134717314, 83.1062739650262, 55.44511840071131, 0.370855889996, -0.623096006969, 0.688634355049, -0.379038917991, 0.575383615593, 0.724750435361, -0.847818027352, -0.52979718856, -0.0227932334359,  
7, 1522957.447350628, 71.37285234043223, 127.99658706738369, 77.8379305998901, 36.49299341463577, -0.0307785764971, -0.961932572542, 0.271548163521, -0.509343705228, -0.218661888689, -0.832319631139, 0.860012598264, -0.163928961193, -0.48322419901,  
9, 1347447.442104544, 68.51848340267848, 128.3846383001955, 65.9831972933986, 37.9731659420001, -0.616972071374, 0.356070755377, -0.701825534096, 0.079521616212, 0.915432600068, 0.394537029045, 0.782957071428, 0.187608027273, -0.593111669421,  
10, 2143837.937432486, 79.98976991038566, 121.21607120961683, 75.52776711709873, 55.90317746633501, -0.317462838146, -0.931558128675, 0.177247847084, -0.920780221151, 0.258146187368, -0.292445431294, -0.226674062772, 0.256046868458, 0.939712121035,  
14, 1371293.788208474, 68.92032231297497, 132.9320043931541, 101.89740166254971, 24.168474359680626, -0.318266459755, -0.48982602785, 0.811650739565, -0.590274842691, 0.77234522589, 0.234645396569, -0.741809996347, -0.404417252953, -0.534943562288,  
16, 1718064.615503179, 74.29911281954256, 128.62950802687408, 81.37326209484932, 39.1857848041092, -0.0535413384556, -0.9456288826, 0.320810444763, -0.369998695785, -0.279616337519, -0.885954665268, 0.927488161754, -0.166134644746, -0.334910420294,  
17, 1997531.378570462, 78.12709333402604, 107.0527090486196, 97.76362512865789, 45.564860180021846, -0.697973542243, 0.198107951173, -0.688175976049, -0.454223475346, 0.620460077652, 0.63930456473, -0.553637037032, -0.758803355107, 0.343079436144,  
20, 2402413.6378982053, 83.08444537223298, 154.33869258756357, 81.34165873041002, 45.68475854781034, 0.801839294123, -0.596698605387, -0.0316941750109, 0.288422720095, 0.340036843744, 0.895090654308, -0.523322157885, -0.726860178594, 0.444756337606,  
22, 2006968.26350827, 78.24993135367264, 113.87333136443462, 81.88227156481194, 51.38542907198084, 0.310491858221, 0.939231914642, -0.146417951416, 0.546681953937, -0.0504254073196, 0.835820626412, 0.777646222403, -0.339559551205, -0.529117816717,  
23, 1195534.3554646375, 65.84020136928785, 119.73093445806226, 83.82324352717056, 28.438233619526976, 0.450799364497, 0.787775909775, -0.41974879267, -0.578872936255, 0.615958334508, 0.53432336073, 0.679474838857, 0.00210858464929, 0.733695779755,  
24, 1420897.2985878468, 69.74151217446438, 130.2699264379662, 91.7107185250994, 28.39290408576321, 0.876375329166, 0.190242278794, 0.442463736128, 0.404739760813, 0.207054358604, -0.890681884064, 0.261059396394, -0.959654296058, -0.104458717261,  
32, 1906682.9829662018, 76.9242540933156, 111.71457408860518, 74.55207419808491, 54.65379407947379, -0.497113362992, -0.848536906899, -0.181282712815, -0.837781339459, 0.523765671616, -0.154246388906, -0.225833415573, -0.0751973328446, 0.971259300879,  
33, 3210615.810414113, 91.51660701264588, 112.37911516698006, 100.16951664642644, 68.08924902658978, 0.777126790407, -0.305733287166, -0.550091909366, 0.443692579521, 0.886049785787, 0.134360232154, -0.446330423016, 0.348486634212, -0.824224616998,  
34, 1380418.794510448, 69.07285674301426, 105.39184919150189, 79.91078628860194, 39.129997999308614, 0.431480066409, 0.10792436166, -0.895643502992, 0.24487812715, 0.941529255652, 0.231424639126, -0.868250917152, 0.319178622265, -0.379822790198,  
35, 1937874.798629553, 77.34146042802492, 152.59955187801788, 63.08469496756175, 48.057352302020284, 0.611653439337, 0.704593895164, 0.359760355021, -0.439919260445, -0.0750365807441, 0.894896952637, 0.657534116557, -0.705632308251, 0.264068042587,  
37, 869757.2878850678, 59.215648396840294, 109.6413048605755, 87.02815499861121, 21.760831951199545, 0.13082492659, -0.860605338535, 0.492182171424, -0.655458691311, -0.447548883902, -0.608336995836, 0.743813647742, -0.243019439146, -0.622641798813,  
40, 823430.6435850448, 58.14505762182075, 104.59424366846906, 96.26293578483765, 19.524122748690502, -0.231425236792, 0.516184491462, 0.824618657653, 0.879682178701, -0.250945597342, 0.403962339397, 0.415453516355, 0.818889417412, -0.396003153774,  
42, 599644.1131202513, 52.31203983282415, 96.94950369977184, 76.14363719887046, 19.392140844508383, -0.952927951209, 0.160729447849, 0.257088242435, -0.242491922795, -0.913020010063, -0.328012390931, -0.182005459213, 0.374913997897, -0.909017880461,  
43, 3830264.0818314464, 97.0614338914714, 123.86281886407279, 112.64241598635957, 65.53860489336435, -0.74071037378, 0.192403793126, 0.643683868499, -0.666340983211, -0.332565061955, -0.667375586653, -0.0856611712948, 0.923244962054, -0.374540924032,  
45, 714548.9584532019, 55.46016113775937, 124.06648845819878, 61.8282024366346, 22.23833513094837, -0.805376825834, -0.539405800564, 0.245783544461, 0.102663563228, 0.281442877159, 0.954070280263, -0.583805071231, 0.793619108398, -0.171290249548,  
48, 2266251.988219736, 81.48416063773591, 129.8912127428662, 81.42988599813273, 51.151219283331656, -0.936883913823, -0.348637198456, -0.0264695272438, 0.106330350543, -0.356220483986, 0.928332280675, -0.333080153376, 0.866925066336, 0.370807956744,  
49, 517289.28633923625, 49.79835056257058, 140.44644648502452, 100.71540392547048, 8.730481979912863, -0.726999893679, 0.38218915233, 0.57044071246, 0.684838943164, 0.343502727907, 0.642651925886, -0.0496666539583, -0.857867896451, 0.511464461838,  
51, 2512781.6353200465, 84.33775702076005, 105.57967727239033, 93.32192072325871, 60.88385474737935, 0.710662727222, 0.624385635604, 0.324192945928, 0.337325918193, -0.706794867393, 0.621813670115, -0.617389433869, 0.332541115471, 0.712914225885,  
53, 877047.2863849073, 59.38062986547934, 132.57867686532217, 83.7180423546733, 18.86434172860001, 0.0734403114456, -0.50002246416, 0.862892841546, 0.846358094536, -0.426419161952, -0.31913112373, 0.527526773223, 0.753753430278, 0.391881703931,  
55, 1993356.262032329, 78.07262322694906, 104.2938773166381, 77.86460638076728, 58.599972138792296, 0.294593900859, -0.588117394349, 0.753214686554, -0.786244154641, -0.597171477892, -0.158765094666, -0.543170841328, 0.545439415936, 0.638326938704,  
60, 2232681.171149489, 81.0798058698017, 115.89016676943763, 106.89045719772272, 43.02814050096417, -0.166595361232, -0.149340213835, 0.974650443055, 0.265235170281, -0.958818122006, -0.101578114565, 0.949682204773, 0.241589133539, 0.199344928438,  
62, 3010638.4188094926, 89.57565585959932, 134.20489316354957, 103.06691456668428, 51.96158192153832, -0.126906281724, 0.984222476474, 0.123291980529, 0.454292927245, -0.0528224844584, 0.889284949491, 0.881766824004, 0.168866521074, -0.440421804803,  
63, 3056208.0920326295, 90.02534008469226, 106.73841927033358, 98.23993653428393, 69.58016781740491, -0.74582767471, -0.240892437579, -0.621057093313, -0.29652488688, 0.954918180966, -0.014291925044, -0.596501526484, -0.173499571118, 0.783635009251,  
64, 1954386.9637468392, 77.56050877643663, 134.4909475103123, 76.90536737992144, 45.10993937219591, 0.547097169992, 0.0685323901788, -0.834258951455, 0.307689870564, 0.910405203025, 0.276567007897, 0.778467488171, -0.408002056124, 0.476993387858,  
65, 430379.42207815056, 46.83684466785828, 97.93824222044351, 48.59509344165071, 21.588285957719705, -0.015671759145, -0.504168488938, 0.863463103281, 0.0623354598686, -0.862381968737, -0.502405842362, 0.997932205317, 0.045950786268, 0.0449426171142,  
66, 363287.8307497259, 44.26434889224768, 74.735980543045, 68.53850632840428, 16.931594878619514, 0.312384991312, 0.91035702657, 0.271414261559, -0.203409870958, -0.214984424445, 0.955199519285, -0.927922432965, 0.353598333453, -0.118017697738,  
70, 2690874.390179867, 86.28492753419718, 138.6944282378008, 128.84627322594065, 35.94793436815136, 0.462666540318, 0.801060696551, -0.379791301786, 0.441205874989, -0.579637691364, -0.685096725014, -0.768945413112, 0.149405177928, -0.621611650842,  
71, 1112765.87212206, 64.28432125549352, 115.93602108554373, 72.01477930926826, 31.818167434461618, -0.10383852981, -0.431293704443, 0.896216101303, -0.633436425073, -0.666027790492, -0.393910240642, 0.766795836659, -0.608598983568, -0.204037795722,  
72, 557088.1968388511, 51.04404888447602, 99.77294357772406, 52.425158821538524, 25.426278969382007, -0.53051831105, -0.23450082982, 0.814591727465, -0.825560307198, -0.0751310493641, -0.559290179245, -0.192355142431, 0.969208278047, 0.153736179688,  
73, 1134659.1988992204, 64.70317761796346, 94.66333840264464, 55.291296701999386, 51.753322669039115, -0.568221496408, -0.328556163998, 0.754436994135, -0.813320393588, 0.0849302965634, -0.575583861918, -0.12503706808, 0.940658116334, 0.315480648822,  
74, 558973.2543852977, 51.10155781742868, 106.58692278399327, 52.42354986558679, 23.882075615303734, -0.832210275059, 0.5521136928, 0.0509561410217, 0.53576132714, 0.824407143392, -0.182517567005, 0.142779054578, 0.124592664901, 0.98188126035,  
77, 1856307.7722054294, 76.24074379556481, 102.71301019790184, 79.17613746714473, 54.49311135467456, -0.691193332689, -0.710204298522, -0.133647413768, -0.680438891141, 0.701869219361, -0.210671579327, -0.243422867185, 0.0546758929894, 0.968377950212,  
78, 2535405.547837837, 84.5901137563232, 129.49305554657047, 72.97686359707723, 64.05118279189585, 0.208588815005, -0.0183893772015, -0.977830525736, 0.498447203824, 0.862223940101, 0.0901124970048, 0.841451775953, -0.506193350334, 0.189016403581,  
84, 1321661.9787848997, 68.07859680244519, 123.60665857048826, 60.84171957760273, 41.9554555238906, -0.963445401264, -0.229753326598, 0.137791029096, -0.243756658741, 0.538369992063, -0.806684847363, -0.111155971957, 0.810784287319, 0.574693996259,  
85, 1962220.116711862, 77.66399109054535, 139.87705168318126, 79.05788611199159, 42.36112126296665, 0.737106543047, 0.112184099562, 0.666399783916, 0.616524795287, -0.515431583601, -0.595170109652, -0.276714873097, -0.849555772408, 0.449092271782,  
88, 2367138.80860587, 82.67579354976228, 137.18555900122885, 75.59939468838047, 54.488945198211326, 0.0195730736103, -0.495425341203, 0.868429977651, 0.805312447213, -0.506953688628, -0.307359431204, 0.592527431562, 0.705373439308, 0.389049552071,  
89, 1837718.2679966819, 75.98539190279529, 104.20632869505624, 91.53816092264076, 45.99324426529722, -0.155386241011, 0.972059336101, 0.175942499707, 0.825117998343, 0.0297817613995, 0.564174915694, 0.543171616448, 0.232838342604, -0.806691329629,  
91, 641121.8845059345, 53.49140404768889, 65.17434230274557, 63.71716990654925, 36.8569045044241, 0.0987589020625, 0.0414653952347, 0.994247102214, 0.980496743681, -0.17466122902, -0.0901087715406, 0.169920024997, 0.983755089479, -0.0579060362139,  
92, 2738233.72594404, 86.78819084272386, 116.07907496669543, 97.98352530359621, 57.474460943292584, -0.51639532706, 0.820964584172, 0.24362474777, 0.840689784284, 0.431845047371, 0.326727013977, -0.163023166426, -0.373533139891, 0.913179303648,  
96, 2677677.9315125803, 86.14364484035319, 111.35525739561984, 87.41275986383579, 65.67259411018235, -0.990204938101, -0.0968448680012, -0.100574609634, -0.00265622160352, -0.707140313337, 0.70706825819, -0.139596293103, 0.700409629285, 0.699956588766,  
100, 709199.9496748948, 55.32142549547658, 113.68074899173381, 60.09394734951605, 24.783487994386547, 0.565017578788, -0.822877040891, 0.0602371250541, -0.56397330055, -0.331891326069, 0.75616285544, -0.602236873604, -0.461217435982, -0.651605114174,  
101, 1615269.2948261178, 72.78671334048049, 158.4431849095082, 97.91475538401701, 24.8561935053083, 0.20638545516, 0.0660569525756, 0.97623845597, -0.869089074755, -0.446010859267, 0.213912350174, 0.449543350568, -0.892586574194, -0.0346407784012,  
102, 1960704.7266312821, 77.64399307049341, 130.22872515770138, 65.39999564028133, 54.95903239366181, -0.470848241179, 0.457148408895, -0.75453115643, 0.865223035798, 0.406334629703, -0.293736730811, -0.172310858923, 0.791143160843, 0.586857279881,  
103, 3105345.368588801, 90.50524874689845, 123.98865718487914, 93.33741726982498, 64.05950272909662, -0.822727206962, -0.31953462262, 0.470125055567, -0.546298258224, 0.673030350625, -0.498586361827, 0.157092826016, 0.667029063899, 0.728281588349,  
105, 2301127.7869947325, 81.90002653599495, 135.55124888937695, 74.81818914664942, 54.16782672663863, 0.850536278952, 0.326463833468, 0.412321965974, 0.454062263802, -0.851420004159, -0.26250988002, -0.26535918823, -0.410494021826, 0.872398509437,  
106, 987175.6423851731, 61.768720776507564, 128.39022064530818, 72.38583623846623, 25.358308472881646, 0.595232295925, -0.393043997957, 0.700867269572, -0.265952891795, 0.726691460337, 0.633394490677, -0.758266162528, -0.563414534019, 0.328019038506,  
107, 636181.213462764, 53.35364280940523, 86.21010712722706, 83.25806587512162, 21.159613386357723, -0.646333566597, 0.734696489134, 0.206092187005, 0.634209878766, 0.367048896512, 0.680479931552, -0.424300306818, -0.570522722093, 0.703187793701,  
108, 3373682.7033531107, 93.04046560582519, 116.8005833823696, 99.0229277610176, 69.63616578418235, -0.0618809265473, -0.993450577065, -0.0960557226778, -0.989972459338, 0.073337691128, -0.120731573385, 0.12698535617, 0.0876215383883, -0.988026915286,  
111, 1035820.751242068, 62.76709070942802, 125.81796311994533, 65.59369086341314, 29.963412914417198, -0.256495331005, -0.966478322198, -0.0113928878603, -0.0557118068617, 0.00301577045025, 0.998442336695, -0.964938516046, 0.256730516008, -0.0546177846622,  
112, 693630.4597574178, 54.91359153826277, 121.46399088169397, 59.487558983333464, 22.91742676265508, -0.929242486944, 0.115668507083, 0.350897701514, 0.0802629408432, -0.863853175105, 0.497308306977, 0.360647003018, 0.490284089412, 0.793445178247,  
114, 2350135.6905799396, 82.47736474282172, 111.24722540309422, 71.81210700531784, 70.22915956486543, -0.00627077790115, 0.999942013986, 0.00875477068878, -0.849319196773, -0.000704471917815, -0.527879158248, 0.52784238115, 0.0107458077693, -0.849274365725,  
115, 3304261.7445724015, 92.39786671662986, 141.00486502323014, 108.1942735864919, 51.706776091720485, -0.313273022502, -0.818983065715, 0.480756436716, -0.949309556665, 0.283876387936, -0.135002081458, 0.0259109821814, 0.498679189905, 0.866399265095,  
116, 2973769.301870802, 89.20849683162767, 119.72548927988207, 88.53606707123159, 66.97486056879782, -0.658857719083, 0.487313785703, -0.573089679081, 0.749173109934, 0.356019924722, -0.558560170934, 0.068162727035, 0.79735505734, 0.599648859899,  
117, 872991.468034819, 59.28895512491572, 124.81419044861373, 53.180722550910396, 31.39808725815055, 0.553391103088, -0.258994858418, -0.791631195909, -0.678783176023, -0.691043922759, -0.248418390556, 0.482712841108, -0.674818464575, 0.558218911269,  
118, 346229.7965861272, 43.560408494180365, 152.80872324895768, 107.175633448872, 5.046980481274028, 0.669491217762, -0.0896519446807, 0.737390017667, -0.27295504257, -0.952932907637, 0.13196370061, 0.69085241121, -0.289622862285, -0.662451163156,  
120, 1446210.2973714152, 70.153220591366, 107.1602775469282, 74.66260400990326, 43.15249169710078, 0.315612017458, 0.770248314077, -0.554171985125, 0.463793238833, 0.384285361932, 0.798260980017, 0.827819355928, -0.508961978212, -0.235950881932,  
124, 579644.6916287043, 51.72387869984502, 108.76680844840611, 88.16704017067241, 14.430142073382205, 0.681732376086, -0.45900771014, 0.569695435674, 0.0434374801867, 0.80271754656, 0.594775357391, 0.730310997254, 0.380731483432, -0.567176678658,  
125, 1388894.513242134, 69.2139366291033, 130.17027164100273, 87.60059118069618, 29.077817384944662, 0.255889847871, -0.0288638095201, 0.966274943407, -0.145009267405, 0.98709858825, 0.0678873290179, 0.955768119432, 0.15749049995, -0.248402987708,  
126, 1574948.6151633637, 72.17596401106451, 133.54797386092403, 66.47188975511217, 42.354781971227666, -0.878799066853, -0.0547744280203, -0.474037933222, 0.0288743683529, -0.997673846062, 0.0617508521004, -0.47631761562, 0.0405790453061, 0.878336421955,  
128, 988921.2754096377, 61.80510809546484, 118.91069699683091, 76.40926437620122, 25.984009580108175, 0.75827503861, -0.255095741252, 0.599954272105, -0.449061659441, -0.871511986276, 0.197003765949, -0.472612517653, 0.418799499251, 0.775399501925,  
129, 1404387.7056974669, 69.47034727423946, 108.21102423951034, 70.98166475776257, 43.64964551297811, 0.593268600595, 0.778169265447, -0.206118805211, 0.724423494804, -0.627746158371, -0.284860247886, 0.351059777992, -0.0196813354123, 0.93614618373,  
131, 3384437.055947445, 93.13922303102277, 106.16361496062646, 93.60811391947539, 81.30338717612244, -0.397239603808, -0.595858186412, 0.697963981057, 0.706174513326, 0.287258448736, 0.647147695938, -0.586104302914, 0.749957068982, 0.306669432434,  
134, 1909173.2816093685, 76.95772951069388, 126.00613094085966, 82.86251296585867, 43.65228299010076, -0.920500001751, -0.168681972547, 0.352457286651, -0.378976214356, 0.605100806614, -0.700164296996, 0.0951670937246, 0.778074164828, 0.620921748934,  
137, 2873721.2634816472, 88.19663399977452, 125.07686047654187, 99.96721612312052, 54.86829468663148, -0.933010885342, -0.0531665891411, 0.355898864331, -0.355954846825, -0.00873367573723, -0.934462342703, -0.0527904807186, 0.998547463422, 0.0107762905621,  
138, 768322.1696679096, 56.81786603889944, 94.51521288228363, 58.397181362093555, 33.232357636119104, -0.966941253511, 0.112484456842, -0.228848987824, 0.241450387389, 0.115228700828, -0.963547641238, 0.082014161513, 0.9869496408, 0.138578800099,  
142, 1634478.5652450137, 73.07411092173643, 139.03991740179438, 83.93103812796996, 33.43709386064542, -0.658409619565, -0.165350055202, -0.734272518966, -0.722703579079, 0.411378961036, 0.555397953907, -0.210229183632, -0.896340733015, 0.390354941928,  
143, 1334603.599440375, 68.30008237974647, 91.9396486597887, 62.72815160372834, 55.245683653805685, -0.67928113325, -0.103683695593, -0.726516918784, -0.248941017882, -0.898719399649, 0.361014972418, -0.690366215589, 0.426090520855, 0.584672007549,  
146, 2942391.7994700973, 88.89362787480283, 128.8032395771061, 96.23288055858825, 56.67109708248112, 0.00232841850666, 0.0369956218412, 0.999312715036, -0.959395784108, -0.281778765089, 0.0126671614847, 0.282053732297, -0.958765900264, 0.0348373447335,  
147, 995417.2497393042, 61.94014024831751, 117.33759972526376, 55.93411886245957, 36.2078345538527, 0.161198592368, -0.873559890689, -0.459247352958, 0.586789181271, -0.289315791427, 0.756290175511, -0.79353227443, -0.391394289957, 0.46595819472,  
150, 3178959.5145695996, 91.2148319978712, 126.31319372078197, 93.16386650035084, 64.49115682846265, 0.148687022801, -0.369466701897, 0.917271238751, 0.62280909745, -0.685511210942, -0.377071886789, 0.768115224028, 0.627350568552, 0.128180602095,  
151, 1717355.508343933, 74.2888894394113, 112.69195721959485, 84.06046844629839, 43.27996197127539, -0.250360179159, -0.436208504206, 0.864315869084, -0.883312012954, 0.468380747743, -0.0194772409567, -0.396332774903, -0.768336915684, -0.502572099838,  
152, 1565763.912587548, 72.03538638670886, 140.32632126476898, 83.60889320365257, 31.860020840928172, 0.0596256108345, 0.457126966542, 0.887400542592, 0.770365275304, -0.586411876222, 0.250316707456, 0.634808734295, 0.668697276715, -0.38711990775,  
156, 1405105.473670991, 69.48218044957295, 125.16864739091754, 96.25761971890257, 27.84130826972807, -0.194895659108, 0.940868597733, -0.277095586144, 0.894411220101, 0.28643329023, 0.343488776534, 0.402547203962, -0.180892929789, -0.897348035343,  
159, 2013524.7963273253, 78.33504988367717, 124.08873671564069, 78.7375546346125, 49.198752070526425, -0.990622608138, 0.13358325555, -0.0286768562233, -0.0220127859746, 0.0510997444505, 0.998450926872, 0.134841705343, 0.989719318774, -0.0476800225085,  
161, 921391.8319287812, 60.36500619630925, 99.88275169107354, 63.12434874180898, 34.88737872599638, 0.716158707981, -0.187990987521, 0.672142911585, -0.473733564949, 0.576285052342, 0.665936969906, -0.512536061584, -0.795333217625, 0.323653917818,  
162, 404462.03944687336, 45.87714528798086, 114.34073784216928, 51.40625825015566, 16.427526409007836, -0.410938257022, 0.754314865621, 0.511994953509, 0.266296071012, -0.437795311148, 0.858732594059, 0.87190375127, 0.489228319948, -0.020964242925,  
163, 563635.5417904127, 51.243240686012335, 119.25523920626902, 59.99409191660863, 18.8071855710248, -0.942142318304, -0.198814367066, -0.269890161935, 0.0419289681975, -0.868700328187, 0.493560230806, -0.332580537143, 0.453687764057, 0.826775422384,  
164, 177972.04845013772, 34.89429245354149, 67.80437679107568, 33.474301855430696, 18.71948658204453, -0.408736510714, 0.889956651963, 0.202266216742, 0.889833371923, 0.43785556531, -0.128370846145, 0.20280787712, -0.127513377939, 0.970880684443,  
165, 1054665.9204757565, 63.14545561580843, 98.42123686597024, 63.181582454597745, 40.48992626522044, -0.816715132989, -0.349809885913, 0.45892203615, 0.0133320738301, 0.783650945369, 0.621058331906, -0.576887031709, 0.513346120605, -0.635355894839,  
166, 2283548.5696182214, 81.69093772030591, 131.60307234725525, 100.13305928477801, 41.369296025749534, -0.89528327183, -0.0790225923508, -0.438432769167, -0.445367782106, 0.18249089974, 0.876552685338, -0.0107425249936, -0.980026786068, 0.19857516649,  
167, 2240979.5671460223, 81.18013374331234, 124.91113481108212, 80.43367004742649, 53.24885188594339, 0.178960472697, 0.114067246267, -0.977221475686, 0.710423889899, 0.672161141209, 0.208560055881, 0.680640173566, -0.731565488236, 0.0392541787559,  
168, 2505609.721115195, 84.25744237069063, 109.0870108618734, 91.80455833616463, 59.72931426986724, -0.932523880438, 0.116844253053, 0.341682064119, 0.344028478059, -9.19995188876e-05, 0.938959209881, -0.109743422111, -0.993150246471, 0.0401119587992,  
171, 1465221.6779416122, 70.45928666532231, 151.75442179651992, 83.51669912822656, 27.599426045605686, 0.637979313413, 0.621896578246, -0.454122276071, 0.411521247526, 0.22311097794, 0.883669482531, 0.650870692605, -0.750643815327, -0.113583467191,  
175, 1462379.3226936078, 70.41369630263445, 136.13782749338347, 84.0730514065923, 30.502525744134125, 0.260483909971, -0.814995300019, 0.517620317987, 0.683057124335, 0.534463157099, 0.497777157571, -0.682335033207, 0.223901305604, 0.695907398874,  
180, 1882944.2830562314, 76.60367763399908, 126.3390028479851, 66.85200837167683, 53.22270657245595, -0.709519412195, 0.640620856235, 0.293576433447, 0.659796718652, 0.457613226916, 0.596035590052, -0.247488370989, -0.616599588963, 0.747365006617,  
184, 314741.5366966848, 42.19767120307425, 116.75274936282315, 66.77407712498518, 9.638078091285019, 0.571897907239, -0.606817010345, 0.552001720696, -0.274165066881, 0.492822659198, 0.82580829657, -0.773153477518, -0.623617625262, 0.11547622121,  
188, 1835662.400844814, 75.95704621575166, 108.44039416424248, 72.18189398958789, 55.986696457436246, -0.397258060486, 0.564767945249, 0.723341690626, 0.916278679317, 0.200138951635, 0.346955014184, -0.0511802228192, -0.800613244993, 0.596991638748,  
190, 259992.93342263903, 39.5935380369998, 90.23183993176373, 39.72884817709183, 17.31438807816985, 0.00112338608834, 0.402873819245, 0.915254840889, 0.103041983283, -0.910430149812, 0.400623628851, 0.994676373342, 0.0938596190033, -0.0425356819125,  
191, 1441611.151331289, 70.07877601690652, 102.43094318377172, 83.93030929994805, 40.03220651830345, -0.22273307326, -0.521679817086, 0.823553365922, 0.895494615026, -0.443388832295, -0.0386747702762, 0.385330212332, 0.728873453928, 0.565918824235,  
192, 1198412.0447371355, 65.89298552811961, 115.53631351738618, 85.17360847750584, 29.07327811838689, 0.100373161763, -0.93082469289, 0.351412321217, -0.611183324136, -0.336385152192, -0.716449561157, 0.78509882989, -0.142865042927, -0.602668571285,  
194, 276458.0322869424, 40.4122968469351, 103.60038189182933, 52.1517146753182, 12.215483318390305, -0.494772484009, -0.412613239121, -0.764820569787, 0.165821151723, -0.908747998549, 0.382988799803, -0.853055411277, 0.0626688920822, 0.518043507107,  
196, 488996.79940403503, 48.87339057326735, 109.29611730656754, 83.79277558842881, 12.746944553940079, -0.858607031563, -0.0327532115847, -0.51158693541, -0.367061459167, 0.735923463526, 0.568931051206, -0.357854510304, -0.676272048042, 0.643891502112,  
197, 2484716.360076999, 84.02259106717746, 117.86428332170269, 75.41576162525047, 66.73349477315705, 0.851925541622, 0.308966882048, 0.422802953313, -0.339804984027, -0.288158939487, 0.895263647438, 0.398441268398, -0.906368518535, -0.140501474177,  
198, 623906.3314864328, 53.00826559394125, 116.31531228133292, 78.58284762726177, 16.295441451680315, 0.816624649205, 0.534167772329, 0.218606892197, 0.484494970291, -0.428589008494, -0.762611359449, 0.313669899853, -0.72868117363, 0.608797947699,  
200, 1097140.2814764143, 63.98200573166865, 102.83917812837464, 62.53852674377306, 40.72558279193358, 0.828234282691, -0.142708608624, -0.541906104412, -0.49671656382, -0.634635338708, -0.592039392347, 0.259423646189, -0.759521059542, 0.596512474228,  
201, 2258433.0584791903, 81.39034155399007, 151.37687866424443, 70.85801328171262, 50.26551026233721, -0.177207142564, -0.755128968054, -0.631171823065, -0.199611530913, -0.60041540567, 0.774374959151, -0.963718249983, 0.263213947655, -0.0443345509602,  
204, 1273478.147893713, 67.2410204921436, 115.3329056092574, 63.30223515159068, 41.64190696168616, -0.217770606446, 0.60952702603, -0.76226817296, 0.229475049024, 0.791094547257, 0.567019064209, 0.948639639085, -0.0514414408805, -0.312148383492,  
210, 380165.4430847337, 44.9394765257466, 84.79462338293197, 52.982025148294056, 20.201664662041885, -0.205764695656, -0.978291195661, 0.0246419665231, 0.102000783652, 0.00360334516597, 0.994777792292, -0.97327114935, 0.207203649572, 0.0990450273762,  
212, 454422.3456282946, 47.6932615681043, 148.46459309439626, 107.09171668514952, 6.823265918669335, -0.931439984506, 0.0957516182665, 0.351071478281, 0.0579092970737, -0.913463036482, 0.402780081798, 0.35925766321, 0.395495775679, 0.84529108764,  
215, 102053.13485423793, 28.98984634829667, 102.19225176224265, 71.22914249333664, 3.34704888747329, 0.656205723096, 0.349035567949, 0.66900539705, -0.296481314384, -0.696029285077, 0.653943471974, 0.693896879368, -0.627469048338, -0.353255876357,  
216, 209133.78385579053, 36.82238054626021, 119.23314702413026, 25.617529303051903, 16.345617709341408, -0.157080883748, 0.769828363486, 0.61861933912, 0.962364808969, -0.0213402003318, 0.270921705126, -0.221764673516, -0.637894102984, 0.737503588438,  
217, 1274733.508898388, 67.26310804121887, 129.54072378940148, 53.73251440339315, 43.720720455265436, -0.105962999379, -0.273852418825, 0.955916678098, -0.989739396295, -0.0636212143988, -0.127938534068, -0.0958528569401, 0.959665146695, 0.26430103298,  
220, 3682120.813272783, 95.79359562854725, 109.61337440738379, 106.58247261038224, 75.24195753394251, 0.95154908872, -0.297066048874, 0.0794109209319, 0.295248781517, 0.954815440396, 0.0339945847888, 0.0859214104282, 0.00890153853296, -0.996262151164,  
222, 2871272.8959289202, 88.17157947854155, 113.75516236406978, 93.67794737264924, 64.32464251275293, -0.559975382213, 0.619166011904, -0.550509782854, 0.812017177039, 0.278236992581, -0.513042181651, 0.164486095184, 0.734314391567, 0.658579303371,  
224, 3655130.9184894934, 95.5589661694321, 143.69367892637706, 93.16553138415371, 65.18105692463261, 0.554413094835, 0.0416216073644, -0.831200193742, -0.692988013154, 0.5761544606, -0.433374723716, -0.460861946684, -0.816280392593, -0.348270852596,  
225, 3780165.1083512953, 96.63639491974847, 115.41918984229675, 90.25131935600126, 86.63444127386046, -0.67393841089, -0.110705864211, -0.730445911726, -0.0873470725757, -0.969834550135, 0.227577314944, -0.733605825522, 0.217175406052, 0.643938922388,  
226, 3597251.4228771375, 95.05188369000116, 101.7849527451792, 96.35210166079467, 87.56638323067163, 0.262242846553, 0.0408466321462, 0.964137045276, 0.651790280256, 0.729266702561, -0.208181428324, -0.711616554048, 0.683009245309, 0.164621538162,  
227, 3420645.72531324, 93.47019796665236, 101.87835125325114, 95.8200994092863, 83.6528925317741, -0.989779987771, 0.0163382334741, -0.141663820136, -0.13622287555, -0.402145378353, 0.905385234498, 0.0421770552024, -0.915430039269, -0.400261088813,  
228, 1288244.5163726434, 67.49991579597004, 107.08830360823107, 66.9024301075432, 42.92652781437389, 0.252077449389, 0.0150467902414, 0.967590075194, 0.765402675886, 0.608713664192, -0.208869382083, 0.592128113887, -0.793247293805, -0.141926134363,  
229, 3321779.3970049066, 92.56086245686069, 113.77197419667957, 90.20905451655996, 77.2674807608668, 0.825390680889, -0.300156595732, -0.478159222372, 0.233673093958, -0.589370255472, 0.773330192819, -0.513932981099, -0.750032479299, -0.416322196063,  
230, 3201439.3457208793, 91.42933400649132, 122.4981753312015, 86.28889208537252, 72.30563695117505, 0.413749739513, -0.082673526369, -0.906629053743, 0.342242279951, 0.936944474792, 0.0707479538323, 0.843612099763, -0.339558741892, 0.41595490854,  
231, 3916444.331803767, 97.78399642113895, 110.95396968269019, 100.50845021932862, 83.84128523865316, 0.0499943521339, 0.668436045334, 0.742087473316, 0.758971015169, -0.508398882206, 0.406809015025, 0.649202251143, 0.542884729819, -0.532740656644,  
232, 2722461.0813912074, 86.62123211628179, 123.5757902985983, 79.00688002727523, 66.5694183474722, -0.482382861521, 0.54237438876, 0.68784940018, 0.871988626729, 0.2226319624, 0.435971150621, -0.0833223245374, -0.810101865036, 0.580338141516,  
233, 3847114.267664478, 97.20355731458703, 116.08534618746411, 93.73154967450866, 84.40793556503431, 0.114605223701, -0.0378804302866, 0.992688629784, -0.387592530406, -0.921781099114, 0.00957265319911, 0.914679000018, -0.385855773984, -0.120323100895,  
234, 3321221.4514273605, 92.55567981131333, 108.46986570085912, 90.15707182585264, 81.07749546129583, -0.762749217366, -0.482899218133, -0.430141809795, -0.597511771037, 0.271814941192, 0.754384730239, 0.24737282567, -0.83242115715, 0.495864600721,  
235, 3360818.6868087174, 92.9220590383442, 101.44099029897308, 90.08779130494094, 87.79646991660785, -0.698840880325, 0.692974199259, -0.177223540048, -0.26211865426, -0.0175772317802, 0.964875562967, 0.665518771392, 0.720748083649, 0.193925152678,  
236, 3434709.332749901, 93.5981202818855, 110.59664219398005, 102.21499278023643, 72.53453594851388, 0.744583824806, -0.139464667313, -0.652797468138, 0.519633059693, 0.734960049548, 0.435677872793, -0.419018389943, 0.663613842637, -0.619709816568,  
237, 3689480.513715547, 95.85737616939163, 108.19426675447791, 93.69790640626535, 86.88453408054191, 0.327422034282, -0.943382649332, -0.0531412119321, -0.544061762244, -0.234213861825, 0.805692662119, -0.772522886606, -0.234889429025, -0.589945205762,  
238, 3381888.2201050785, 93.1158359599628, 125.59645390811491, 91.17803095747499, 70.50226227551816, -0.1076901527, 0.705877169544, -0.70010017321, 0.028616257108, 0.706104462167, 0.707529220836, 0.993772580041, 0.0561596832735, -0.0962400599231,  
239, 3198449.278888548, 91.40086087885332, 104.05129740415765, 87.94427013747729, 83.4441336527738, 0.846844568334, 0.361110152513, -0.390453242829, 0.367666289156, 0.13297254809, 0.920401978091, -0.384286061291, 0.922993910709, 0.0201609496631,  
240, 3111044.1098582377, 90.5605781606895, 102.32080570740752, 92.15062488261758, 78.76899849080264, 0.0516708822671, 0.691580544839, 0.720448797574, 0.30964467109, -0.696954016932, 0.646819353412, 0.949447364308, 0.189661404304, -0.250156459294,  
241, 3489403.534759344, 94.0923240915156, 104.55361561472024, 95.12866247343624, 83.75526959633555, 0.604890119549, 0.730945127236, -0.315954370506, -0.548292932475, 0.670044100659, 0.500415590655, -0.577479699617, 0.129460898123, -0.806075103441,  
242, 3469741.6851921617, 93.91526280418383, 103.82163774085907, 94.66448073376591, 84.28176114471685, -0.98993436783, 0.141509432446, -0.0022423018951, 0.00851899577858, 0.0753948671452, 0.997117365569, 0.141270570537, 0.987061646776, -0.0758414884027,  
243, 2648381.1775650787, 85.82832316766617, 108.4253924942101, 87.09797972901536, 66.95034185109209, 0.554813540715, 0.0836169106355, -0.827762132074, 0.437273612223, -0.875740542003, 0.20462231341, -0.707794972498, -0.475485767765, -0.522436179413,  
244, 3639136.5101589756, 95.41937755899724, 102.26334226762727, 96.11021604039293, 88.39347377761571, -0.0135425074556, 0.719703785917, 0.694149163385, -0.917304983398, -0.285233028757, 0.277837518594, 0.397954982283, -0.632983870128, 0.664050639811,  
245, 4148595.996192645, 99.67911608742133, 105.46118062926209, 102.66517393242427, 91.47380789874329, -0.304802890135, 0.406321467283, 0.86139309458, 0.939454068242, 0.276969030789, 0.201777624247, -0.156592630186, 0.870741650094, -0.466141316515,  
246, 3566568.3490678025, 94.78086050465946, 104.418835480128, 97.70370987323759, 83.45878192417136, 0.524424820856, -0.829323161265, -0.192877425999, -0.658104844279, -0.538532597739, 0.526194503115, -0.540256070033, -0.149015889629, -0.828201450995,  
247, 3681414.5743208546, 95.78747076212625, 111.09702866226486, 102.338605292011, 77.3008341416944, -0.185455064564, -0.284063551242, 0.940698845478, -0.958633238897, -0.158066248795, -0.236722145719, 0.215936871122, -0.945686501885, -0.242998575804,  
248, 4064848.055289648, 99.00380869526418, 127.73393918561264, 94.63334172545925, 80.27960464225177, 0.153396348776, 0.937392983742, 0.312672279253, 0.913943735611, -0.25489802438, 0.315806658107, -0.375734491788, -0.23732128265, 0.895824871547,  
249, 2794182.4049821077, 87.3753070140638, 100.90058596727907, 86.93013517783795, 76.05050477103951, -0.592345610451, -0.725383300705, -0.350636200123, -0.131358311057, -0.342429676908, 0.930315489761, -0.79490356138, 0.597127275739, 0.107551590755,  
250, 3346136.3797864798, 92.78654624582809, 98.22260353779599, 95.72531406542385, 84.9604466543933, 0.585099300981, -0.401476048531, 0.704610382018, 0.700326888785, 0.688238197291, -0.189394911848, -0.408902258292, 0.604272427176, 0.683852160133,  
251, 3414529.133088499, 93.41445213753285, 109.44322464364544, 93.78635494332634, 79.41703621066226, -0.570664425351, -0.0986570961175, -0.815235481947, -0.820612869456, 0.0315133101513, 0.570614957538, 0.030604446123, -0.994622384963, 0.0989428077655,  
252, 3025149.927144599, 89.71934575380114, 97.61032028359614, 90.23731418376933, 81.99292802096349, 0.450314724649, -0.377035348941, 0.809358384409, 0.785698570747, 0.597930863368, -0.158607813674, 0.424139605191, -0.707335159794, -0.565493206881,  
253, 2750008.8347676145, 86.91241678722453, 97.22490532065993, 90.53110622769451, 74.5881994873896, 0.154998312206, 0.454976569105, 0.876910397235, 0.960409533165, -0.277391543098, -0.0258352554156, 0.231493092377, 0.846197526221, -0.479959055336,  
254, 2723107.965463752, 86.62809226429235, 108.68332262970216, 81.26984523950759, 73.60103328604374, -0.473837012864, -0.826632485379, 0.303574075568, -0.830675743376, 0.534005968415, 0.157529156234, 0.292329086146, 0.177528476063, 0.939695347216,  
255, 1765445.9458144768, 74.97594331009354, 132.94132751558902, 85.89467200042368, 36.90962041073808, -0.16618199103, -0.499113652719, 0.850452295856, 0.571996410934, -0.751314283694, -0.329160983406, 0.803245698237, 0.431755033309, 0.410346121557,  
256, 3586901.2622237704, 94.96063371351532, 115.40012824643917, 88.07820597714665, 84.24731352482513, -0.0564444278427, 0.532837436096, -0.84433304641, -0.0153037653613, 0.845120183705, 0.534357249282, 0.998288445957, 0.0430829640284, -0.0395479061298,  
257, 3242260.2253340892, 91.81629269561, 105.2761672240899, 91.43464746159343, 80.41154364876083, 0.587964214656, -0.535443412789, -0.606298964196, -0.62883550873, -0.774032340151, 0.0737552666618, 0.50878677778, -0.337896860153, 0.791809147872,  
258, 3579229.333992985, 94.89288245754297, 107.10393463168492, 90.63324855551922, 88.02538728855293, 0.326676491595, -0.510934644414, 0.795127825558, -0.474915916781, 0.638624301324, 0.605486476931, -0.817151969849, -0.575417058225, -0.0340274488631,  
259, 2525552.5041258726, 84.48039401833019, 95.99298331651579, 88.78194361899807, 70.74628751974717, -0.914204163901, 0.40524935295, -0.00192578277775, 0.399972458396, 0.903044310627, 0.156630155361, -0.0652133362935, -0.142421680152, 0.987655448926,  
260, 2557119.6071213814, 84.83091361743287, 109.35618660024052, 92.3604255776671, 60.441210013407954, -0.242146859936, -0.375274080288, 0.894725803186, -0.921050277957, -0.200988396378, -0.333571656464, 0.305010300971, -0.904860778896, -0.296977586893,  
261, 2534482.742152889, 84.57984982171457, 115.898199638921, 87.87699723055937, 59.40853333919002, -0.525424597317, -0.318561241529, 0.788953565129, -0.839065202148, 0.347733389984, -0.418391056351, 0.141062323387, 0.881816434915, 0.450001328926,  
262, 3442050.0624598027, 93.6647527619453, 101.45839814386265, 97.2181107023986, 83.30928268542837, -0.331439415581, -0.458102574198, -0.824796911556, 0.0882240877733, -0.885428332661, 0.45632573679, 0.93934254888, -0.0784773803962, -0.333881530832,  
263, 3800051.228230254, 96.80555533620208, 115.67162594985336, 91.32773547743282, 85.8759021576775, -0.871995228166, 0.483185991948, 0.0784577545017, 0.434475702819, 0.690109912902, 0.578773852013, -0.225510943673, -0.538776025171, 0.811705124405,  
264, 2784002.882063144, 87.26907185453467, 99.94961985870742, 89.40400843667055, 74.37773240879172, -0.773687033161, 0.608307074829, 0.177118258324, 0.513125001645, 0.437643571867, 0.738356849152, -0.371633027872, -0.662140926628, 0.650736725472,  
265, 4115032.7011393677, 99.40957730634217, 115.79196055311188, 95.79848529313902, 88.56204407740584, 0.616871509585, 0.010322664065, -0.786996177417, 0.343584403854, -0.903139581815, 0.257465829165, -0.708109665299, -0.429222947157, -0.560667783579,  
266, 3617592.2401631796, 95.23070542077562, 105.7924261374058, 96.09251995923715, 84.95458928159702, 0.1068295027, 0.918309383727, 0.381176249406, 0.676974378933, -0.347961256894, 0.648558905551, 0.728212295708, 0.188761329354, -0.65884445275,  
267, 3348861.2831903277, 92.81172610967926, 106.51812966722294, 91.81085963391914, 81.75060273665014, -0.537744939489, 0.231423270246, -0.810724151634, 0.840936837932, 0.0782663008656, -0.535443387071, 0.0604616792965, 0.96969977629, 0.236699660327,  
268, 3238138.980516657, 91.77737356361312, 100.36582927666313, 92.81010358635899, 82.98999542787813, 0.0125562475502, 0.647391600626, 0.762054103123, -0.0487259212037, -0.760812644457, 0.647139787555, 0.99873326031, -0.0452574355538, 0.021991800217,  
269, 2883355.4793217136, 88.29508446903037, 96.72059715262829, 93.35093047703378, 76.23808147320047, 0.1973645807, 0.967995015412, 0.155025392835, -0.937773059988, 0.140334049299, 0.317628781075, 0.285707735712, -0.20806730821, 0.935456618454,  
270, 3206359.0070802905, 91.47614328047538, 96.81815215468089, 92.75644794813962, 85.23591730738757, 0.0768317048259, 0.986940772496, -0.141579662094, -0.3909486083, 0.160449017351, 0.906319644772, 0.917200127999, -0.0142837115658, 0.398170693023,  
