# Void_ID, Void_Volume, r = (a*b*c)**(1/3.0), a, b, c, vector_a, vector_b, vector_c 

15, 907020.4799686199, 60.04951369429904, 144.95329346591564, 73.94613116909113, 20.201561491877428, -0.98192785748, -0.129967586265, 0.137572196414, -0.17307193921, 0.322538757753, -0.930599190632, -0.0765753652537, 0.937591156244, 0.339203533544,  
18, 1032301.2584891273, 62.69592041817616, 117.97964094914472, 64.23092013875274, 32.52120535926551, 0.738043591827, 0.337703791589, 0.584164194135, 0.511218388613, 0.285194403455, -0.810752682007, 0.440394613621, -0.897006299523, -0.0378455137304,  
144, 1587268.2175885907, 72.36366764840758, 127.75470404755194, 87.56990488976047, 33.8711492680772, -0.961673134452, 0.123560426138, -0.24478072548, -0.140121244706, 0.545895575385, 0.826053301886, 0.235692212973, 0.828692247983, -0.507659668357,  
162, 697767.9341801018, 55.022560858232325, 99.87770454675666, 65.4927703644708, 25.46598530659643, 0.425602730073, 0.661531461395, 0.617445092085, -0.632804778536, -0.270168808005, 0.725649314368, 0.646854255931, -0.699560534025, 0.303635687655,  
164, 1302821.086604034, 67.75355019924665, 114.56658056793584, 69.92647886269212, 38.82366749899447, 0.152769895438, 0.420634574236, 0.89427507737, -0.811882619207, -0.462527687894, 0.356250965699, 0.563478457155, -0.780470814886, 0.270845593343,  
170, 1123256.363286736, 64.48570112413869, 133.68840538495863, 55.329691306593816, 36.252527271421194, 0.459293176845, -0.516419899035, 0.72274495196, -0.448285623251, 0.567674547005, 0.690496639144, -0.766870117875, -0.641136566234, 0.0292254298095,  
186, 2702516.1841476345, 86.40918283026132, 147.84606496911837, 76.31556805242934, 57.181663166291024, 0.713716433092, -0.667018967333, -0.213762836698, -0.521310127191, -0.709681808832, 0.473906616858, 0.467808298797, 0.226798208615, 0.854235311929,  
202, 910904.9895115991, 60.13511657564686, 92.09752563699072, 66.13480534211436, 35.70314138865788, -0.819274955901, -0.560092318756, 0.122821582402, 0.0226436826482, 0.182429007077, 0.982958249883, -0.572953584742, 0.80809420976, -0.136776964009,  
242, 1086266.8682505256, 63.76993506182412, 123.42693986141154, 96.5463774179577, 21.762159029629323, -0.382307300852, 0.567611318789, 0.729149174379, -0.700180946124, 0.336975434498, -0.629439591407, -0.602982396427, -0.751175710022, 0.268602461404,  
268, 633947.802191603, 53.29113423420401, 100.46557012260928, 82.68870044501723, 18.218032462614666, 0.0416460504302, 0.402727501101, 0.914372006538, 0.315751438498, -0.873569312966, 0.370375059272, 0.947927547638, 0.27328961799, -0.163542499457,  
278, 292107.2824432442, 41.16087436022268, 132.33769136693505, 36.20327388041325, 14.555340689288299, 0.43211591009, -0.782627013321, 0.448074545436, -0.712411748366, -0.600886920719, -0.362497461094, -0.552942439172, 0.162572650006, 0.817205477486,  
307, 937629.8213613724, 60.71755396016547, 77.47839895575092, 66.88860285788762, 43.19266887786207, -0.736661942018, 0.399742045931, 0.54546812913, 0.2237053616, -0.617140004121, 0.7543832756, -0.638188917464, -0.677749593898, -0.365199115001,  
325, 1303635.5574323344, 67.76766618065041, 128.79742156938548, 74.10978776034068, 32.60504845277408, -0.757558128153, 0.646248297726, -0.0920261927655, 0.120489401641, 0.276991359669, 0.953288041864, 0.641551234557, 0.711082923684, -0.28770312665,  
327, 510159.26024383906, 49.568493698684236, 118.78589044106205, 40.740858788619576, 25.166459852679107, 0.198570423423, -0.264767283645, -0.943646158501, 0.38623021933, -0.863765502743, 0.32362845046, -0.900775224248, -0.428727701207, -0.0692571555841,  
373, 1690201.1810871991, 73.89526266213981, 124.86910840749347, 94.74309998655056, 34.10728813292048, 0.626001417584, -0.0976606513688, 0.773682507465, -0.714270288257, 0.326348186377, 0.619124233544, 0.312953959069, 0.940191075486, -0.134538325693,  
390, 1702265.7500552796, 74.0706661742083, 124.5190292054333, 89.62357114343575, 36.41503912407804, 0.346954609971, 0.867516690268, -0.356422909935, 0.773963640467, -0.479476882174, -0.413620844127, -0.529719531314, -0.132350714269, -0.83778309041,  
401, 743423.2050486859, 56.19734971007238, 100.65954451603315, 49.91171619469558, 35.325640066513664, -0.0624491044969, 0.948801667612, 0.30963769939, 0.997808302755, 0.0661545796503, -0.00147055906511, 0.0218792207403, -0.3088672322, 0.950853475869,  
407, 2572008.753402213, 84.99524126389232, 136.68112190545958, 90.8138730198225, 49.467857409783754, 0.479456367053, -0.748570548513, 0.457999700863, -0.699907298003, -0.641016945381, -0.315003253852, -0.529387727752, 0.169527017415, 0.831269645826,  
423, 1537921.5616757204, 71.60585347565852, 147.586175814003, 70.97673499586327, 35.04966564359503, -0.784897793187, 0.0519576816244, -0.617442996211, 0.169601201569, 0.976438197864, -0.133431173935, 0.59596215205, -0.209448908022, -0.775216271922,  
425, 1861658.4248318502, 76.31392605907337, 109.89298077821175, 82.72269575436559, 48.889630904045674, 0.046930167193, 0.508043776847, 0.860051789263, 0.876087180299, -0.434552566742, 0.208890687331, 0.479863326295, 0.743677072085, -0.465484264538,  
429, 756905.5864097017, 56.53503956417842, 134.6811652970527, 92.23262032197422, 14.546606431138056, -0.696449516375, 0.400759672774, -0.595272841493, 0.0323202616233, 0.846202154038, 0.531880922003, 0.716877584968, 0.351188836923, -0.602289738407,  
453, 2759004.611134767, 87.00708238521086, 130.81299817903397, 83.72167362338513, 60.14160527819146, 0.00420698583718, 0.223287542602, 0.974743542984, -0.989825063182, 0.139567561478, -0.0276990989084, 0.142227443089, 0.964709059303, -0.221602764718,  
483, 2625266.0379484356, 85.57788920660526, 123.22668277506597, 86.850923430186, 58.56059936408544, 0.628933948095, 0.591841312793, -0.504148737383, -0.522305716009, 0.801974296831, 0.289886126343, 0.575880914736, 0.081000541315, 0.813510961419,  
492, 1158239.1206626634, 65.14831787719987, 82.7972478106717, 66.00331756445284, 50.59737124660397, -0.279523920313, 0.394663701255, 0.875275351467, 0.0994320201456, -0.894813025541, 0.435227437889, 0.954976256952, 0.208686876047, 0.210879435753,  
506, 891976.4202226929, 59.71566249825618, 118.31053070882199, 50.0585687900486, 35.955301373272235, 0.476656754071, -0.86746139484, -0.142509884781, -0.771151669437, -0.334771668503, -0.541528422793, -0.422046729075, -0.368019915806, 0.828515479667,  
533, 683388.6869141255, 54.64197545961898, 92.88875968444272, 71.00451188011938, 24.736033796315265, -0.086247237571, 0.578282901437, 0.811264630017, -0.212036979898, -0.806297354218, 0.552200050468, 0.973448372112, -0.124392373107, 0.192158279409,  
544, 1630576.314745608, 73.01591076662727, 112.60236749035221, 74.13639121647265, 46.630874137199896, 0.256714133719, -0.965420233627, 0.0454051324573, -0.892421502313, -0.218742917063, 0.394633245488, 0.371054868933, 0.141828448272, 0.917716173717,  
571, 2028191.770463804, 78.52479337534372, 133.1212380689476, 109.79721994678441, 33.12697003715848, 0.114858128329, -0.917756893099, -0.380170876745, 0.207522579184, 0.396427420912, -0.894304019379, 0.971463838486, 0.0238240449496, 0.235988189104,  
586, 2745279.7247230615, 86.86256795173236, 103.39672023134922, 91.21765332596219, 69.48840366685928, -0.338228298225, 0.520304623912, 0.784145851622, 0.688377599689, 0.704948169685, -0.170834300722, -0.641668059456, 0.482007444334, -0.596599467885,  
623, 2203641.0535986256, 80.72674008417098, 123.2332394790385, 71.8690021508849, 59.39949670606749, -0.136393719573, 0.896156300872, -0.422256601688, -0.226882600548, 0.386653359388, 0.893881124782, 0.96432413577, 0.217722447355, 0.150585182167,  
631, 1984009.455332101, 77.95040502393735, 118.02114802391998, 71.78768807383229, 55.90431448045598, 0.929763673013, -0.0130227018325, 0.367926516552, 0.209036872172, 0.841330021765, -0.498465024399, 0.303056262792, -0.540364880163, -0.784960316111,  
643, 912609.1555214233, 60.172594461497845, 118.86530966709877, 101.10688113809353, 18.128437438241946, 0.446095877501, 0.894974607149, -0.00434978569926, 0.817744798832, -0.409566577693, -0.404411501345, -0.363719551385, 0.176849288932, -0.914566791954,  
644, 745330.4985554676, 56.24536780932452, 86.36689355881579, 68.01699557866505, 30.289739597011533, -0.958012085426, 0.210216762125, -0.194991684695, 0.031182513998, 0.752410208981, 0.657956327002, 0.285027182912, 0.624249782013, -0.727373160529,  
673, 1210505.6118305982, 66.11389330989853, 112.18248427872346, 75.6490807774961, 34.0525382476751, -0.634164603144, 0.129734182107, -0.762236379421, 0.771696159089, 0.0447834587997, -0.634412704684, 0.0481694318672, 0.990536967413, 0.128515454412,  
674, 946028.5215735671, 60.89830527373102, 110.98934710212998, 72.10639435041126, 28.220229718809694, -0.326188001038, -0.932279961902, -0.156382417859, 0.0727459467892, -0.189696020739, 0.979144242153, -0.942501679152, 0.308008916027, 0.129696154311,  
678, 772652.1805688252, 56.92440175369066, 87.03032234231783, 82.26555340748342, 25.763615534882724, 0.667193563274, -0.346671933751, -0.659296078765, 0.220328215443, -0.753646878148, 0.619251048071, 0.711553389849, 0.558421841807, 0.426446737574,  
686, 860579.2600561616, 59.00662232862092, 151.86243656601462, 77.27801532567157, 17.506363527062398, -0.154974831157, -0.632450057345, -0.758939870261, 0.00133251406202, -0.768354317193, 0.640023333682, -0.987917519894, 0.0981762100244, 0.119918329171,  
691, 1519083.2996827501, 71.31228077161806, 113.9594912316977, 93.39942631911316, 34.07205040810828, -0.0987631160377, -0.947873910825, 0.302953620358, 0.529015291567, -0.307869885719, -0.790796405376, 0.842845577908, 0.0821655806585, 0.531845982552,  
722, 427737.0284292258, 46.740793348741214, 67.98304682136299, 60.89471194129748, 24.666528572740337, 0.818138907266, -0.358993453518, 0.449190860046, -0.532173448601, -0.768610210565, 0.355006710951, -0.217807596337, 0.52949225164, 0.819876701969,  
739, 1196916.8607097748, 65.86557059971652, 88.36907770234986, 82.62573455350626, 39.13449371940376, -0.144057255543, -0.80680790767, -0.572982117738, -0.218908195337, 0.590658515608, -0.776660620834, 0.965052697597, 0.0135468838283, -0.261705507773,  
745, 1238170.6257653784, 66.61376221402963, 131.52250914779688, 76.03129438221268, 29.559658854516233, 0.359030331979, 0.0509582478314, 0.931933730314, -0.887436289362, 0.327883351824, 0.323958855289, 0.289057179539, 0.943342866923, -0.162942267024,  
746, 1559947.6754718232, 71.94608072637696, 97.17015735233446, 76.30493956633632, 50.22684088820191, -0.00868475609067, -0.999610789936, -0.0265111986828, -0.430092688323, 0.0276686812182, -0.902360639396, 0.902742961458, 0.00356549065315, -0.430165587668,  
810, 1441459.7952014331, 70.07632338522363, 138.30795288708745, 66.04341145345587, 37.67361302752849, -0.401287017475, 0.502697333125, 0.765678862759, 0.156983962411, -0.785822435575, 0.598196569108, 0.902399448776, 0.360247818892, 0.236424922189,  
819, 1013000.1726334024, 62.30271463559724, 132.68376193664247, 78.38612691305778, 23.252193441540406, -0.00386998633866, 0.801475095388, 0.598015630798, 0.706834442962, -0.420831292854, 0.568582529803, 0.707368428366, 0.4248984519, -0.564881591242,  
826, 835456.4263671748, 58.42675030911341, 132.8590234151527, 99.15071322447025, 15.140781645794434, -0.315049974581, -0.0295956748394, 0.948613519589, -0.819815880207, 0.512067502868, -0.256298254124, -0.478168836372, -0.858435185985, -0.185589857981,  
859, 1462325.6903880078, 70.41283549199352, 101.02593106187409, 80.0143979424594, 43.18714522737077, -0.768331448349, 0.473530663297, 0.430622220044, 0.629174049571, 0.682287607955, 0.372321951244, 0.117502343914, -0.557002990071, 0.822156231033,  
874, 1691061.3824743584, 73.90779648114476, 103.13923822824046, 77.25103531608303, 50.669023513104676, 0.747448715988, 0.635079728096, -0.194920896595, 0.568875889465, -0.460361407419, 0.681503922912, -0.343075267767, 0.620275030547, 0.705378088068,  
926, 779302.6316421977, 57.08725724395744, 109.12845505204218, 45.011073793019314, 37.875655082781655, 0.349661358056, -0.489219737389, 0.798999989507, -0.730166797661, 0.392060921488, 0.559593317897, 0.587020768181, 0.779071423164, 0.220123454754,  
970, 1450142.145144512, 70.21673882964151, 119.00707637960444, 105.31538638518089, 27.622142006944944, 0.274857447127, -0.882724564369, 0.381117734064, -0.875817363013, -0.393417251782, -0.279583283914, 0.396733324039, -0.25694398117, -0.881239161713,  
1003, 1992374.2380852057, 78.05980033441506, 96.91602677936797, 76.36613462081809, 64.26668492865628, -0.893418711571, -0.307868733349, -0.327138883106, -0.447103829834, 0.680081538096, 0.581022604455, -0.0436024215132, -0.665361514191, 0.745246861296,  
1008, 1003739.5935486039, 62.112281520283915, 96.41762688443505, 65.13588072870417, 38.15537432249062, 0.318474195796, -0.440052788643, 0.839599743818, -0.587054408919, -0.786984403429, -0.189796390187, 0.744272334285, -0.432445478606, -0.508969154716,  
1015, 437751.09622120654, 47.10274432995574, 78.038367197355, 67.53598795412836, 19.828743808364827, -0.988345644286, -0.0311286345083, -0.149009716242, -0.150649634221, 0.059486820616, 0.98679582786, 0.0218534923996, -0.997743617512, 0.0634830574507,  
1059, 1904773.250619737, 76.8985630876174, 133.7638958363336, 69.86104780316299, 48.660959725431574, 0.60349728788, -0.596445749481, -0.529191356172, -0.732937248864, -0.153602102138, -0.662728740471, -0.313996835572, -0.78781905419, 0.529855758774,  
1067, 907039.74078351, 60.049938746950815, 141.68964816543044, 91.98170289804087, 16.61491557104443, -0.666012365015, 0.300009373948, 0.682950880511, -0.0421234801328, -0.929221860928, 0.367113532297, 0.744750389103, 0.215733884027, 0.631510688123,  
1087, 744666.5051435858, 56.22866038912153, 124.4186378701069, 55.87361374262033, 25.572960450972126, 0.203643961486, -0.568749375404, -0.796902305761, -0.825754306133, 0.337513872742, -0.451900665644, -0.525983804744, -0.7500723523, 0.400914583749,  
1118, 1780494.5447375113, 75.18837163609177, 121.72959714317379, 77.57865348574423, 45.01047705491634, -0.309339445142, 0.901292966912, 0.303282204347, 0.935131729786, 0.346239594887, -0.0751451321072, 0.172736086635, -0.260363458894, 0.949933215361,  
1140, 1974803.4644911638, 77.82965232121127, 104.3757458306522, 74.84148974289842, 60.35222080804684, 0.688604902387, 0.320194298239, 0.650614248064, -0.445194600927, -0.521548444732, 0.727866050248, 0.572385408369, -0.790862081006, -0.216592043051,  
1141, 524099.1002945464, 50.01592075976185, 166.86347672781915, 56.00277803234462, 13.389178942849439, 0.0701165238766, 0.72335784215, 0.686904000046, 0.764408012678, 0.403456058051, -0.502895217094, 0.640908779183, -0.560336186073, 0.524651594245,  
1156, 1062318.0061119965, 63.29780418202657, 114.97399323399894, 67.16612673463422, 32.840972829310765, -0.729640913505, 0.621229694309, 0.285828277552, 0.0683006737754, -0.349686288502, 0.93437386393, 0.680411019386, 0.701279663574, 0.212715016292,  
1165, 2185133.1320924163, 80.500102049924, 117.40269040840634, 100.65419024167869, 44.14478277461687, -0.703214356784, 0.599169577685, 0.382734092537, 0.702856248908, 0.504722606592, 0.501246629681, -0.107157182605, -0.621490874891, 0.77605826498,  
1170, 357087.8008156536, 44.01109102748556, 95.0142296314258, 60.04714889342573, 14.941884033036184, -0.0694664427101, 0.885662991485, 0.459102906602, 0.781632479131, -0.237636723301, 0.576697022106, 0.619858920162, 0.398910833711, -0.675755181885,  
1188, 438922.9849425048, 47.14473926813122, 95.65056448714881, 56.81668829181741, 19.281297746979238, -0.883978062373, 0.0418707085213, 0.465649684861, 0.433471042131, -0.299773660057, 0.849846226308, -0.175173173965, -0.953091074612, -0.24684359951,  
1194, 1724502.7280759532, 74.39180428682687, 117.6639522399566, 93.22042381179651, 37.53364754339406, -0.726413098367, 0.625170221154, -0.28545788674, 0.685882213742, 0.685736191199, -0.243580510206, -0.0434695225664, 0.372730560408, 0.926920886562,  
1198, 397564.09624080046, 45.61484279255901, 130.36047659304694, 64.1143758603642, 11.355785719494968, 0.705968461044, -0.705055108918, 0.0671254452437, -0.520953928264, -0.581151191695, -0.625196206816, -0.479807812188, -0.40639953959, 0.777575641069,  
1208, 566743.7842035063, 51.33726392882478, 98.03899137284702, 59.85113470161304, 23.05828131277563, -0.571375711451, -0.113577090995, -0.812791511253, -0.794837180955, -0.170032923275, 0.582514086331, 0.204361572061, -0.978871314016, -0.00687738767903,  
1236, 1804450.4929431228, 75.524081803775, 119.71767579021036, 72.89175186786514, 49.36506315751977, 0.653486483269, -0.751740015702, -0.0885571283221, -0.6628995059, -0.511892516752, -0.546379260561, -0.365403422621, -0.415755938124, 0.832842925558,  
1245, 918442.2096137608, 60.30052248037734, 126.15609890196414, 83.56778455683259, 20.797737175628807, 0.52933909321, 0.815575978804, 0.233743336157, 0.66394077907, -0.569733845525, 0.48434077585, -0.528188192113, 0.101188774382, 0.843076547919,  
1254, 1472164.8909347274, 70.57040594229652, 93.85774317989825, 76.82623352288056, 48.74029995169099, 0.137356546356, 0.580869799719, 0.802323784359, 0.506548463483, -0.737263623558, 0.447046981334, 0.851200231036, 0.345011050768, -0.395506689617,  
1267, 1259190.53491353, 66.98860702463246, 126.21834095968532, 77.60240076275649, 30.690588533357325, 0.0447312321948, -0.538173060491, 0.841646525465, -0.220969311291, -0.826951910072, -0.517032979505, 0.974254422794, -0.162850530823, -0.155910308435,  
1290, 339707.34912177734, 43.285135132565415, 120.4103677350641, 59.53573538997679, 11.312920309723136, -0.0564498489701, -0.00772449326493, -0.998375553965, 0.982732049599, -0.176919353899, -0.0541965027143, 0.176213317436, 0.984195038811, -0.0175781779058,  
1301, 664765.0958718831, 54.14103240702387, 118.76310820561847, 59.88931025051068, 22.312525639750515, 0.182419935666, 0.962299406938, 0.201749395235, 0.710879746368, -0.27083955967, 0.649073123093, -0.679244398781, -0.0250156815577, 0.733485693385,  
1319, 1051580.5182460337, 63.0838185847145, 101.24306114932793, 79.39330244860227, 31.2323589473953, 0.381625138777, -0.896664460786, -0.224399416702, -0.616526846859, -0.427810028518, 0.660963861797, -0.688663125596, -0.113892160668, -0.716080774202,  
1321, 2811679.949982202, 87.5573129233139, 120.61760551661811, 80.25373971241089, 69.34278703972285, -0.384663560499, 0.789892993456, -0.477601302461, -0.115991502101, 0.471947686048, 0.873963015851, 0.91574009231, 0.3915794179, -0.089920202474,  
1324, 1937346.7828812238, 77.3344353407635, 120.40792450122818, 66.80333191686817, 57.49969778400892, -0.836837169632, 0.381170945199, -0.392953256838, -0.20795150176, 0.44266026072, 0.872243123501, 0.506418526951, 0.811640686582, -0.291169489208,  
1361, 2010447.2476863915, 78.29511943328467, 131.36173923593284, 107.04203635746393, 34.133499836993956, -0.120594421794, -0.653681935982, 0.747098997458, -0.393180872786, -0.659592337427, -0.64058313253, 0.911518396253, -0.370995788357, -0.177472077562,  
1403, 2107213.1287943535, 79.53164244901312, 125.87587203783629, 105.79978657469317, 37.77396471266822, 0.721817156501, -0.106267679624, -0.683876577204, 0.170066955016, -0.930607543781, 0.324109287539, 0.670863043693, 0.350252451419, 0.65365587038,  
1407, 2220274.9732978516, 80.92934984336578, 125.30509987030088, 96.3055882518497, 43.92359910307653, -0.0411404790573, -0.976089446844, 0.213440513359, 0.999117311601, -0.0420042756098, 0.000488354750206, 0.00848873623145, 0.213272203042, 0.976955940033,  
1414, 2545756.154533016, 84.70506843948577, 101.1591188911799, 91.47732551942165, 65.6764539933873, -0.895499059716, -0.0523837716557, 0.441969879647, 0.299259774975, -0.805915512594, 0.510826559257, -0.329431360271, -0.589708510221, -0.737372939457,  
1426, 969578.3459359566, 61.39949032686533, 123.32847758687313, 83.38488092975126, 22.508347679169912, 0.779065830695, 0.471790532212, -0.41288027945, -0.344038817867, 0.872264399917, 0.347551591044, 0.524112319302, -0.128718725724, 0.84186564629,  
1438, 755422.4495944909, 56.49808910584509, 97.26717911958653, 47.26759509169228, 39.22576753319807, -0.449719798288, 0.701274651148, 0.553141904656, 0.343374355647, -0.43596060797, 0.83188484791, 0.82452783756, 0.564049831093, -0.0447396147921,  
1443, 1682472.0224463886, 73.78245143029248, 105.60580612744828, 65.33987740233263, 58.20940104087808, -0.926494386345, 0.307476345843, 0.216948032528, 0.348476144305, 0.483439993968, 0.803025621685, -0.142030028237, -0.819599944473, 0.55505261201,  
1465, 3118101.593220764, 90.62900610804893, 140.08013123211347, 90.93264698125554, 58.439336795953025, 0.832453474154, 0.293009180814, 0.470283779571, 0.409519956444, -0.897076465346, -0.165973553904, -0.373248735621, -0.330755854491, 0.866767527124,  
1468, 953494.2690009496, 61.05808220261266, 129.73733305765575, 103.89012980248349, 16.888466734131907, -0.90851181244, -0.302066656877, 0.288724819611, 0.0796925524554, 0.553025664217, 0.829344145575, 0.410189448596, -0.776478170665, 0.478357885626,  
1481, 1611421.3680389095, 72.72886939620315, 101.80535799450219, 70.88479542209792, 53.30853937090453, -0.0264656956589, 0.734238628964, 0.678375414273, -0.645573134566, -0.530679642788, 0.549194359637, 0.763239736177, -0.423406131825, 0.488049539138,  
1486, 686374.315813234, 54.721434221326035, 141.451040220421, 63.00361395778105, 18.386573710441215, 0.155688324348, 0.210886330644, -0.965032694373, 0.452744092593, -0.883524059621, -0.12003342323, -0.877943011979, -0.418225049008, -0.233031920771,  
1491, 2091352.3587902356, 79.33159761826123, 121.3541655033295, 98.8439669082114, 41.62303521352564, -0.0850462286543, -0.981240260076, -0.173016447188, 0.996000351693, -0.088496729519, 0.0123137440048, -0.027394131099, -0.17127720476, 0.984841957225,  
1534, 3219216.692535455, 91.59825507930928, 117.1652085854824, 93.87974151096459, 69.87004878976762, 0.444847421766, 0.649977516505, -0.61614933205, -0.600500805682, 0.726878436714, 0.333236433506, 0.664461852722, 0.221758802033, 0.713662020846,  
1561, 3136177.028895193, 90.80379231930318, 117.11244537498338, 97.2109578961385, 65.76482793684826, -0.61320830986, 0.78430176851, 0.094054795897, 0.784742479981, 0.618466289515, -0.0409718055156, 0.0903039801544, -0.0486845421741, 0.994723582972,  
1562, 2096944.608629314, 79.40224524927038, 131.68656700075817, 65.97997824187632, 57.616212437908054, 0.287125002823, 0.950712235674, 0.117070396314, 0.788928406988, -0.30402195086, 0.534006200378, -0.543278198901, 0.0609663705214, 0.837336193094,  
1570, 3144404.0171992173, 90.88312345549546, 112.1719146063344, 86.95350611572565, 76.96238226975944, -0.706888597119, 0.388999618978, 0.590751900292, 0.0376011310822, -0.813344463661, 0.580566049966, 0.706324759728, 0.432608460235, 0.560317101228,  
1592, 1118275.2735139623, 64.39023908136578, 120.48239515272104, 62.208286581579586, 35.61953787741977, 0.86612793141, -0.26140601165, 0.426015614156, -0.397923418748, 0.15513631779, 0.904206655425, 0.302455549203, 0.952680229655, -0.0303483241772,  
1593, 1849013.7802289217, 76.14075510895067, 128.47841061260362, 76.26979055202949, 45.04730660092688, 0.736931082638, -0.649185879974, 0.18838862143, 0.378360641215, 0.627087947402, 0.680884668209, -0.560156946419, -0.430486236093, 0.707746985803,  
1620, 1041665.7961353424, 62.8849323771876, 111.50122338004039, 71.72521216098383, 31.094839588074304, -0.858085301494, 0.482326269876, 0.176212896088, -0.124992902311, -0.529018775206, 0.839354460196, 0.498062636355, 0.698212363731, 0.514230595551,  
1623, 642961.4063738025, 53.542514790901144, 101.93056338341157, 95.22073169998279, 15.814678117360101, 0.956103204009, -0.26976214752, 0.114433592312, -0.0579820190998, 0.208634452503, 0.976273399561, 0.287236398712, 0.940053216044, -0.183834714515,  
1641, 1031515.49054888, 62.6800087357904, 106.32157656818745, 89.46940474199195, 25.88756421819666, -0.528776696765, -0.422198945958, 0.736303779014, 0.830063818841, -0.438317656072, 0.344777738588, -0.177170148753, -0.793489560365, -0.582224231704,  
1652, 1972678.3978468294, 77.80172505949388, 101.62843261909086, 81.11219999169852, 57.13026926600067, 0.238948364267, 0.762071993936, 0.601788962405, 0.682505520452, 0.309028812731, -0.662334815222, -0.690716941856, 0.568988109683, -0.446276413529,  
1667, 798280.6572924006, 57.546952840065835, 142.47435039378792, 56.8070684674481, 23.54658520555965, -0.258009545416, 0.124718575255, 0.958058636755, -0.0123617239761, -0.991977959355, 0.12580507118, 0.966063280668, 0.0206156528057, 0.257481518958,  
1723, 976525.4357047232, 61.54578521253857, 104.45191151941495, 64.25391908886297, 34.735930434311, -0.851151226669, -0.500970934584, -0.156747287191, -0.491706621415, 0.65638540904, 0.572173743942, 0.183755783028, -0.564080063025, 0.805013971743,  
1776, 956427.1226452793, 61.12062099030741, 122.23023701401095, 60.06144828918733, 31.10203601592015, -0.49560990349, 0.86071766784, 0.116343972042, 0.836435781691, 0.436900431418, 0.33089756139, -0.233978645755, -0.261310369666, 0.936467235965,  
1791, 914576.3897798937, 60.21579975344219, 98.31531745588846, 59.96784651841695, 37.033242342369284, -0.664450906921, -0.691255187551, 0.284026861361, -0.739566060248, 0.662853880645, -0.116904984679, 0.107457130151, 0.287734249955, 0.951662737834,  
1826, 1997527.1904369572, 78.1270387321427, 107.88039103070746, 86.01299478572217, 51.3922354885942, -0.996199584708, 0.0181018260816, -0.085198071107, -0.055256008848, -0.887472893076, 0.45753539485, -0.0673287525061, 0.46050427571, 0.885100362184,  
1831, 71003.3486763882, 25.687987076409804, 88.9788423484286, 41.46163420100181, 4.594698888718741, -0.166996183526, -0.81083527211, -0.560944236257, -0.985842506766, 0.146009501073, 0.0824365055665, -0.0150607616426, -0.56676925384, 0.823738906669,  
1835, 2171855.9585847547, 80.33672742564384, 101.76767580073619, 88.9790931408696, 57.259107991731284, 0.601953704853, 0.711157769312, -0.363189157825, -0.232319449256, 0.59111393118, 0.772406624688, -0.763989143059, 0.380577124262, -0.521039002164,  
1838, 2215924.588757755, 80.87645789721363, 127.87736096539163, 80.16853269756056, 51.60226531368309, -0.0663527583164, -0.722912500167, 0.687746194876, 0.763580745524, -0.480477600586, -0.431376541319, 0.642294135525, 0.496526728825, 0.583883079934,  
1884, 1952483.3103077011, 77.53531821856345, 112.71497994003033, 69.13635770098129, 59.815066089131165, -0.442860278524, -0.696926745955, -0.564063723774, -0.895701779325, 0.315890779011, 0.312939831677, 0.0399136094557, -0.643821502055, 0.764134004787,  
1886, 811691.0483167485, 57.867410555122994, 109.80627041944324, 71.72297607024633, 24.604622392601215, 0.46866679626, -0.828550144504, 0.306359416577, -0.604976325251, -0.0483319448149, 0.794775231746, -0.643704186696, -0.557824955656, -0.523904799441,  
1948, 3302134.418685402, 92.37803348440289, 136.3527706545698, 94.86285856007694, 60.946106206099856, -0.57872103374, 0.802807220572, -0.143466134346, -0.193594973226, 0.0356518063578, 0.980433544431, 0.792213955601, 0.595171836783, 0.134786992142,  
1997, 507607.1298162255, 49.48569811469105, 119.38270335328352, 79.79912370508895, 12.72036499238961, 0.54873979556, -0.526288830915, -0.649541917987, -0.733421989234, 0.0698249819877, -0.676177977753, -0.401219170126, -0.847434090856, 0.347676054941,  
2001, 305195.05356495176, 41.76664847124529, 114.85782695940776, 52.63033887528039, 12.052915710928941, -0.214033241579, 0.152204072451, 0.96489568961, 0.0710058931957, -0.98274894826, 0.170770804957, 0.974242236115, 0.105063909234, 0.199533556942,  
2008, 688205.6804471309, 54.770059730146116, 96.14767991591162, 49.13393175407241, 34.77837743625165, -0.662851199374, 0.187055901735, 0.725009225538, 0.239426374486, -0.864499878892, 0.441944533393, 0.709438720884, 0.466529794356, 0.528248665203,  
2038, 3072275.507983523, 90.18282795497494, 136.66944958098463, 117.98227847227652, 45.486584219290975, -0.00850435458225, -0.078849263358, 0.996850274425, -0.965829621392, -0.257593338663, -0.0286149317482, 0.259038256626, -0.963030874658, -0.0739642890861,  
2086, 2262319.3866550634, 81.43700049948413, 128.03087467418163, 97.01736998298959, 43.48115762804756, 0.932431792987, 0.0272643391263, 0.360315982491, -0.282166757099, 0.677842058779, 0.67890504825, -0.225727429913, -0.734701843718, 0.639734576385,  
2107, 1815960.6518439655, 75.68432493007445, 135.48284055147562, 89.8231428723781, 35.62421345836676, -0.0512515368476, 0.608146763134, 0.79216841294, -0.461507287251, -0.717857784332, 0.521240084115, 0.885654731701, -0.338877139925, 0.317455477589,  
2108, 1793696.098452297, 75.3737433823945, 136.0794201301789, 81.84870492300864, 38.446427629567864, -0.170298323763, -0.972931675866, -0.156212787635, -0.00473737253829, -0.157718279407, 0.987472785267, -0.985381163929, 0.168904998262, 0.0222500188068,  
2122, 338000.8886493974, 43.21253499576559, 112.36557806860009, 45.89227257008396, 15.64791138706704, 0.850943690745, -0.249379185817, -0.46228222642, -0.425648193453, -0.843072888801, -0.328712213919, 0.307763627794, -0.476485179046, 0.82355535549,  
2140, 1873350.9517186834, 76.47336114754007, 109.55527404268665, 89.92143150741357, 45.397719213981254, -0.745634241833, -0.658862636766, -0.0996473947476, -0.646609836817, 0.679269626831, 0.347114524323, 0.161013342111, -0.32325346083, 0.932513755246,  
2149, 1134450.1591505515, 64.69920392357294, 114.22615032844672, 52.028187540780124, 45.571421292768406, 0.969720527745, -0.220623974316, -0.10472420936, -0.134439453282, -0.840243892063, 0.525277293676, -0.203882641415, -0.495293108985, -0.844462316934,  
2172, 1426334.008454218, 69.8303484800798, 124.16832384997444, 61.96417494898652, 44.25691505230491, 0.358251964238, 0.711395094581, 0.604625958362, 0.390382126742, -0.702421686848, 0.595151719284, 0.848090399215, 0.0228208950557, -0.529359879013,  
2215, 728246.9681748542, 55.812313538867045, 117.43703292197429, 57.31983778299903, 25.827362204338698, 0.562816591055, -0.144323851356, 0.813884580738, 0.693847880146, 0.617626661414, -0.370286951334, 0.449235577454, -0.77311573069, -0.44774933044,  
2227, 353366.60527656827, 43.857677697779614, 135.11609930990738, 74.92489479429399, 8.333043601410676, -0.726853713503, 0.306068906725, -0.614821521665, 0.675675429293, 0.479096942503, -0.560293524801, -0.123070684634, 0.822671224743, 0.555036631731,  
2272, 624914.2802004439, 53.036795980417466, 97.62819916888934, 48.31062611072878, 31.63107087270135, 0.86335862776, -0.0176757116308, -0.504281121093, 0.244591014294, -0.859466379323, 0.448879469947, -0.441346933375, -0.510886594101, -0.737704393622,  
2315, 1308475.8302494877, 67.85143418992553, 111.8845700277168, 75.09716986272197, 37.1777692899397, -0.91411458025, -0.404499960069, 0.02782654271, -0.375060812625, 0.817522463649, -0.437019917467, -0.154025715414, 0.409922924137, 0.899021287433,  
2329, 537324.3572344156, 50.43313586473605, 138.36103024866418, 67.4576946471513, 13.74366738808819, 0.224007768323, 0.902473088931, -0.367916897528, 0.684603087474, 0.122973291258, 0.71846794101, 0.693641933819, -0.412819444058, -0.590288890506,  
2379, 2972091.2809552248, 89.19171432730877, 108.09015573895206, 96.50886291180272, 68.01742604176329, -0.513120477211, 0.712021938456, 0.479303802429, 0.435518721972, -0.265210249002, 0.860224951182, -0.739615318039, -0.65014481693, 0.174014075124,  
2383, 832372.5535557019, 58.3547725599115, 118.11768123587677, 55.87641497565095, 30.108262607847553, -0.360698178627, -0.921435640986, 0.144406313765, 0.0740161847634, 0.126061441531, 0.989257356481, -0.929741054449, 0.367511731077, 0.0227310182954,  
2396, 786829.6273653648, 57.270463560383824, 143.95928714298356, 86.71650423306968, 15.04702511184742, 0.508000688876, -0.118444396489, -0.853174205565, 0.813208934293, 0.392470678655, 0.429718507378, -0.283948110202, 0.912106184244, -0.295695416562,  
2401, 2715494.5690684943, 86.54728391068213, 133.75341704787792, 101.96220628546936, 47.535297802361065, -0.17069756793, -0.272005082344, 0.947035150077, 0.482393038524, -0.861146173782, -0.160387729468, 0.859161973487, 0.429465368289, 0.278208915663,  
2410, 2579460.325301769, 85.07724428869575, 123.48187391010217, 85.90526759878294, 58.0520066740655, 0.723609085858, -0.570708919624, -0.388176789524, -0.570231182747, -0.177449093053, -0.802089906181, -0.388878244553, -0.801750053593, 0.453839798252,  
2415, 1322678.065730198, 68.09603849210782, 151.6421618252798, 98.4764763990501, 21.14526218864676, 0.327402800646, 0.257923388087, -0.909001062709, 0.696781651525, 0.583874360476, 0.416636605782, -0.638202739126, 0.769783253297, -0.0114458165266,  
2417, 2415961.7460792023, 83.24033411097848, 134.0212427323025, 91.05589738696128, 47.26283020719118, 0.125298743587, 0.973402470774, 0.191801602567, -0.860341323476, 0.0103297109071, 0.509613681323, 0.494077961434, -0.228868798582, 0.838752669779,  
2423, 1554406.024960179, 71.86078446992683, 127.71308004029568, 73.99568129212577, 39.267577506759594, 0.0250165357669, 0.41734846489, 0.908402131103, 0.294474420193, -0.871445377425, 0.392259824628, 0.955331873639, 0.257688208926, -0.14469899167,  
2443, 2499652.9996848726, 84.1906194646896, 120.39059610769945, 92.15064838658532, 53.78982791458579, 0.420965045392, -0.333660884573, 0.843480198146, -0.573963041654, -0.81803841863, -0.0371425963063, 0.702392238976, -0.468490725362, -0.535874596222,  
2450, 1968761.3181066099, 77.75019486610304, 126.84530997318952, 90.32301487841613, 41.023396919747675, 0.93543519163, -0.184222473769, -0.301700318889, 0.263816498252, -0.204258550691, 0.942697883587, -0.235291006011, -0.961426297034, -0.142469708579,  
2471, 1980111.2438327458, 77.89931884317326, 118.19450562014305, 73.91742264004931, 54.10742631424254, 0.344881995642, -0.638932437959, 0.687620352234, -0.699847984277, -0.66321844201, -0.265243467557, -0.625515154082, 0.389752021036, 0.675887678621,  
2478, 1722530.7148010924, 74.36343715664184, 102.52900718210198, 83.8499613253718, 47.833124107376605, 0.566247488105, -0.651878901459, -0.504398334699, -0.639923000762, -0.733388641564, 0.229433331321, -0.519482757472, 0.192860048372, -0.832431778845,  
2512, 1979963.2032849272, 77.89737744631448, 119.43842366797226, 94.15399343538337, 42.03254649208026, 0.771721682523, 0.613576205703, 0.167241993888, -0.28668435624, 0.100899623101, 0.952696880411, -0.567677482918, 0.783162502839, -0.253769126442,  
2513, 1882793.60770924, 76.60163427497152, 152.82762684050255, 95.83898291112945, 30.6881028091412, 0.388129620403, -0.595909809523, -0.703026953025, -0.73935847719, 0.254062148458, -0.623539467017, -0.55018582313, -0.761803074052, 0.341981924071,  
2551, 1458399.7274805335, 70.34976565286804, 130.74152407556775, 66.78132435212606, 39.876716846049796, 0.764270594015, -0.207109997029, 0.610733909534, -0.572032946148, -0.654994765554, 0.493720736467, -0.297773013628, 0.726696158121, 0.619066980324,  
2582, 924320.1676227446, 60.428888560320885, 135.45005480097447, 58.28818025897179, 27.949506086658566, 0.650322509504, 0.67535835602, -0.347809897194, 0.62067736752, -0.208398464532, 0.755863536248, -0.437995706691, 0.707432803124, 0.554705858978,  
2589, 1068288.5959507637, 63.416167799404306, 105.66593457663681, 80.22745638276338, 30.08444204480156, -0.92570973477, 0.252646793125, 0.281480167818, -0.153528211019, -0.931118584975, 0.330828156503, 0.345674088374, 0.263035698408, 0.900733948505,  
2591, 2207219.7397034764, 80.77041619555136, 105.56843668389781, 87.27105598897695, 57.194285752196244, -0.00931493529254, -0.851198377389, 0.524761426089, -0.279604950091, -0.501634252652, -0.818647756029, 0.960069947382, -0.154351543226, -0.233326589223,  
2608, 1683380.9131215008, 73.79573508063167, 119.20189859507033, 72.0993129215218, 46.760537063190355, -0.525380063789, 0.661188707494, 0.535542044712, 0.850378755488, 0.429359392024, 0.304148787101, 0.0288402632917, -0.615207286663, 0.787837694992,  
2619, 1559271.503968733, 71.9356840271927, 132.027697868757, 117.28066326517472, 24.040398853735656, -0.787057950873, -0.40239595044, 0.467565269281, -0.110976986397, 0.837948681066, 0.534346438549, 0.606814543711, -0.368672628452, 0.704170861774,  
2634, 2089128.8901022756, 79.30347325318941, 125.12383527534949, 110.1825000278708, 36.1762840890142, -0.0382245715516, -0.889715785836, 0.454911752502, 0.904694524407, -0.224133712748, -0.362342236452, 0.424342667707, 0.397705794833, 0.813488414865,  
2662, 159821.49175534587, 33.66527684597961, 128.78646170186013, 40.289529088303965, 7.353331886064032, -0.203507624402, 0.699117974191, -0.6854332243, 0.940196814626, -0.0557732750644, -0.336034658267, 0.273156725302, 0.712827749146, 0.645958205668,  
2680, 1343862.2164533352, 68.45765915718275, 121.79915000760921, 78.22362585847615, 33.673164666805256, 0.767690204673, 0.546689950863, 0.334337923777, 0.553339304812, -0.302366709471, -0.776137865816, 0.323214113862, -0.780835751378, 0.534628998438,  
2681, 598154.4629804804, 52.268685642110235, 109.5056522295963, 92.16403981685573, 14.149031030178291, -0.630206540425, -0.695448837642, -0.345239960938, 0.689267639603, -0.705802514861, 0.163563232454, -0.357421092552, -0.134884114107, 0.9241517399,  
2719, 592348.3484242831, 52.09901640686252, 129.9415991459096, 48.07565079941779, 22.636808320875893, -0.69562956478, -0.506419783823, 0.509547359092, -0.715162467909, 0.555425857391, -0.424316817291, 0.06813334792, 0.659576469785, 0.748543069841,  
2768, 701808.9055771962, 55.12857354013279, 110.80975732370707, 60.148433987591545, 25.137838815223162, -0.935119717032, 0.0340889216992, 0.352688333002, -0.306423939481, -0.577599096687, -0.756626494923, -0.177919881213, 0.815608502239, -0.550569965532,  
2774, 1210133.4581228218, 66.10711733899696, 125.76826344181565, 56.86909090824813, 40.39218149359965, 0.405377594037, 0.912287467926, 0.0583145103477, -0.473975344809, 0.155208546457, 0.866751221297, 0.781675366611, -0.379001164868, 0.495319834312,  
2780, 1889988.3246188902, 76.69908283060647, 104.15491349429782, 89.74562554190538, 48.27001796632416, -0.205921660389, 0.15689847884, 0.965908451729, 0.798741982443, -0.543296555502, 0.258534520447, 0.56533840774, 0.82474948931, -0.0134448732385,  
2781, 2168946.345620297, 80.30083596545686, 109.8193888175073, 92.58531804964942, 50.92594003035979, 0.641485307987, 0.348023837556, 0.683649038711, 0.721934251519, 0.0275115161665, -0.691414530482, 0.259436959822, -0.937081920096, 0.233602095256,  
2783, 1723925.4133876637, 74.38350193700954, 123.7044584119945, 73.93755161538505, 44.99657368581063, -0.505586240055, 0.687370577414, 0.521444381668, 0.174635244848, -0.510338664138, 0.842055211458, 0.844917206077, 0.516794095546, 0.137981077268,  
2805, 2903320.441528067, 88.49840717545236, 127.57297499162941, 103.12987024934311, 52.68211570740347, 0.165705006819, 0.918730302319, 0.35843616212, -0.921630257714, 0.0149378091236, 0.387781549231, 0.350912408986, -0.394602956728, 0.849204915059,  
2807, 1564879.0379604679, 72.02181382176042, 111.36600471422585, 99.51100476429195, 33.710749850653045, -0.150809531532, 0.804621258372, -0.574317957036, 0.199540259493, 0.593781017677, 0.779492006301, 0.968214940001, 0.0029552701249, -0.250102171798,  
2870, 912877.7125766276, 60.178496290629035, 102.30063274024803, 81.14449760104058, 26.253463091311513, 0.54943103407, -0.539466126792, 0.63804532507, 0.692780632083, 0.721030027224, 0.0130650546144, -0.467097992515, 0.434847097133, 0.76988795776,  
2873, 817485.3257135834, 58.00478019842908, 109.18929620509, 71.46138206348051, 25.011508073697435, -0.969730969288, -0.00201816257606, 0.244167512631, 0.110756064553, 0.887543782062, 0.447212621789, -0.217611905394, 0.460718961995, -0.86045516832,  
2878, 811843.3489588095, 57.8710296220233, 112.54268349409557, 97.03176740078628, 17.74812257387978, 0.354221120362, -0.0318068697082, 0.934620629415, 0.271719105496, 0.959804231654, -0.0703175981382, -0.894816252422, 0.278862259796, 0.348625464451,  
