# Void_ID, Void_Volume, r = (a*b*c)**(1/3.0), a, b, c, vector_a, vector_b, vector_c 

2, 1373276.450860052, 68.95352209052174, 101.10604598518424, 69.33579532257373, 46.766485663686765, 0.207074348726, -0.928127053409, 0.309354791186, -0.453606057638, 0.189080820888, 0.870913306619, -0.866811258911, -0.320669013006, -0.381850265842,  
7, 2905446.396391507, 88.52000287583672, 117.73850967285246, 97.21036405528642, 60.60286477108625, 0.633487002056, 0.246851091519, -0.733320364398, 0.61048599469, 0.422839231085, 0.669711755117, -0.475395696775, 0.871935504077, -0.117164022705,  
8, 998083.1527268456, 61.99538649852855, 96.56175275467874, 60.10298428805163, 41.05602874623257, 0.0918932831002, 0.630362566769, 0.770842823756, -0.872821499201, -0.321629646198, 0.367065390931, 0.479310186679, -0.706539032964, 0.520638396436,  
9, 2979252.6671496592, 89.26329400143588, 146.9674922933947, 81.97764681922378, 59.033970777168605, 0.870298770898, -0.208071907643, -0.446414751798, -0.394248956425, -0.837569724932, -0.378212527867, 0.295208078701, -0.50515644817, 0.810968034599,  
11, 1126127.8734444983, 64.54060511694985, 83.74487996839993, 64.25500312577871, 49.961317836127584, 0.517892873042, -0.533395090314, -0.668787447311, -0.342247853825, -0.845698721292, 0.409463159952, -0.78399832819, 0.0168330161951, -0.620534665398,  
19, 3102572.0593006313, 90.4782980350692, 130.96142610596476, 117.06677865478923, 48.312132101845506, -0.12926034193, -0.911860924367, 0.389617015306, -0.79391733749, -0.140248318142, -0.591629673436, 0.594127112019, -0.385797957317, -0.705813651677,  
20, 1556702.8330754153, 71.89616115690298, 115.80528333299539, 69.13023323664532, 46.421664754433756, -0.828578916158, 0.0596204550982, 0.55668876496, 0.53329555296, -0.218664971952, 0.817178978703, -0.170448915783, -0.973976915217, -0.149385861892,  
22, 2266926.406642431, 81.49224284703232, 102.62774463530383, 76.06246764956448, 69.32878934652562, -0.756784141578, -0.444243474044, 0.479505473197, -0.171998333144, 0.843048349224, 0.509594009253, -0.630630110645, 0.303178522722, -0.714414758321,  
23, 887616.0225078426, 59.6181974825815, 121.74069806787023, 78.33665302845318, 22.21957378135761, -0.411625446598, 0.697833177923, -0.586168361056, 0.909990443319, 0.349874164135, -0.222498229969, -0.0498185184654, 0.624993540015, 0.779038632005,  
24, 635069.6608510482, 53.32255106316698, 102.59698475030181, 57.91990066641738, 25.51351823898624, 0.422142076479, -0.905148381026, 0.0500247497875, 0.433798349373, 0.250152752888, 0.865588003789, -0.795999409137, -0.343700463409, 0.498251876168,  
27, 1116843.074765892, 64.36273869178504, 126.36851530297749, 64.00678253483986, 32.96390595754363, 0.42309523158, -0.517102155927, 0.744040177242, -0.814025949095, -0.577564542486, 0.0614894581457, -0.397934893186, 0.631683907978, 0.665299377113,  
40, 94581.26863262319, 28.26433955598306, 95.86859836043651, 45.38156718149468, 5.189919938643689, 0.828470716996, 0.232890562078, -0.509311552171, 0.323679384835, 0.543031104591, 0.774821834539, 0.457020707313, -0.806770850701, 0.374503494705,  
41, 2216858.082223156, 80.88781313410323, 121.84911626249381, 102.4921936144496, 42.37757588163888, 0.37754718764, 0.211307992542, 0.901558125355, -0.15721863125, 0.974107135613, -0.162473352693, 0.912546121077, 0.0804003770848, -0.400992962871,  
44, 1001165.3340136872, 62.05913691982091, 93.19838529628157, 85.80524108083598, 29.88787169930772, 0.957740454835, -0.0543838085195, -0.282445786911, 0.0657797986338, -0.91452729079, 0.399140141418, 0.280011141322, 0.400851887573, 0.872302427467,  
46, 1279237.8958966264, 67.34224167923927, 141.7140791740312, 82.89380601646808, 25.997262984071508, 0.107512788241, 0.105563615639, -0.988583493397, 0.275130010262, 0.952355255128, 0.131616661117, 0.955376615696, -0.286139460899, 0.0733466502208,  
48, 1131575.2503726364, 64.6445043986979, 115.30118363330284, 89.28466178553076, 26.241231181373767, -0.186286005964, -0.852011327898, -0.489258848786, -0.460639302346, 0.515591847095, -0.722479397868, 0.86781850471, 0.0907840533507, -0.488517449577,  
53, 986354.0023350554, 61.7515790307007, 129.91704710818183, 62.101806192694475, 29.185949682770875, 0.397180571836, 0.051856112092, 0.916274269526, -0.663126141407, 0.706415709471, 0.247468313114, 0.634437793593, 0.705895026935, -0.314961738961,  
54, 379473.5758345205, 44.91219802252428, 112.32128485105456, 61.68180455457842, 13.075966425769787, -0.645527694643, 0.541308082673, 0.538775978568, -0.107670452843, -0.762902885864, 0.63748432163, 0.75610916476, 0.35350353092, 0.550757827537,  
55, 1439153.0079415992, 70.03892206975989, 111.74309133128483, 69.49871038614424, 44.24059229834071, 0.286584222, 0.0690849407169, -0.955560963344, 0.385531962685, -0.921391892704, 0.0490110784076, -0.877060197164, -0.382445095438, -0.290690831514,  
57, 1680262.8207627423, 73.75014347125251, 103.6479861702206, 92.79581536867873, 41.70607770261672, -0.550211528527, -0.390507778656, 0.738086003583, 0.626445640567, 0.39140013986, 0.674071057035, -0.55211695617, 0.833252425935, 0.0292790263285,  
60, 2029848.2016086974, 78.54616471401727, 122.23680765494896, 91.00458756700814, 43.56218618158319, -0.97116915354, -0.0280081323693, 0.23674040579, 0.00798135389939, 0.988697475198, 0.149711724751, -0.238257787286, 0.147284917962, -0.959968947278,  
62, 1076488.5443421816, 63.57801060028515, 132.6100502591679, 99.51392181259286, 19.47424016486391, -0.241467096815, 0.278744106337, 0.929513509497, 0.861533720946, -0.379247358142, 0.337536796535, 0.44660193554, 0.882311262834, -0.148571688579,  
63, 1390018.9745879003, 69.2326103300233, 108.67664087303632, 91.84541304121889, 33.245926592155456, -0.396219169287, -0.808508494987, 0.435114218825, 0.750402045525, -0.0120830021877, 0.66087122129, -0.529062510448, 0.588360446148, 0.611493945552,  
64, 1101979.1708818697, 64.07593106496923, 124.97591226232022, 92.65427401629549, 22.719198359217, -0.996318113001, -0.0400431210339, 0.0758074281554, 0.00846178075804, 0.833976305212, 0.551735371905, -0.0853148051166, 0.55034541045, -0.830566862585,  
68, 2480834.730003338, 83.97881482993884, 116.80013350307104, 101.10995815254877, 50.15011739411032, -0.355602983336, 0.69474844804, -0.625196858748, -0.447522854797, -0.71382059349, -0.538686787237, -0.820530202172, 0.0882312544118, 0.564752541445,  
74, 2872632.7867003926, 88.185497207366, 120.9995712608786, 91.55080749080057, 61.90781740700403, 0.459030793388, 0.194507260196, -0.866866573616, 0.302589765523, 0.883171514263, 0.358395745224, 0.835302438954, -0.426819636527, 0.346547014634,  
76, 2697469.944616844, 86.35536716564667, 117.27519276329016, 98.28069881642236, 55.871922315783486, -0.0562352033045, 0.58209199096, 0.811176008009, -0.554975565187, -0.693606696244, 0.459251426749, 0.829963688335, -0.42435676616, 0.36205194525,  
80, 662721.4055473569, 54.08549344703319, 92.5287083881378, 51.565076233324106, 33.159671917130396, -0.94460572418, -0.290999223828, 0.151787606797, -0.325834901965, 0.775958744926, -0.540110769042, -0.0393908937066, 0.559649424109, 0.827792775752,  
82, 1021264.2177444365, 62.47167763658884, 94.91462213635015, 76.73502154952243, 33.47516789318209, -0.868544324186, -0.0227805312484, -0.495087673367, 0.48025620823, -0.285416382774, -0.829392225006, 0.12241213739, 0.958132838306, -0.258837270847,  
85, 2151747.5639063753, 80.08802247037505, 151.3313754363265, 96.6194132136071, 35.13252271161661, 0.282769456069, 0.886188484501, -0.36703052278, 0.676569693928, 0.0869665088552, 0.731225188021, 0.67992270441, -0.45508987714, -0.574976799316,  
87, 2194915.3036973737, 80.62004800556534, 150.81058206707152, 67.57995485742218, 51.413769215759324, -0.405519398657, 0.586563931502, 0.701068307353, 0.897140056461, 0.108397436297, 0.428240253709, -0.175196279657, -0.802616191006, 0.570187261809,  
91, 1347829.815156081, 68.52496408679376, 148.4455568953888, 55.616579567096274, 38.97399906113017, -0.377644813325, 0.500143313459, 0.779256736237, 0.0264972250252, -0.835393081862, 0.549013930464, 0.925571332764, 0.227980404375, 0.302229454532,  
105, 1069039.507294188, 63.43102295083612, 98.18552745186363, 61.98613286794777, 41.93369437468642, -0.721670666594, -0.68476321826, -0.101443501002, -0.642402643488, 0.607891728853, 0.466676000702, 0.257895894921, -0.401953953719, 0.878591330752,  
106, 1613857.7094630871, 72.76550436857828, 102.97957318623916, 74.7050934643694, 50.08126970696094, -0.663159989268, -0.373921872763, -0.64838357606, -0.716068605562, 0.569104004234, 0.404186076569, -0.21786367472, -0.732327157379, 0.645160719359,  
107, 2295700.740725707, 81.83559072389976, 134.7200142533678, 96.95103551115945, 41.96063896705654, 0.244689318092, -0.622836483376, 0.743102854649, 0.905383650553, 0.421046180255, 0.0547773621492, -0.346997958096, 0.659389739888, 0.666931471748,  
108, 2546620.768903773, 84.71465680608355, 111.97765777330628, 95.32383619498799, 56.95643214531651, -0.425795890652, 0.586744642736, -0.688787763919, -0.280864227972, 0.637931978361, 0.717048168836, -0.860123912555, -0.49877200724, 0.106833233803,  
110, 1177583.6233749858, 65.50901197573351, 106.35161895245838, 70.71604767368815, 37.38015197047618, -0.130603452599, 0.98657395993, 0.0980538615135, 0.920784708843, 0.084036105914, 0.380911345149, 0.367557149475, 0.140034833135, -0.919397622022,  
111, 827318.2452088817, 58.23641929918983, 135.78643864322711, 71.7917804641066, 20.260626510208347, -0.539844453358, -0.285944881594, 0.79170922116, -0.208116292214, 0.956675216345, 0.203617630246, -0.815632009606, -0.0548457393253, -0.575965597744,  
114, 1550065.815689389, 71.7938389451676, 128.47589215965058, 94.1652361552801, 30.58787362998865, -0.227678410245, -0.760754519119, -0.607795280624, -0.0434496276425, -0.615629777176, 0.786836772979, 0.972766504032, -0.20555422422, -0.107111108384,  
116, 1891561.9706770298, 76.72036404257412, 145.03209485783375, 81.52820604979088, 38.190905764796874, 0.693385967469, 0.646464190134, 0.318276532266, 0.633653059797, -0.33674258627, -0.696482756716, 0.343073898638, -0.684608268623, 0.643126596096,  
121, 193854.0916037933, 35.902838667226945, 143.43170747193005, 38.28736786956294, 8.427246222830153, -0.479545204972, -0.642367992338, 0.597829205383, -0.803713002314, 0.594992888458, -0.00537332266426, 0.352252475223, 0.483059856647, 0.801605494364,  
122, 1592799.0254120186, 72.44762018361013, 132.86557231132852, 82.73227862481865, 34.592736879294485, 0.402433095707, -0.605797581121, 0.686335846498, -0.359174644348, 0.585124248635, 0.727064776012, -0.842045829119, -0.53910936216, 0.0178862320054,  
128, 1120952.647347223, 64.44158581264445, 118.21014033099046, 81.51954748393912, 27.770401870686296, -0.947778424296, -0.0412049948485, 0.316256552247, 0.271278383784, -0.625577475328, 0.731478544356, -0.167702405858, -0.779073148531, -0.604086858248,  
129, 1298594.1382296507, 67.68019629340073, 106.99262391803038, 82.22304647625774, 35.2401238863914, -0.430174372246, -0.162073070457, -0.888077884701, 0.876894930892, -0.308754242247, -0.368410230681, 0.214488437073, 0.937231635044, -0.274939216255,  
130, 878507.7820285067, 59.41357261844169, 107.44059772292198, 56.65015503495309, 34.457795174272945, 0.188675024853, -0.778610635135, 0.598470729319, 0.61767149125, 0.567867090506, 0.544066996257, -0.763468181324, 0.267006453807, 0.588067929521,  
131, 1145331.290172926, 64.90540120458053, 101.93506532630778, 94.32509830074802, 28.43751508306665, 0.835924743179, -0.023866374263, 0.548324921849, -0.288234217015, 0.831105082288, 0.475589506126, 0.467066226443, 0.555603040286, -0.687862196767,  
132, 483553.71401519113, 48.69137491070218, 53.73338541877572, 49.07078129735046, 43.78132868348523, 0.0756559328153, -0.726406617704, 0.683088285353, -0.732039862235, -0.505608172655, -0.456593928829, 0.677047871224, -0.465503814701, -0.570010858292,  
133, 3827040.0058007427, 97.03419283798347, 127.27341270844289, 96.24763661920773, 74.58416453300605, 0.435093525586, 0.007045308944, -0.900357699814, 0.281865693443, -0.950773320874, 0.128770428181, -0.855128852778, -0.309807126994, -0.415661147103,  
136, 2141418.5699037034, 79.95966852178539, 135.34364853807085, 86.87597607442424, 43.47858266214433, -0.827457860574, -0.51840927685, 0.215789968833, -0.561527154603, 0.763328059876, -0.319401827875, -0.000862332363141, 0.385463480347, 0.922722689491,  
138, 293188.2498276109, 41.21158494257378, 132.77188314977798, 43.68973118809435, 12.066254024062626, 0.213894854556, 0.975209310645, -0.0567079502913, 0.442725222231, -0.0450295190029, 0.895525946033, 0.87077170877, -0.216654431873, -0.441381341195,  
139, 588624.6055063397, 51.98961496110048, 114.47792567785626, 48.74891776164203, 25.180425984448576, -0.125057109839, -0.643694854211, -0.754995135044, -0.989317447153, 0.13836023501, 0.0459067982588, -0.0749113345034, -0.752670831127, 0.654121481021,  
140, 1071983.1009503766, 63.48918857338926, 91.92959316589251, 66.6987723624417, 41.73747299995945, -0.938779471483, -0.176265426882, 0.296012842977, -0.0481610973644, 0.917913442959, 0.393846949887, -0.341135768605, 0.355479128108, -0.870207433235,  
141, 743299.1817127662, 56.194224450976805, 107.25869974990917, 66.47423352154685, 24.887953064469436, -0.924744132403, 0.0729086726084, 0.373540647111, -0.0195693939241, -0.98928994417, 0.144645930413, 0.38008594871, 0.126450511355, 0.916266849652,  
143, 2192142.636020508, 80.58608666610138, 108.0002198742927, 80.77965420602537, 59.98650650673023, -0.488768486907, 0.47005609841, -0.734950767436, 0.854226285374, 0.428977076409, -0.293727971586, -0.177208407202, 0.771379240234, 0.611204751416,  
148, 694972.6710533958, 54.94898894209378, 143.64924500202687, 93.38549639663283, 12.36791062250746, 0.464375674876, -0.865569494415, -0.187469151921, -0.294350705655, -0.350486087551, 0.889110321903, -0.835292101401, -0.357699528616, -0.417538204916,  
150, 230918.9858016733, 38.05896824887093, 126.84185020901258, 62.652943406472936, 6.936924775365737, 0.409256396145, -0.243588254654, 0.87930311293, 0.68135469522, 0.72254813611, -0.116961405198, 0.606848400769, -0.646984507696, -0.461677447235,  
155, 2553270.263677165, 84.78832568493384, 118.03018248187982, 76.63909830876358, 67.38522968197232, 0.329940297134, 0.883641216761, -0.332140934497, 0.624159597346, 0.0597585250012, 0.77900816153, 0.708211972059, -0.464335136223, -0.531816400557,  
156, 547569.2301040677, 50.751647173648784, 74.22058090507899, 55.40294865072134, 31.790195434490293, -0.839825201471, 0.525874189246, 0.134721817307, 0.533454071088, 0.753470315273, 0.384329595585, -0.100600124321, -0.394637581951, 0.91331308646,  
160, 2450700.7187194047, 83.6374062881677, 105.86268464881059, 97.61413562857145, 56.61689558863459, 0.270510318616, -0.0473544618182, 0.961551726361, 0.402275068319, 0.912974451871, -0.0682086478366, -0.874642176511, 0.405259429473, 0.266018529227,  
162, 984807.0684302871, 61.71927974351471, 121.18054130143537, 91.47269566638182, 21.20987855865097, -0.255427788936, -0.63851003344, 0.725990070067, -0.948848412685, 0.0214118255197, -0.315005116582, -0.185589154813, 0.76931558604, 0.611318406963,  
163, 2213938.0336489384, 80.85228234884204, 111.34402449644983, 91.29643533751724, 51.99434556817436, 0.720964255446, -0.469284327934, 0.509885047756, -0.63769097075, -0.1613107453, 0.753212499415, 0.271220884508, 0.868188379908, 0.415557660018,  
166, 3311316.219180831, 92.46357530098975, 128.76322880759008, 115.90063345433624, 52.970537415795185, 0.50866970591, 0.742639033782, -0.435594301836, 0.848855400471, -0.517139707265, 0.109594855083, -0.143873692451, -0.425504158233, -0.893446457236,  
167, 623438.7229964859, 52.9950193159441, 107.47552824368483, 55.43196138268722, 24.982467449578902, -0.218737471006, -0.35363986324, 0.909446406286, 0.0298767017068, 0.929152154978, 0.36848833848, -0.975326253862, 0.107773466253, -0.192674799854,  
168, 322886.05583909986, 42.55855693213335, 149.90059205028393, 64.69492712328092, 7.948535249374176, 0.15058739922, 0.371587526016, 0.916103785444, -0.343949903817, 0.888470097697, -0.303840993223, -0.926834342728, -0.269339183945, 0.26159989513,  
172, 924076.4580723841, 60.423577128092695, 129.3008686625941, 68.15846657594969, 25.032143698230723, 0.597884190134, 0.739100018708, 0.310267074525, 0.355855163557, -0.591570386875, 0.723471892987, 0.718262902952, -0.322142266271, -0.616703139707,  
174, 442948.30641090055, 47.28842092077418, 119.73038525122317, 56.24507025546114, 15.702745526560088, 0.0752833969916, 0.0213528387727, 0.996933531593, -0.469231845403, -0.881403222787, 0.0543123753918, 0.879860151045, -0.471881780892, -0.0563355967888,  
176, 3261561.952961727, 91.99813167761754, 100.65457468490773, 89.66755040798996, 86.2716688816783, -0.58172464135, -0.742035805715, -0.333135565024, -0.812952607554, 0.543778257581, 0.208358499834, -0.0265424097856, -0.392030699843, 0.919569155019,  
177, 3365479.2825719467, 92.96499224027345, 101.46824369614336, 97.29624740879443, 81.38269705556111, 0.393710786179, 0.138561531214, 0.90873126881, -0.827997551733, 0.482837479857, 0.285110544122, -0.399264162141, -0.864678362232, 0.304826932401,  
178, 2671675.8960695565, 86.07923281137057, 110.93773070304233, 88.52203952745532, 64.94780433870525, 0.566788296277, -0.502157107839, -0.653138014703, -0.755331112722, -0.633291649735, -0.168572229416, 0.328977107651, -0.588880230116, 0.738237182226,  
179, 3440262.4066905496, 93.64853477865725, 111.09626195061642, 93.92166333077289, 78.7114184240746, 0.0191352140964, 0.968476803545, 0.24836772048, 0.574098278456, -0.21402213071, 0.790319994838, 0.818562771115, 0.127464538445, -0.560096224932,  
180, 2508450.0216788948, 84.2892677700606, 118.94303167286502, 80.01607572823747, 62.92172079057583, -0.892550242715, 0.352433662363, -0.281326461364, 0.131756483964, 0.800445104488, 0.584745982145, 0.431270556801, 0.484848582894, -0.760872892474,  
181, 3539306.74600859, 94.53875198804784, 100.99771110420245, 94.05384917833707, 88.94908586221634, 0.0221947141245, -0.77676570784, 0.629398466624, 0.245526034442, -0.606038285219, -0.756594054471, 0.969135883701, 0.171326098342, 0.177265357448,  
182, 3584289.334241833, 94.93757847756969, 108.03531314484107, 94.95178002405225, 83.41527863507757, -0.572555546988, 0.256719298983, 0.778636851904, 0.787288453667, -0.0928986232302, 0.60954633665, -0.228816599781, -0.962010939299, 0.148922517885,  
183, 3369621.0957866632, 93.0031131887186, 97.83274907074893, 95.96518075753393, 85.6829708586143, -0.371348460726, -0.73198435876, 0.571226066674, -0.497686479482, 0.676293480784, 0.543079456425, -0.783842132611, -0.0826197699158, -0.615439261635,  
184, 3515987.189320157, 94.33066402126799, 97.79281293599772, 93.0617592761326, 92.23175614291274, -0.760274388889, 0.223195253038, -0.610054696417, 0.116714955837, 0.970771934449, 0.20971282834, 0.639030885547, 0.0882367854574, -0.764103263315,  
185, 3193807.323448388, 91.35662234261586, 99.71511978675095, 88.18921706319816, 86.70489183901707, 0.160492961024, -0.115018052847, -0.980312632266, -0.710942426632, 0.675487528287, -0.195646275567, -0.68469181058, -0.728345691721, -0.026639779952,  
186, 3468255.5547855347, 93.9018525591152, 106.22418418698871, 94.96791037223211, 82.07713619024754, -0.0722711087667, -0.5588120805, -0.82613918048, 0.996044674341, -0.0833650878241, -0.0307452248094, 0.0516903622945, 0.825093522468, -0.562626684069,  
187, 3596455.7606281727, 95.04487511934695, 106.7618152872494, 93.19838341927415, 86.29026134114046, 0.16521620083, 0.928632444626, -0.332182765613, 0.472558379852, 0.221094884337, 0.853115249982, 0.865674410281, -0.297924210005, -0.402304586698,  
188, 2780005.94055358, 87.2272883207477, 105.9371827168046, 89.52153812123537, 69.98116370837313, -0.0911651315786, -0.229397881888, 0.969053935841, 0.256325386795, -0.945723481696, -0.199760837636, 0.962281775193, 0.230181901883, 0.145017506451,  
189, 3710774.267587164, 96.04143542174457, 108.04647015538815, 96.56039370619744, 84.9114614885664, 0.205163512164, -0.377681054824, 0.902920236845, 0.12854014342, 0.924951740155, 0.357689404252, 0.970250155788, -0.0426766823009, -0.238313524546,  
190, 3446624.667115779, 93.70622896799195, 101.64293532636741, 92.86499334950295, 87.17182777566231, 0.820309645832, 0.201077976712, 0.535406137653, 0.364140048675, 0.53825376448, -0.760055859772, 0.441014863589, -0.818443970168, -0.368314210681,  
191, 3821717.3271498904, 96.989186649266, 122.64837350838519, 94.20821792778791, 78.96222369625949, 0.452349221407, -0.890685602449, 0.0453799458115, -0.690989240516, -0.382191044147, -0.613566520652, -0.563838674963, -0.246189283607, 0.788337989223,  
192, 3021220.289406549, 89.68048076034495, 102.76477251235112, 90.05894400802893, 77.9332284800595, 0.40439492119, 0.905633806483, -0.127640731235, 0.480132393704, -0.0914355042018, 0.872417579538, 0.778419958783, -0.414085688145, -0.471800180841,  
193, 3421839.477108508, 93.48106991386015, 98.9028001544767, 94.39539280227527, 87.5007221814474, -0.712593917914, 0.700843985842, 0.0320564449165, 0.629916109698, 0.619022213719, 0.469059904132, -0.308894161315, -0.354442105895, 0.882584381617,  
194, 1081650.233621671, 63.679466026118476, 133.62275370518816, 59.9465143776196, 32.23694555522949, -0.112682769289, 0.433921358207, -0.893876304864, 0.993464329117, 0.0656778990644, -0.0933543804381, -0.0181994581727, 0.898553653638, 0.438486158568,  
195, 3172364.882861425, 91.1517144222581, 98.21318741468419, 93.8959997882577, 82.12542460084512, 0.338240507043, -0.921366342617, 0.191513503669, 0.0383606258828, 0.216838436704, 0.975453512347, 0.940277523807, 0.322591312747, -0.108687732347,  
196, 3356793.1180053186, 92.88494371745007, 104.86430912869288, 89.49532332022955, 85.39017930831794, 0.702751600649, 0.665633904174, -0.251140784023, 0.4262313527, -0.111284711647, 0.897743029452, 0.569620067906, -0.737934427011, -0.361919548617,  
197, 2799423.5734966025, 87.42990410286674, 109.3266407914752, 82.94747235010992, 73.697175875663, 0.34925038205, -0.879803689415, 0.322443233345, -0.869188443455, -0.432731383321, -0.239280169788, -0.350050882591, 0.196695241378, 0.915846800298,  
198, 3016397.103676178, 89.63273228399247, 121.41096598048306, 87.43303760110304, 67.83696732357133, -0.523887811559, -0.372970900456, -0.765789963576, -0.240163893228, -0.797885084039, 0.552902068234, -0.817228771697, 0.47357375358, 0.328428127038,  
199, 3461897.7141394764, 93.8444386630183, 98.49062929873182, 93.03203770821894, 90.19826354561563, -0.648151226034, 0.747576242802, -0.145016376277, 0.206909966954, 0.356154185948, 0.911231288646, 0.732863052532, 0.560610343313, -0.385522747973,  
200, 3364992.9392015375, 92.9605139196608, 118.3090051353622, 84.68178657842394, 80.1840030006872, -0.187936294605, 0.801103619338, 0.568254291893, -0.266748269002, -0.598448616721, 0.755449941512, 0.945264677302, -0.00960438594799, 0.326163219287,  
201, 3363665.140354741, 92.94828515681029, 110.37641863708754, 90.0427495342398, 80.7977186506232, -0.939150468437, 0.343106260711, -0.0165677848927, 0.0146673011823, 0.0882413789126, 0.995991129139, 0.343192756205, 0.935142530799, -0.0879043752047,  
202, 3651036.0532223484, 95.52326773920385, 105.54614255827315, 94.5386117786077, 87.35261807421637, 0.331970352742, -0.371052075428, -0.867246240823, -0.257520900595, -0.920109965954, 0.295094283761, -0.907457255554, 0.125371479502, -0.401002894591,  
203, 3466426.101476265, 93.885339044233, 98.38356412679231, 94.2943087804276, 89.20420025265948, -0.865751751242, -0.474002187056, -0.16061080875, -0.47203465372, 0.666727018451, 0.576765436339, 0.166304512594, -0.575149554058, 0.800965542054,  
204, 3580267.0560049927, 94.90205230097254, 114.190043112547, 98.7272961439786, 75.81608124669177, 0.552104329593, -0.742310378205, 0.379678958666, -0.772232284535, -0.6269614628, -0.102842709443, -0.314385285862, 0.23642044449, 0.919384177295,  
205, 3284283.472924875, 92.21127107072712, 102.08611918683633, 94.14776995232475, 81.57842075073677, 0.216256852671, 0.282224038141, 0.934656389251, -0.893985538774, -0.327569790325, 0.305757892669, 0.392457424616, -0.901691535261, 0.181464996907,  
206, 3354417.15759142, 92.86302368535564, 105.00991958612012, 90.36588714323902, 84.39051147158838, 0.0852171770318, 0.979382748016, 0.183159672491, -0.571123570987, -0.10261590902, 0.814424853427, 0.81642874729, -0.174009793127, 0.550603934325,  
207, 3089436.7688678745, 90.35043209679286, 123.79842714955682, 113.40519673169766, 52.534259900971946, -0.438540566837, -0.214005870391, 0.872859472468, 0.868074483292, 0.150563026203, 0.473051230416, -0.232656103929, 0.965159190278, 0.119745040505,  
208, 3365101.6028434136, 92.96151454773984, 112.38615263789025, 95.70462875752376, 74.69023486942434, -0.730718808067, 0.172087489561, 0.660632968807, 0.240937484634, -0.840426435894, 0.485419956686, -0.638748113137, -0.513876737932, -0.572653076632,  
209, 2949497.6983178593, 88.96512994486145, 103.63921003747083, 87.89621948438575, 77.29744915698771, -0.38816591535, -0.804413957372, -0.449717030304, 0.118477751229, -0.527487579676, 0.841260884477, -0.913942145119, 0.273267338831, 0.300057855928,  
210, 3771617.633366457, 96.56350387819552, 108.19651041873942, 97.09989376277537, 85.7051737010002, 0.202047032197, -0.303836085285, 0.931053505476, -0.919790589693, -0.385401093255, 0.0738327056902, 0.336395998626, -0.871291931902, -0.357334719152,  
211, 3772807.8916191654, 96.57366074191907, 108.6073348855893, 93.74279661970246, 88.46653556464534, 0.89706329374, 0.146682328864, 0.41684738385, 0.275356214027, -0.923327422431, -0.267666632929, -0.3456246554, -0.354895428804, 0.868673029507,  
212, 3585126.398201523, 94.94496837948647, 103.50451884979435, 97.71975811654627, 84.6202235719619, -0.0659360869627, 0.798916510536, 0.597816729131, -0.88257618911, -0.32620751577, 0.338596998025, 0.465523042236, -0.505293049475, 0.726613536414,  
213, 3258127.690057505, 91.96583051515913, 111.1210949230403, 88.34124944354451, 79.23543420048424, -0.247129602046, 0.384059122032, 0.889621015139, 0.94904896659, 0.281200203807, 0.142241008129, 0.195532654069, -0.879445868808, 0.433983807336,  
214, 2620534.3467498813, 85.52644405025775, 96.91647532820211, 84.00773110669141, 76.83947348016983, -0.375481824689, 0.65160465434, -0.659109075776, 0.0792129001801, 0.731103141732, 0.677652944061, 0.923438528422, 0.202236422514, -0.326131436135,  
215, 3664546.3677730486, 95.64094765139158, 105.76934995009124, 95.98651481683963, 86.17108347099193, -0.882340118795, -0.111663647799, 0.457172991902, 0.454043332647, -0.457485113513, 0.764560019222, -0.123776277388, -0.882178327026, -0.454357604186,  
216, 3342490.356241834, 92.75283324651625, 98.75838711135349, 91.76332175186839, 88.05184061373313, -0.761030584489, -0.626709929385, -0.167532426361, -0.648288001369, 0.725349907292, 0.231495527542, 0.0235609157894, -0.284784438482, 0.958301991465,  
217, 2810046.6829263647, 87.54035601783735, 112.99832267976703, 100.13649204557457, 59.287147475269876, -0.309352443252, -0.603372765673, 0.73501181725, -0.427194630977, 0.778720501096, 0.459455251834, -0.849591556642, -0.171859497314, -0.498656695598,  
218, 3602154.2968078377, 95.09504774166157, 103.04095212154795, 93.7572753083471, 89.01411157393454, -0.161782437164, -0.986747487787, -0.012483523999, -0.886914246439, 0.150937490418, -0.436578736827, 0.432677203569, -0.0595589567771, -0.899579439616,  
219, 3593969.7674158863, 95.02297064886531, 106.60465685602148, 90.2347428646812, 89.19404266887065, -0.298142521899, -0.870199989557, 0.392253763285, -0.951442736639, 0.237949711576, -0.195286081576, -0.0766012763095, 0.43143007885, 0.898888386582,  
220, 3261558.13269574, 91.99809575848069, 99.00137682039353, 93.72676443036252, 83.91346508635087, 0.664823856993, 0.746884864109, 0.013123983263, 0.705801631059, -0.633814539222, 0.316422482553, -0.244649334287, 0.201102286497, 0.948527581886,  
221, 3459446.1049145265, 93.82228085234301, 109.52060958317955, 88.38402507617353, 85.31950587975558, 0.193112761628, 0.371687112624, 0.908050742858, 0.452720300663, -0.854822175454, 0.253620538837, 0.870489397215, 0.362115642664, -0.333347372382,  
222, 2475237.104066206, 83.91560546114788, 91.65974138677069, 85.66710130000467, 75.25502383491155, 0.604812626022, 0.682892615986, -0.409706434458, 0.32861786119, 0.25461386784, 0.909495508296, -0.725404706844, 0.684711218935, 0.0704170288575,  
223, 3746762.8847198985, 96.35092019586286, 102.56560399591018, 96.28351548956948, 90.57616308691537, -0.488205214277, -0.0072469079249, -0.872698774537, -0.138719527084, 0.987897097677, 0.0693989712204, 0.861633658557, 0.154941300905, -0.483301801896,  
224, 3066112.824248589, 90.1224882853732, 106.8190531149746, 89.47788499774198, 76.5834784638904, -0.995394230375, 0.0882442505704, 0.0374603574098, 0.0955538439215, 0.944786632084, 0.313444863966, 0.00773233779806, -0.315580690278, 0.948867239858,  
225, 3286828.631222836, 92.23508465490337, 100.52631000692911, 91.26254764805927, 85.52953730505861, -0.633509936169, 0.15468135953, 0.758115319584, 0.748510031276, -0.125625238227, 0.651115222215, -0.19595380541, -0.979944884437, 0.0361957126092,  
226, 3068241.0665763672, 90.14333532575003, 95.0754587292218, 90.5363883606737, 85.09602499158096, -0.97432684185, -0.147175128161, -0.170372201079, -0.143238603645, -0.178602021611, 0.97343927407, -0.173694869457, 0.972851889821, 0.152935583815,  
227, 2438217.719796347, 83.49515808082533, 110.08208308175404, 83.5145408050524, 63.3147851112629, -0.404041029972, 0.077991697367, 0.911409974293, -0.886932213476, -0.277208321286, -0.369468260218, -0.223834972239, 0.957639202284, -0.181176884428,  
228, 3768884.867825783, 96.5401762063697, 114.11224254507992, 105.40211515441631, 74.80707864672038, -0.459207861278, 0.751701504177, 0.473363484817, -0.41439202094, 0.290071805834, -0.862634105772, -0.78575275572, -0.592286413889, 0.178295851886,  
229, 2382282.9221950592, 82.85172901430978, 111.7166660152378, 74.26677474754774, 68.547591167818, -0.340388018479, 0.571443334148, -0.746718496311, 0.918132450774, 0.373356708276, -0.132806517994, -0.202900960352, 0.730792230558, 0.651746818976,  
230, 3198203.5355528463, 91.39851998115056, 101.22049325858536, 89.75909401639433, 84.03700768134074, -0.0295012529771, 0.980230278765, 0.19564834951, -0.800879596013, -0.140298899518, 0.582158132713, 0.598098276843, -0.13951637677, 0.789185422984,  
231, 2591504.3135760436, 85.20945264961708, 102.04594490325758, 88.69588929216201, 68.3540234220064, 0.655004786187, 0.541142295469, 0.527383869801, 0.314670582646, -0.829889767327, 0.460722691544, -0.686987011878, 0.135823378478, 0.713863331017,  
232, 3218986.9190998278, 91.59607573481436, 104.81465996031463, 100.88820923299491, 72.67217518395506, 0.275538298856, -0.960019247116, 0.0494134701227, 0.775824648664, 0.191731991303, -0.601111435623, 0.567604404836, 0.203965410492, 0.797636101824,  
233, 2412416.4258096754, 83.19959697077802, 116.6512052217926, 74.73043969592804, 66.06583065334613, -0.750733128945, 0.594997199926, 0.287015855284, -0.114865060571, -0.545427563725, 0.830249836248, 0.650542686504, 0.59032796377, 0.477814930937,  
234, 3282177.3952397434, 92.19155640759976, 116.29145409757453, 87.05727794440719, 77.39636358091995, 0.109779418864, 0.484232961198, 0.868024722276, -0.49782229107, -0.729087339595, 0.469685658453, 0.860303112692, -0.483683874582, 0.161023177713,  
235, 3390565.480051175, 93.19540691721906, 96.77940926555728, 95.69842640746461, 87.39684666054316, -0.616563713729, -0.23130251488, 0.752561182578, 0.275839947856, 0.831818029504, 0.481654532792, 0.737401864711, -0.504557144833, 0.449066339774,  
236, 3319660.8383261887, 92.54118050347459, 105.48490306322697, 88.29068644426536, 85.09418915756581, -0.792511695727, 0.192382443083, 0.57871772716, -0.226493720879, -0.973917789112, 0.013591705345, 0.566238294835, -0.120304345912, 0.815414653913,  
237, 4045531.7505043983, 98.84673640248235, 109.13132081538626, 105.25994772039974, 84.07646495063278, -0.605439062775, 0.735943982041, -0.303034645814, -0.699894449002, -0.673590725519, -0.237535880975, -0.378934429054, 0.068278765308, 0.922901245359,  
238, 2893670.978007945, 88.40025404416753, 115.70531034717231, 87.62627200952177, 68.13541607854627, 0.016005476408, -0.619963043725, 0.784467748948, 0.932453460739, -0.273959815444, -0.235534632438, 0.360935407352, 0.735249511348, 0.573701828289,  
239, 3669483.9282721444, 95.68388348237113, 99.28951435705571, 95.32260144227664, 92.55867052851177, -0.815705006611, -0.152861277604, -0.557905701709, -0.0831558267541, -0.923450745378, 0.374598223885, -0.572459999185, 0.351954756567, 0.740552090446,  
240, 3724287.613990344, 96.15787733239267, 104.05560186430824, 95.44517995495364, 89.52310498938039, -0.688807659304, 0.561862643669, -0.45809865546, 0.676655385132, 0.7250646968, -0.128135378512, -0.260156680207, 0.398235552286, 0.879617500189,  
241, 3761157.666084919, 96.47415351024989, 106.1622308222254, 97.96942056086189, 86.33210983464457, 0.28506294036, 0.010507335724, 0.958451206859, -0.126127645299, 0.991656212307, 0.0266415781016, 0.95017416147, 0.128481720445, -0.28400970122,  
242, 3848628.133083557, 97.21630572773506, 107.75931778201829, 95.82605377961393, 88.97723460788868, 0.208017203962, 0.165392482917, 0.964040543468, -0.887539430515, 0.446157437511, 0.114966517882, 0.411099260685, 0.879539008543, -0.239600772778,  
243, 3095367.7073285226, 90.40821180993093, 127.8888419180197, 84.3707043431758, 68.48560691209788, 0.692189732552, -0.531210215259, -0.488558165784, -0.600010500421, -0.0473715545537, -0.79858833901, -0.401074523666, -0.845914678336, 0.351521810763,  
244, 3503611.6633636486, 94.21985930182497, 106.35357063133681, 92.89924092197433, 84.6570466485289, -0.745608122204, 0.623423883035, 0.235395815946, -0.0419490082579, -0.396452783277, 0.917096217056, 0.665063011157, 0.673919767252, 0.3217504289,  
245, 3168135.8025879157, 91.11119162022814, 106.89674391327158, 94.08308348944546, 75.2036917742048, -0.538004296891, -0.00449057513192, -0.842930134271, -0.246179271455, 0.957227228399, 0.152025654145, -0.80619299354, -0.289302381509, 0.516097848494,  
246, 3506660.3213985083, 94.24717976273321, 98.45604265183152, 95.74017180518396, 88.81135818244564, 0.138003646673, -0.850607500922, 0.507367591476, -0.479335041508, -0.50564011417, -0.717332553928, 0.866713857907, -0.144204557201, -0.477506161421,  
247, 3252071.7193876943, 91.90881537742847, 100.65890135088826, 92.94924349325913, 82.98000564451114, -0.92265062094, 0.382800330099, 0.0466876745515, 0.383742079582, 0.923350601887, 0.0128717656947, 0.0381817762409, -0.0297921679341, 0.998826600914,  
248, 3355127.3774312465, 92.86957708490554, 103.55119174174943, 96.38369578923599, 80.25308331876771, -0.680210141349, -0.331798900349, -0.65362347979, -0.0398197273768, -0.873646686789, 0.48492871226, 0.731934801002, -0.355880536683, -0.581051194554,  
249, 3690396.2044809754, 95.86530578198953, 99.21103699437731, 96.32211214964181, 92.1930959506813, 0.915075732682, -0.295677934261, -0.274246171619, -0.106345280084, -0.832885509443, 0.543132036952, 0.389007821079, 0.467842160724, 0.793597270527,  
250, 2553771.140401408, 84.79386964982537, 120.6380314715905, 98.29070068054311, 51.415811246075734, 0.400255721172, 0.753752063349, 0.521203592339, 0.526113585432, 0.276676035615, -0.804148535123, -0.750333161264, 0.596077342561, -0.285818034409,  
251, 3459831.577444989, 93.82576547268636, 121.96634728694809, 90.08109729668503, 75.17832816023007, -0.878450398226, 0.471658720878, 0.0765698953641, 0.477242316543, 0.873994674559, 0.0915045361862, 0.0237627682877, -0.116924590493, 0.992856470484,  
252, 3391572.212176809, 93.20462991420705, 102.41828397515705, 95.91077645464429, 82.42663248541714, 0.244856341895, -0.529540277083, 0.812177607904, -0.595399175719, -0.743247151523, -0.305095875598, 0.765209248106, -0.408865218257, -0.497276623131,  
253, 3358095.388720879, 92.8969537618473, 97.32932382761031, 92.29903865269597, 89.2408165112669, 0.58318377588, 0.307853458886, -0.751746587223, 0.299486859136, 0.778742383836, 0.551242161688, 0.755118735534, -0.546613709551, 0.361951858368,  
254, 4134770.265010988, 99.56826168070235, 109.49688887569202, 98.60115228242226, 91.42795482909274, 0.698468023473, 0.434075472612, 0.568964765396, 0.608311374419, 0.0586653017529, -0.791527418428, 0.376961127889, -0.898964329908, 0.223077209985,  
255, 3469740.025236563, 93.91524782754624, 103.60109382024582, 93.18577729812445, 85.80139596114309, 0.331357325623, 0.73190369513, 0.595415236462, 0.71507167432, -0.606508373995, 0.34759184809, -0.615528084932, -0.310587464861, 0.724334593493,  
256, 3829262.62870007, 97.05297399179564, 115.00035288807895, 98.73990331849666, 80.5071909131208, 0.913781170854, 0.152766843654, -0.376385790477, -0.335663702556, 0.805807124275, -0.487857312393, 0.228765929674, 0.572133874148, 0.787609661871,  
257, 1813922.764116264, 75.65600311816881, 99.18250278432369, 67.50323299865906, 64.68007952780442, 0.446335532271, 0.314859154705, -0.83764449818, 0.465491217142, 0.717754085608, 0.517829121773, 0.764266000419, -0.621041693682, 0.173794980688,  
258, 3409010.030843931, 93.36409458985683, 113.75681641052907, 89.06777981496434, 80.32331310510664, -0.745056372909, -0.478019750117, 0.465175364445, -0.613342981554, 0.76506380535, -0.196182977654, 0.262109496522, 0.431479422731, 0.863205722637,  
259, 3379191.0325540924, 93.09107487440608, 109.55048409293764, 93.0507129629877, 79.1389217178242, 0.337135267504, -0.497168343796, 0.799476984867, -0.638217713525, -0.744974522543, -0.194141986456, 0.692111234953, -0.44478826276, -0.568458828556,  
260, 3633223.3874959783, 95.36766818996655, 103.14168669478909, 93.59637299189838, 89.84837836909217, -0.837120303558, -0.249473084054, 0.486819039996, -0.543468818279, 0.278073887165, -0.792033179125, -0.062219297072, 0.92759802372, 0.368362139019,  
261, 3567330.086501897, 94.78760769907434, 109.44776449181632, 94.78894404705807, 82.0899718471892, 0.354466113984, 0.580456055975, -0.733092450595, -0.670501437952, 0.704236687252, 0.233406319605, 0.651752710574, 0.408804911186, 0.638824662054,  
262, 3826947.6044765706, 97.03341188977845, 105.95815316661196, 95.25553801387588, 90.5189051959465, 0.828881783274, 0.366767732534, 0.422417352541, 0.398516122269, 0.142806749217, -0.905975238442, 0.392606532865, -0.919286496556, 0.0277929415881,  
263, 2735960.0221207645, 86.76416254511707, 124.85833739909434, 89.41518048284813, 58.504912312805104, 0.313864014907, -0.79715812416, 0.515779318344, -0.652252084649, 0.213733550282, 0.727244929549, -0.689968548716, -0.564674149018, -0.452864778067,  
264, 2810321.1195072215, 87.54320573252828, 123.24224029146006, 97.40079244241699, 55.8914353956425, -0.146476668672, -0.446708268843, 0.882607675064, 0.115047430395, 0.878483535535, 0.463714100016, 0.982501233737, -0.16946504165, 0.0772847033012,  
265, 3846520.9251204296, 97.19855980499834, 112.53658340731482, 98.52763467162696, 82.81856614907998, -0.181253082563, 0.126363188354, 0.975284401952, -0.56586221444, -0.824498143446, 0.00166304671845, 0.804330326626, -0.551575159053, 0.220946983653,  
266, 3345514.629494399, 92.78079895709394, 102.13753791679632, 94.71795958128737, 82.5575137251796, -0.507335543262, -0.698474608734, 0.504721574234, -0.842013899237, 0.277167990294, -0.462807193816, -0.183366409232, 0.659781119851, 0.728742501748,  
267, 3362870.411320267, 92.94096432113231, 106.7811335287121, 97.49833654238637, 77.11338897080596, -0.868102630951, 0.199221096318, -0.454652369309, -0.470261093075, -0.623291721031, 0.624789512423, 0.158909806104, -0.756186739685, -0.634767113395,  
268, 2986519.042503035, 89.33580592062145, 105.8738257312479, 99.11116679021974, 67.94624855530762, -0.626749213977, -0.755832951568, -0.189478157324, 0.122604828323, -0.335789319976, 0.933923759555, 0.769515093323, -0.562105045266, -0.303124461625,  
