# Void_ID, Void_Volume, r = (a*b*c)**(1/3.0), a, b, c, vector_a, vector_b, vector_c 

2, 4413731.1729011405, 101.75890451142453, 131.62452363292505, 106.31010402864497, 75.30189633293976, 0.499758831364, 0.0279988506979, 0.8657119468, -0.714490860133, 0.578323175565, 0.393757686136, 0.489636519533, 0.815327154561, -0.309027037289,  
7, 2881301.526292735, 88.2741138745353, 100.7726715757897, 99.13453664108015, 68.85450281908346, 0.260090043311, -0.391358223536, 0.882718477342, 0.562414623407, -0.681699163148, -0.46794876038, 0.784884042868, 0.618162593363, 0.0428024230386,  
10, 1517686.4317836321, 71.29041574625712, 115.94010405587018, 88.88549795706987, 35.15837925890436, -0.440502256767, -0.0253666652399, 0.897393054396, -0.890581999489, -0.113730643901, -0.440373753559, -0.113231903496, 0.993187732975, -0.0275075098521,  
12, 2441575.2349908245, 83.5334658004665, 115.18310129034775, 95.02875506226553, 53.25221717417203, -0.283009262807, -0.824542857159, -0.48993349944, 0.744285944949, -0.51098560625, 0.43003737321, -0.604933210625, -0.242946057622, 0.758309319321,  
18, 1366355.934016556, 68.83749838769464, 125.93223934509112, 66.22264514457778, 39.113960060347324, 0.227088358033, -0.610970109641, -0.75838407339, -0.774038023631, 0.359352846791, -0.521277919613, -0.591012703433, -0.705394256164, 0.391309248232,  
19, 1753711.1957043933, 74.80945458049575, 105.77570622329455, 67.27951040473624, 58.8302520641313, -0.0128654582775, -0.991470494669, -0.129694788576, -0.269060837481, 0.128354223098, -0.954532062922, 0.963037250431, 0.0226152960011, -0.268417217535,  
20, 1134081.175463646, 64.69218861918928, 103.9815167596587, 59.19704753565006, 43.98446739694409, 0.22415174271, 0.816983295921, -0.531313740106, 0.318446947102, 0.453857685582, 0.832228780516, 0.921057836469, -0.355740769976, -0.158432845253,  
30, 1222211.7140995937, 66.32632645715294, 106.58789275920888, 92.15031059362161, 29.706613981238018, -0.977362542827, 0.0713303661961, 0.199184433971, 0.146586235197, 0.907170386471, 0.394403810277, 0.152561251728, -0.414673207199, 0.897090405535,  
38, 1901485.573108367, 76.85429477864976, 106.02722163648224, 85.37089296448146, 50.150725503586656, -0.459321050292, -0.857061690108, 0.233386872187, 0.565244119888, -0.0793345166707, 0.821099944828, -0.68521767176, 0.509069046215, 0.520889094236,  
41, 1324291.4692799875, 68.12371510559512, 98.05255062727392, 58.22953816325445, 55.37232141755961, 0.124574886952, -0.845370193109, -0.519451955569, -0.72751769373, -0.433814752015, 0.531528706886, 0.674684446872, -0.311695360147, 0.669064196929,  
43, 2340472.6668737438, 82.36416907390053, 129.40173268268492, 93.15184540777607, 46.3535936972124, -0.130396578025, 0.763861666986, 0.632069684567, 0.988332877688, 0.150754730899, 0.0217056212072, 0.0787074032079, -0.627525588977, 0.774607500518,  
53, 2415991.106417998, 83.24067130650937, 122.31896544717921, 84.73644351358922, 55.64711974944472, -0.147454275213, 0.0476265332977, -0.987921530309, -0.988803995774, -0.030213314641, 0.146129441114, 0.0228887453429, -0.998408167507, -0.0515483888418,  
77, 1868953.0367910939, 76.41347080924382, 108.75055875158827, 75.49831830230032, 54.342673952626974, -0.0607549537063, 0.975566325198, 0.211137824041, 0.207187586365, -0.194595870033, 0.958752184572, 0.976412894044, 0.101994080743, -0.190302569182,  
84, 2746639.3420487233, 86.87690533237266, 122.24723992349345, 85.35411216928323, 62.841930113463356, -0.343912314002, -0.790639535863, 0.50657027608, -0.937488902938, 0.258496452737, -0.233011031478, -0.0532811143498, 0.555039375407, 0.830115904318,  
86, 2517288.7692965725, 84.388151971982, 99.92775339917264, 86.09264938091759, 69.85415322865579, -0.02413091145, -0.55072427442, 0.834338344245, -0.457416821593, -0.736013913741, -0.499052472295, 0.888924940834, -0.393682984575, -0.234149860601,  
91, 1687001.3434473393, 73.84860111325119, 136.09364828948097, 61.33703979705166, 48.246537418394894, -0.442660695359, 0.565574793217, -0.695828040583, 0.0788599432175, 0.797544771555, 0.598083143652, 0.893214765966, 0.209874940482, -0.397642919235,  
95, 2023909.6149809856, 78.46949086326191, 111.87232009744979, 70.99814989896741, 60.83210258367472, -0.944539682168, 0.295630928857, 0.142993505839, 0.286883622576, 0.53089911781, 0.797398215327, -0.159820448964, -0.794196751827, 0.586266955815,  
99, 3101695.7826869003, 90.469779137363, 124.31282918919902, 83.71771616945964, 71.1503871440466, -0.00972386432682, 0.99988279448, -0.0118255555699, -0.997955035527, -0.0104509202214, -0.0630596965838, 0.0631758935772, -0.0111881887948, -0.997939693019,  
111, 3598603.816943228, 95.06379384792285, 115.24542340591209, 93.04219308843525, 80.1201586490463, 0.189402050096, -0.684780676543, 0.703706109433, -0.938776096597, -0.336347552685, -0.0746308532786, -0.287795593916, 0.646487237953, 0.706560646573,  
114, 670651.1402071965, 54.30035713879634, 117.86116732910155, 90.83926660180677, 14.954217764460113, -0.621305611655, 0.764047757068, 0.173811282273, 0.269878590913, 0.000412533332197, 0.962894270407, -0.735625504651, -0.645159557579, 0.206456441342,  
121, 1283862.2553800135, 67.42328999686687, 138.21048417077293, 49.54635431895498, 44.75866549880382, -0.0933970071713, -0.749985622547, -0.65482712606, -0.964322062191, 0.231775933827, -0.127917461161, -0.247709425381, -0.619517136544, 0.744874860702,  
130, 490496.34097641066, 48.92329744009883, 140.7643539026735, 90.33332831526852, 9.20887248486036, 0.40378905003, 0.346564406477, -0.846668480126, 0.542329631669, -0.836000912481, -0.0835526477405, -0.736771995728, -0.425435760714, -0.525520161189,  
133, 1317121.2886872706, 68.00054394167108, 105.78354436464492, 91.75313151861604, 32.39650425107978, 0.928819617494, -0.206785653677, -0.30746351262, 0.11329185332, -0.63156186708, 0.767003627125, 0.352787576497, 0.747241126735, 0.563179921859,  
139, 322980.5708082761, 42.56270909686525, 84.62236775263106, 79.5707502018081, 11.451151565492527, 0.938236371393, -0.314677616566, -0.14384195851, 0.257221039588, 0.356322093565, 0.898260486958, 0.231408401293, 0.879779837954, -0.415256051782,  
150, 3277462.882231763, 92.14739400052518, 136.3904107888683, 91.90485180286504, 62.420450127401196, -0.953856997578, -0.229165718002, -0.194010056092, -0.254680743657, 0.275244134399, 0.927026636774, 0.159042594869, -0.933661469791, 0.32090763912,  
153, 916237.5719498676, 60.252235168629724, 142.26328030453232, 51.318755109775296, 29.960603445485784, -0.0858751546757, 0.899630323881, 0.428124675957, 0.994713668338, 0.0531340659527, 0.0878720038276, -0.0563043144952, -0.433407488848, 0.899437475748,  
159, 334073.10833048256, 43.044496901482944, 119.22203469539637, 77.4602154882977, 8.636100315341393, 0.329345159418, -0.800987427631, -0.499950904335, -0.757154415206, 0.0923149969501, -0.646680085415, -0.564135584326, -0.591520990427, 0.576067669968,  
162, 245945.60336909106, 38.86722054524109, 141.54202392325274, 43.0780007018117, 9.629628074830189, -0.679250324041, -0.72771029799, 0.0951667982507, -0.659255606597, 0.6619872208, 0.356587948013, 0.322491926195, -0.179473233928, 0.929402128168,  
166, 99329.66336637974, 28.72963563778298, 129.34617443526275, 58.70177883870596, 3.123097221722891, -0.990387837391, 0.0997474611908, -0.0958247125433, 0.133155995129, 0.875057735238, -0.465342283659, -0.0374354445582, 0.473628972917, 0.879928510451,  
168, 1791486.079511376, 75.34277457984611, 133.92437665187668, 77.56586868796964, 41.17129564354699, 0.058954384755, 0.994753313237, 0.0836075733485, -0.256826212819, -0.0658198717338, 0.964213690472, 0.96465780302, -0.0783172413202, 0.251598356085,  
169, 2032828.2888280363, 78.58458465825233, 116.22084532992675, 82.78565242593682, 50.4397564274687, -0.0935210799647, -0.742691035178, 0.663071514898, -0.0903436765729, 0.669573194251, 0.737231142616, 0.991509872722, -0.00904233415447, 0.129716646917,  
191, 1192254.0613357264, 65.7799290018679, 109.5875317374653, 84.35116766454803, 30.791295173345226, 0.487661920823, 0.822054529092, 0.29395952473, -0.265088803776, -0.181385513363, 0.947009620677, -0.831813547072, 0.539745909426, -0.1294626439,  
203, 1409859.3537123837, 69.56045171203785, 131.30274436331757, 98.84941878395982, 25.93219371900917, -0.0525165511273, 0.942364444662, 0.330441016362, 0.546838183688, -0.249738986032, 0.799123544715, 0.835589619801, 0.222664977696, -0.502205431063,  
210, 946047.1902590081, 60.898705854968206, 118.21958646376888, 71.13411096854234, 26.856959668489004, 0.780585457357, -0.399161233, -0.480995482134, 0.301228796354, -0.434037037837, 0.849042438299, -0.547674680819, -0.80763987015, -0.218564141922,  
211, 1457776.6143341525, 70.33974505573549, 134.04964024641973, 70.0599594700392, 37.056707983168195, 0.197579380394, 0.726938799376, 0.657664329582, 0.896296357422, 0.137741643678, -0.421521149254, 0.397007843896, -0.672746030503, 0.624337689338,  
214, 942003.0462233421, 60.811805711627144, 121.73368386482308, 93.43425569486423, 19.771827049472087, 0.187630961615, 0.30197443403, 0.934668959277, -0.938466218955, -0.225790745791, 0.261342103374, 0.289958235137, -0.926191114354, 0.241027470568,  
228, 1263898.3271646132, 67.07198763655599, 125.16975116538374, 81.2896189540978, 29.65439397269533, 0.672043269396, -0.735176604648, -0.0887310770648, -0.585687186931, -0.601026546259, 0.543817625456, 0.453131728224, 0.313500320047, 0.834499362616,  
241, 1362511.9852530763, 68.77288458835598, 98.47304689166188, 81.62407100579142, 40.46840565127892, -0.617281668305, -0.209691373924, -0.758282842794, -0.294902767227, 0.955223647633, -0.0240861139207, -0.729380353352, -0.208751792097, 0.65148061325,  
243, 1712451.8563634283, 74.21811509452627, 124.70500520334599, 78.47575127566516, 41.77441669591243, -0.262511598289, 0.69432578251, -0.670074151498, 0.121980051701, 0.712736271487, 0.690744434863, 0.957187822609, 0.0995927459621, -0.271795432634,  
248, 3371468.469475662, 93.02010620868359, 128.27991547516032, 101.97576404159474, 61.52829210176506, -0.145874775695, -0.324764864504, -0.934477572015, -0.113132508537, -0.932908933827, 0.341880032612, 0.982813097861, -0.155591464965, -0.0993464176602,  
250, 1028226.431856022, 62.61331795086572, 105.62925348701359, 58.43969249357095, 39.76564415709889, -0.908529074991, -0.405842091062, 0.0993333630731, -0.116458920724, 0.474292011238, 0.872630739694, -0.401263304677, 0.781242142488, -0.478172014155,  
254, 1545141.7915447978, 71.71773688848245, 130.1535886773798, 64.28018757424476, 44.090644489975546, 0.415151128614, 0.07918872255, 0.906299446448, -0.372603037895, 0.923618457987, 0.0899773316813, -0.829949707248, -0.375044117786, 0.412947203831,  
259, 2830628.532311155, 87.75356260074375, 109.24746034900694, 97.12019930144008, 63.690308999262655, -0.470002921243, 0.239174253372, 0.849642825278, -0.865108627278, -0.31585341465, -0.389645586993, -0.175169395248, 0.918167902389, -0.355363737585,  
271, 1218521.4325667813, 66.25950509000943, 119.31168065171664, 71.24078236040627, 34.22416961249387, -0.596675862946, 0.672720724026, -0.437521133254, -0.116573782394, 0.466765088362, 0.876664648281, 0.793970067342, 0.574088128908, -0.200085862597,  
274, 2308756.9453686653, 81.99043713485635, 119.30404971550612, 95.86540042239498, 48.19173135049935, 0.591721287744, -0.316081253596, -0.741591908502, 0.52260160016, 0.850843479911, 0.0543409624857, -0.61380248056, 0.419711822348, -0.668646768511,  
277, 987510.381770895, 61.77570166425772, 122.38874268313947, 88.52322798015724, 21.759772253725522, -0.34649646245, 0.187872456087, 0.919045233791, 0.557600844252, 0.829108992598, 0.0407379047439, -0.75433513772, 0.526575938149, -0.392041173046,  
285, 2584322.741163262, 85.13066906561004, 116.860657859789, 81.1362379280521, 65.06912195266618, 0.697111937322, -0.419066878026, -0.581736966837, -0.607192988906, 0.0863832602576, -0.789844672433, -0.38125007681, -0.903836757434, 0.19423566831,  
289, 2654013.5534008374, 85.88912447066718, 101.88816060427223, 97.82392315443896, 63.569051172207686, 0.355957961536, -0.287238558517, 0.889262582211, -0.173995033882, -0.955321349746, -0.238928539324, -0.91816101954, 0.0696787573111, 0.390032322989,  
295, 530208.0562623676, 50.20950089904287, 126.94819518100341, 55.598091494971584, 17.933757719305948, -0.521407946635, -0.742978701459, 0.419662247961, 0.285342125746, 0.31168174816, 0.906330160118, -0.804185068539, 0.592315065689, 0.0494897817462,  
304, 2124593.712750339, 79.7497066472056, 130.88568483614628, 67.77793988147158, 57.17507838318336, 0.286547782387, -0.725860711939, 0.625313197743, -0.854404137651, 0.101684141143, 0.509562464281, 0.433455808559, 0.680284177608, 0.591041030491,  
309, 1443520.8618252564, 70.1097069472283, 155.50293281461882, 73.00711347739912, 30.355031874780423, 0.802915422686, 0.384186644809, -0.455771264961, -0.362289948625, 0.921688783892, 0.138693110043, 0.47336330354, 0.0537625110934, 0.879225099313,  
314, 133774.68375755625, 31.726958551368693, 79.99929609537908, 44.43482864355045, 8.98412215431044, 0.695219643117, 0.577517632849, -0.427952137012, -0.353046219319, 0.792960488838, 0.496560197927, 0.626121405838, -0.194131519567, 0.755172124924,  
323, 1194494.173865924, 65.82110094573834, 135.52262613379392, 51.80560155448879, 40.61691150920448, -0.415551581447, -0.730680399674, 0.541685366877, -0.906793865976, 0.286313659571, -0.30943395575, -0.0710054067335, 0.619782737639, 0.781554598438,  
326, 1073454.1339968434, 63.51821639622462, 131.13877232766762, 89.56555939374059, 21.81839134581901, -0.0466239567575, 0.0181950916411, 0.998746787377, -0.689622665217, -0.723919464165, -0.0190049736036, 0.722666441918, -0.689644508456, 0.0462997373845,  
344, 440018.70828167826, 47.18393723419572, 119.86233196012569, 65.0267521672618, 13.477450532278937, 0.284201474558, -0.661059935732, 0.694427305935, -0.913903906164, -0.405746450009, -0.0122257353034, -0.289843357966, 0.63116525544, 0.719458996863,  
349, 800589.0000615123, 57.602367877554435, 120.74686791650782, 78.86633965067725, 20.070280875098806, -0.709536374632, 0.519453352184, -0.476157902359, 0.675944771087, 0.310762237665, -0.66822563411, 0.199140150435, 0.795986838174, 0.571618888718,  
350, 2942306.5935933897, 88.89276980500496, 129.9389207607304, 80.1394145007538, 67.454960956645, 0.196977897438, 0.329272070785, 0.923460671237, -0.720208159493, 0.687686861462, -0.0915804977779, 0.665206670833, 0.647044576497, -0.372603544139,  
351, 2309706.926976592, 82.00168109694881, 129.34722358372912, 103.24002913843259, 41.29172611041857, -0.977029067937, -0.189004504671, -0.0984454042626, 0.144918035372, -0.927963759237, 0.343339517922, -0.156246482938, 0.321186174604, 0.93403772826,  
360, 2421800.545340776, 83.3073374610758, 135.59040299949214, 77.6132354341648, 54.939540620463696, 0.135608923808, 0.430550702011, 0.892320745462, -0.520334960659, -0.735483817352, 0.433952858187, 0.843126175907, -0.523153560067, 0.124292413643,  
369, 1036038.6440881656, 62.77149158063604, 112.04713852131678, 86.41796544338818, 25.543625493566118, 0.181540467431, -0.27055643163, 0.945432322268, -0.952702231284, -0.28666626, 0.10090051479, 0.243724264676, -0.919033009571, -0.309801242939,  
379, 1231546.0024462612, 66.49474780171474, 136.87231544245887, 68.87505761754744, 31.187778432094028, -0.513994783258, 0.295155698586, -0.805414474899, 0.841382313997, 0.356260494891, -0.406391758619, -0.166988516005, 0.886544738506, 0.43145482052,  
412, 1625446.4525885026, 72.93925994536077, 102.59732637011008, 94.22673092253639, 40.13967854762839, -0.440322066451, 0.278305504771, 0.853617316958, 0.287239438631, -0.857112330775, 0.427611923744, -0.850652680412, -0.433479524831, -0.297465155709,  
420, 1000586.6125209878, 62.047176897653166, 107.46237625948535, 52.93629129960339, 41.99099130809111, 0.300868381193, -0.950227225198, -0.080910059267, 0.624583336061, 0.132223366226, 0.769683465938, -0.720675983721, -0.282108493166, 0.633277920483,  
436, 2041690.9918109921, 78.69862316711608, 110.93031486562025, 80.60899508077355, 54.50892919902914, -0.757571472, -0.568224368887, 0.321257733626, -0.116965444097, 0.602362306834, 0.789606697155, -0.642187316675, 0.560607454382, -0.522795115119,  
449, 3150193.3769256626, 90.93886613459199, 112.3570800216624, 111.41684810253959, 60.07548592110788, 0.693435750988, -0.503636175099, 0.515264458685, -0.262937747925, 0.488928653803, 0.831752674902, 0.670828293953, 0.712249517109, -0.206615646576,  
471, 373492.939887, 44.675003564475176, 120.7467271103664, 43.542422648309255, 16.959218305933177, -0.564184124602, -0.320404395677, 0.760945002466, -0.118096201479, 0.943471934057, 0.309699849602, -0.81715944634, 0.0848630242118, -0.570130429269,  
474, 2734293.2746474347, 86.74654005017872, 127.85118989861205, 99.17229113071726, 51.48270576962093, -0.96052307694, 0.276849194287, -0.0273850742023, 0.269601093997, 0.950597473071, 0.153882079222, -0.0686343119844, -0.140424242256, 0.987709655418,  
482, 2239576.009509985, 81.16318210987075, 109.68753030542399, 85.54484517446281, 56.98047884620956, 0.454317503374, -0.54812023619, 0.702253382197, -0.844729016965, -0.515397967726, 0.144214502601, -0.282893078786, 0.658732981976, 0.697167386237,  
483, 1062721.2180773467, 63.30581157826575, 124.56797471341558, 63.244182795232966, 32.20355031657525, 0.104591332399, -0.344356579915, 0.932994747604, -0.810231113118, -0.573516503425, -0.120848515237, 0.576702866754, -0.743301665657, -0.3389932703,  
500, 3226715.19302458, 91.66931967086452, 107.19558161152158, 94.19094777607306, 76.2932248908962, 0.0595825742095, -0.966852861031, 0.248285041769, 0.918419629474, -0.0443525598987, -0.393113513667, 0.391095002586, 0.251452571166, 0.885334006692,  
507, 570285.9676324951, 51.4439955602241, 85.28602060826306, 77.74961986110117, 20.531843767485302, 0.314948280122, -0.485877361282, 0.815310229693, 0.361294742605, 0.855728294105, 0.370398698208, -0.877652374129, 0.17791086662, 0.445055090662,  
542, 642600.7484548774, 53.532501673718, 107.7749545075597, 70.83427420665203, 20.095153187519838, 0.128281546933, 0.850918749457, 0.50939289997, 0.889782979472, -0.325590161123, 0.319808218189, 0.437984125463, 0.412223639306, -0.798900229715,  
554, 1686273.0164852997, 73.8379720623466, 83.2345695284388, 71.54950778181052, 67.59722894892822, -0.720826734634, -0.662281425723, 0.204431239737, 0.224895033425, 0.0555058796034, 0.972800761343, -0.655615010946, 0.747196366742, 0.108933681427,  
565, 2048046.108411042, 78.78019295428413, 133.69061472133615, 106.46610378322669, 34.3509568855815, -0.360533944362, 0.772080149396, -0.523361746665, 0.917671197163, 0.394078760833, -0.0508085047714, -0.167017510639, 0.498592191244, 0.850594485034,  
566, 1168798.4175555457, 65.345698085764, 120.0921451972929, 60.433930188330834, 38.44638976068731, -0.0701579491297, -0.844480542859, 0.530971256196, -0.125311649355, 0.535527328347, 0.83516912726, -0.989633696228, -0.00794313072898, -0.143394748734,  
568, 1831772.5765750187, 75.9033565133948, 102.01754201845768, 72.99267329786575, 58.72578332865222, 0.780718960167, -0.512759062758, -0.357149896816, -0.272867924222, -0.793922412608, 0.543350990327, -0.562157452291, -0.326749669193, -0.759745781505,  
571, 3286710.8087668456, 92.2339825292905, 127.91101583632361, 94.22431258975091, 65.10314335549432, 0.607458407172, -0.536905474587, -0.585428727442, -0.653869810061, -0.756452784496, 0.0152792774344, 0.4510527187, -0.373512645284, 0.81057988426,  
593, 1087303.9534198716, 63.79022283828889, 116.94023027329804, 58.83554838746423, 37.727550351899666, -0.660977127926, -0.577220690637, 0.479505485535, -0.747730904885, 0.560526071552, -0.355962100497, 0.0633066366049, 0.593823877434, 0.802100662231,  
596, 826359.040085294, 58.21390387074507, 106.98366955038436, 74.9771313326296, 24.594265837257936, 0.606012093523, -0.695389610266, -0.386241676206, -0.719572101145, -0.272267284401, -0.638816497203, -0.339065382719, -0.665059257344, 0.665380229991,  
612, 2808522.433924533, 87.52452503130772, 117.06717219134282, 86.60268324304548, 66.1336986244561, 0.840627193839, -0.474302289834, 0.261501928935, -0.352961985919, -0.845954242417, -0.399723975052, -0.410808662852, -0.2437186033, 0.878542819066,  
622, 1181410.3405520185, 65.57989537946308, 87.9891442351756, 80.60714828246434, 39.76578019889994, -0.660550197187, -0.622554980916, -0.41964119523, 0.741551739112, -0.628375317208, -0.235043568182, -0.117364625062, -0.466443733436, 0.87673016848,  
623, 3946961.8500713324, 98.03732206634798, 119.60989769804551, 107.64186762109111, 73.18565703694718, -0.462820216297, -0.823198033842, 0.328850185442, -0.882451582254, 0.463060063375, -0.0827924071626, 0.0841228409183, 0.328512366258, 0.940745966163,  
624, 2883597.927252714, 88.29755917378839, 115.82441053320251, 88.74009004881954, 66.97706797039207, 0.455895438154, 0.182629353881, 0.871094638126, 0.809730726211, 0.321160653877, -0.491113006782, 0.36945297468, -0.929248273338, 0.00146492232881,  
625, 2757867.222942428, 86.99512463909707, 91.74784124510602, 88.82009414354705, 80.79373032800302, 0.989319177258, -0.0983428611729, -0.107592969869, 0.0288648932123, -0.591335014305, 0.805909249727, 0.14287891184, 0.800407135471, 0.582180413651,  
626, 1551026.198205152, 71.80866311414837, 143.04434888881156, 99.3219074870017, 26.062421685821285, 0.200804674464, 0.934081929045, -0.29524300592, -0.482853793487, 0.356602466861, 0.799804285275, 0.852367113883, -0.0180452337303, 0.522632445138,  
627, 836388.7965153138, 58.44847699799359, 124.14561348632087, 68.48759682988943, 23.484228157523415, 0.561946033258, 0.410170322698, -0.718315363948, 0.653264593548, 0.31262767244, 0.689571830371, -0.507407160496, 0.856752148992, 0.0922698687287,  
628, 3588288.363317835, 94.97287297090028, 105.85784683858917, 95.41657603902296, 84.81093343825056, 0.868906770042, 0.261191931584, 0.420451899568, 0.433943649641, -0.81059164662, -0.393235414689, -0.238104880066, -0.524137345841, 0.817671149536,  
629, 2467056.7913216245, 83.8230603199438, 117.6573886876086, 78.3012784581594, 63.929672457704406, -0.339178707413, -0.128346789169, 0.931925375847, 0.283757643801, -0.958465627006, -0.0287270157102, 0.896905459913, 0.254697356792, 0.361510514952,  
630, 3196463.533035192, 91.38194166325924, 103.68800528181195, 99.81586638351989, 73.7314957665518, -0.201893490027, 0.415708858849, 0.886806158842, 0.361578838738, -0.80985180311, 0.461953244794, 0.910219622982, 0.413915693921, 0.0131922804987,  
631, 2027246.2002399245, 78.51258837424948, 115.32420599359662, 82.72091554455228, 50.73201125177466, -0.582919201641, -0.681826678515, -0.441947491025, -0.805107002449, 0.558036439318, 0.200992654098, -0.109580650508, -0.472977497201, 0.874233589023,  
632, 1126574.388573256, 64.54913421009276, 89.65779853164678, 73.0798828709397, 41.04737140382067, -0.101553337155, 0.196444287614, 0.975241796467, 0.116820144715, 0.975882417674, -0.184408678385, 0.987947353608, -0.0952005711051, 0.122052766293,  
633, 2018603.1418668632, 78.40085132079034, 118.13865502671275, 87.71824919290677, 46.50293441917167, -0.869884439196, 0.486453572364, -0.0816332308463, -0.0775931177965, 0.0284854387724, 0.996578089187, 0.487114330024, 0.873241949125, 0.0129664094112,  
634, 3608930.088003472, 95.15463621231541, 131.3770491519036, 96.46593272955235, 67.98238377308863, 0.342991565948, -0.719000317797, 0.604479386494, -0.7194869788, -0.614806365739, -0.323035013559, -0.603900052183, 0.324116762379, 0.728184764547,  
635, 2275568.584593084, 81.59566884741005, 100.67778263881495, 85.86501803886098, 62.8422046575932, 0.233820092558, -0.127996708467, 0.963817932463, 0.489794179183, 0.871832786664, -0.00304206135381, -0.839898700056, 0.47278370818, 0.266544065634,  
636, 1112255.2526538614, 64.27448694717017, 95.8785601232763, 73.8610862765342, 37.495457952905404, -0.53398260983, -0.807365167474, -0.25104592956, 0.631525450758, -0.578284255438, 0.516490972775, -0.56217272919, 0.11725530377, 0.818665387257,  
637, 2546531.8070447487, 84.71367034051494, 123.95367832973818, 87.71729463686539, 55.91339307097977, 0.619481244491, -0.543017909154, 0.566899054561, -0.261386687538, 0.538261924836, 0.801218509428, -0.74021617606, -0.64451970537, 0.191505514512,  
638, 2601651.500059145, 85.32052200534747, 123.36575288560574, 81.33705339106247, 61.89812062224699, 0.460759322242, -0.048532600943, -0.886197175358, 0.53895094657, 0.80862105606, 0.235931907311, 0.705147306708, -0.586324632214, 0.398736380959,  
639, 1917463.8732685442, 77.06896505542818, 95.06499760964816, 79.17340914913663, 60.81890455414473, 0.50839518419, 0.0911206430883, 0.856289299884, -0.22872903583, -0.944376859707, 0.236295101553, 0.830191161637, -0.315989517631, -0.459274710698,  
640, 217035.88481934447, 37.28043566816472, 78.93953669295105, 51.84605794635319, 12.659968436144204, 0.121626795173, 0.27750554204, 0.952994017207, 0.298993612207, -0.925769041246, 0.231418456761, 0.946472261905, 0.256792438376, -0.195570705979,  
641, 2195282.5178519697, 80.62454372526979, 142.12391042135243, 104.68891794576768, 35.223617011421155, -0.750762286226, 0.633708092361, 0.186467271275, -0.517127279343, -0.739469443509, 0.431003850419, -0.411017477172, -0.227154123432, -0.882873511703,  
642, 2384744.567362616, 82.88025646139523, 107.16117524776563, 77.17108050918759, 68.84322546361425, 0.604840733127, -0.764791050569, 0.221951203014, -0.654810095689, -0.636248943246, -0.407935069346, -0.453201308619, -0.101399857927, 0.88562217829,  
643, 2425506.254730161, 83.34980661463727, 105.72817010049073, 80.14122113660531, 68.33876377292718, -0.79980576729, 0.394786052595, 0.452166680866, 0.56336506952, 0.233676713562, 0.792473969278, -0.207196846149, -0.888560164657, 0.409304655154,  
644, 4199986.642217994, 100.08901915050721, 106.19617318960292, 99.90709502004842, 94.50485095188121, 0.0285186981339, -0.600162912498, 0.799369227778, -0.422717845961, -0.731909103127, -0.53443305237, 0.905812511816, -0.322666303201, -0.27457266837,  
645, 2617822.7268217052, 85.49693413389947, 113.98631948192234, 77.62924507886477, 70.62745071378572, 0.196759359108, -0.348316020042, -0.916494247001, -0.906388787966, 0.291785873163, -0.305483828168, -0.373824985324, -0.890806911965, 0.258298133835,  
646, 2383940.269449968, 82.87093779561033, 109.06291187781562, 82.11957590916936, 63.54523261847312, 0.270374691819, -0.839285682348, -0.471695950194, -0.671968810324, -0.515375043864, 0.531833133712, -0.689460255544, 0.17317074686, -0.703318170146,  
647, 2179836.310089273, 80.43500461168952, 110.03874632174067, 93.29339460190383, 50.69192032800445, 0.510072512532, -0.172684418416, 0.842618610995, 0.478353369323, 0.871118629279, -0.111042279246, -0.714845498004, 0.459709065996, 0.526937841329,  
648, 3804512.881828945, 96.84342710000891, 118.75914150349931, 97.0276067595901, 78.82211442660443, -0.916464478203, -0.162385636928, 0.365682601598, -0.14443138616, 0.98658165656, 0.0761328419961, -0.373138626899, 0.0169570002705, -0.927620625718,  
649, 2052124.2288822294, 78.83244798054272, 109.01256307584796, 84.8970984716385, 52.93533188612738, -0.857036048997, -0.369612273384, -0.35899300562, 0.058693623732, -0.762222660049, 0.64464848952, -0.511902597428, 0.531416394056, 0.674946180725,  
650, 3643989.669800596, 95.46177587391382, 115.75672978684172, 98.07277621822234, 76.62911490554555, -0.264141060043, 0.560644620894, -0.784797495831, 0.956966624641, 0.253740816165, -0.140820728356, -0.120184773253, 0.788221547076, 0.603541558638,  
651, 2730598.694486079, 86.70745176520906, 115.87314391330679, 86.15242209733664, 65.30087289252991, 0.910336071375, 0.133346474096, 0.391799636294, 0.304731616814, -0.856533452914, -0.416520210497, -0.280047993866, -0.498567108707, 0.820368185175,  
652, 3046745.759871926, 89.93233482041076, 107.8205665558533, 92.34336126104854, 73.05338057695747, -0.762066194307, -0.616137280464, 0.199072768396, -0.646598680504, 0.74035541006, -0.183804279506, 0.0341359321656, 0.26879121715, 0.962593382337,  
653, 2951709.3040836523, 88.98736046877823, 133.91135913666238, 86.08476748293485, 61.128149133512785, -0.818980605069, 0.53261242362, -0.213529329898, 0.568902669727, 0.705032498609, -0.423413424779, 0.0749701333807, 0.468244788663, 0.880412572031,  
654, 401459.4094819486, 45.76333618671074, 143.41657925961053, 70.87181526839656, 9.429314384867865, -0.754441639668, 0.202329678462, -0.624404126787, 0.610805147791, 0.564668557858, -0.555037378199, -0.240280843528, 0.800132564629, 0.549593481815,  
655, 2739455.129493735, 86.80109303415502, 98.86622525283819, 95.08069715035573, 69.57212550040656, -0.440786521073, -0.398847496934, 0.804131778399, 0.723686105797, 0.37207541199, 0.581238598226, -0.531023222766, 0.838141134883, 0.124634565435,  
656, 2002967.2482260475, 78.19789806957918, 138.64796149353666, 73.41176863869416, 46.979248220707895, -0.139108592843, -0.820520005154, 0.554432791725, -0.98323525357, 0.181092347969, 0.0213072204748, 0.117886536698, 0.542173849101, 0.831955697027,  
657, 2781594.971583188, 87.24390464822163, 115.78688769341295, 82.08120201886909, 69.87184241917386, 0.0051148268814, 0.751968821906, 0.659178829626, 0.837893932143, -0.363018014486, 0.40761707476, 0.545809121418, 0.55023705077, -0.631926887335,  
658, 351772.41362659837, 43.79162453019732, 92.94942221018538, 66.32516988908465, 13.622226708215218, 0.654665934366, 0.754435117986, 0.0473304038582, 0.463175220266, -0.449830158256, 0.763623954611, -0.597395371352, 0.477996319517, 0.64392413281,  
659, 1125766.2583459895, 64.5336960863339, 118.38088891765008, 75.83914741644264, 29.935366506955177, 0.635617771946, -0.732070213191, -0.245078050719, 0.326915208383, -0.0323507952426, 0.944499800199, -0.699368639928, -0.680460600627, 0.218762145903,  
660, 1999892.203130986, 78.15785993378749, 110.04419214796239, 76.65106939652296, 56.602111576511334, 0.282561963303, -0.946540449321, 0.155627486949, -0.721659572091, -0.102876775887, 0.684561049865, 0.63195426963, 0.305740979887, 0.712149039397,  
661, 3818765.29234504, 96.96420754676578, 123.66194626245338, 92.34074428168424, 79.83712868814808, -0.760358830042, -0.353162917876, 0.545096691437, -0.630567488277, 0.602559099222, -0.489190325613, 0.155689088591, 0.715680435238, 0.680854185792,  
662, 1154088.4442712192, 65.07040269289219, 89.19234823338958, 74.3719337943577, 41.534961393768015, -0.182990948503, 0.448618110414, 0.874789176759, 0.731421103067, -0.532447004346, 0.426055580353, 0.656915125989, 0.71780357938, -0.230695770822,  
663, 3134203.192784714, 90.78473839715764, 142.5968641904434, 85.5095156640748, 61.36406448889848, 0.278737625073, -0.471768067537, -0.836504767961, -0.283389851625, -0.872644881754, 0.397719879243, -0.917603143175, 0.126197467491, -0.376933244532,  
664, 1034928.7659147476, 62.749068478417016, 112.52002820429277, 72.31243815872274, 30.365400377875655, 0.763122871796, -0.643686322391, -0.0575447730831, 0.373904889861, 0.367141842364, 0.851705348653, -0.527103989627, -0.671472103629, 0.52085180058,  
665, 486103.9975396266, 48.77682501367229, 122.05427538924891, 40.846215933846146, 23.27746903526643, -0.393811851785, 0.898781051156, -0.192626185854, -0.190688674609, 0.125118270071, 0.973644312812, 0.899194114065, 0.420164301884, 0.12211430978,  
666, 1267992.552514516, 67.14433307777047, 104.40275716582084, 86.77430867979292, 33.41373030923993, 0.583021888443, 0.0601427144965, -0.810227333215, 0.53348263038, 0.723805015184, 0.437610081096, -0.612765665389, 0.687378464812, -0.38990907329,  
667, 2600019.2118609473, 85.30267477548651, 127.86202469638773, 92.60279914136188, 52.423046527567436, 0.51640641979, 0.685118883856, -0.513747530002, 0.617899766681, -0.713478317307, -0.330376405132, 0.592894837163, 0.146835982364, 0.791779581922,  
668, 1211673.6982061844, 66.13515217076744, 115.97144266994742, 72.07456318913249, 34.60700316653942, -0.442056001994, -0.341505321895, -0.829433907083, -0.890357263431, 0.0548361077431, 0.451947944727, 0.108859701249, -0.938278805263, 0.328302374403,  
669, 3668918.6595346387, 95.67896999529695, 115.46131056833008, 98.22485310082813, 77.23099026769351, -0.863618220259, 0.503153628367, 0.031622711735, 0.490736175775, 0.824619681618, 0.281390096616, -0.115505737616, -0.258532023063, 0.959072269242,  
670, 3270551.1840146165, 92.08257320939738, 134.68373637260473, 84.90732953714682, 68.27661836214793, -0.407739652195, 0.0988834750223, 0.907728172084, 0.264586604511, 0.964263087905, 0.0138067380922, -0.873923511951, 0.245802269458, -0.419331538985,  
671, 2485563.7826630017, 84.03214206320962, 113.61757521254748, 80.38786795583259, 64.9681164477594, -0.155774150975, 0.527880410067, -0.834911184831, -0.0669622281054, 0.837641562458, 0.542100242436, 0.98552040765, 0.140352718215, -0.0951348547818,  
672, 1737238.9645711377, 74.57449436861793, 131.4407366647211, 96.94654140104375, 32.54682642141843, -0.222373287367, -0.7493894389, 0.623671059078, 0.543300875663, -0.626407817916, -0.558961004148, 0.809551900479, 0.21454303652, 0.546440304069,  
673, 3528978.621774353, 94.44670389811373, 122.86819873910392, 88.65216285695236, 77.34488374793106, -0.531352943072, -0.461953825796, -0.710114577179, -0.122320795132, -0.787617788333, 0.603900523746, -0.838273030085, 0.40774610033, 0.36199647056,  
674, 1397244.6393684738, 69.35236584584403, 101.98149005515738, 69.11727524502234, 47.323393595588065, -0.305376810115, -0.907956945693, -0.286982906481, -0.226343284183, -0.223529161776, 0.948052441346, -0.92493984753, 0.354469883917, -0.137249334594,  
675, 1491586.8415477742, 70.87939110450728, 121.8014989343641, 86.74823889178298, 33.701298502926534, 0.716692240554, -0.231391996605, 0.657882950255, -0.590214756649, 0.301247158008, 0.748930364471, 0.371481861419, 0.92504480632, -0.0793305296664,  
676, 2248393.332526407, 81.26955713602109, 113.39179386293766, 83.33526585987524, 56.803255713241064, 0.492941457652, -0.624867626719, -0.60543304205, -0.71350377031, 0.107897788922, -0.692293605994, -0.497916749148, -0.773238977434, 0.39265811426,  
677, 2651008.160123131, 85.85669206985511, 121.35140380742497, 88.82690223145988, 58.71284618225949, 0.00368916146858, 0.14486373161, 0.989444737897, -0.362523940892, -0.921948805259, 0.136333388284, 0.931967157344, -0.35920036156, 0.0491153528672,  
678, 1178869.0745790426, 65.53283987055129, 85.0078336799024, 67.61305953745718, 48.96518822310598, -0.952642423662, 0.216465788566, 0.21357662564, 0.192359231911, -0.115003036464, 0.974562582651, 0.235521418427, 0.969493096409, 0.0679175785621,  
679, 2535980.9950751485, 84.59651292523304, 115.16759482669264, 93.04756758801628, 56.49656763801504, -0.57284346141, -0.185677504732, -0.798357208871, -0.141324814835, -0.937043864398, 0.319336958252, 0.807389413748, -0.295757773237, -0.510538611799,  
681, 2790459.2477687015, 87.33648151239758, 116.21764564176424, 83.97629159523795, 68.25874666544657, 0.857903474402, -0.217580042826, 0.465468101564, -0.375218925607, -0.884184778983, 0.278258934236, -0.351016219677, 0.413371747437, 0.840185343805,  
682, 3994860.8619142226, 98.43231127164263, 123.92601244276453, 103.11114688229276, 74.63541557545798, -0.239247080983, -0.316194908577, 0.918031379655, 0.430292063867, 0.813048781768, 0.392173964255, -0.870407705627, 0.488848093232, -0.0584633879387,  
683, 2637133.85129933, 85.70665023136134, 107.88367115629421, 88.81603639870254, 65.70470348189389, 0.60170186856, -0.692848624531, 0.397386014923, -0.607428525523, -0.720002928651, -0.335598523707, -0.518638070095, 0.0394533423074, 0.854083125948,  
684, 3303489.665248898, 92.39066954269505, 111.81873619488798, 85.20347945966041, 82.77752427551488, -0.698721593489, -0.26310336282, -0.665255406039, -0.709034289597, 0.378403685898, 0.595047079376, -0.0951762100888, -0.887461137725, 0.450948132341,  
685, 1532519.1027808795, 71.52190867798538, 112.69315737077268, 68.95336524096453, 47.08301591604305, -0.503077399309, -0.622848209385, -0.599143754345, -0.861829786909, 0.413303661223, 0.2939889488, -0.0645178169309, -0.664259129923, 0.744712870584,  
686, 695306.2376373605, 54.95777883920952, 108.68528107006031, 93.38907912831, 16.353875617745267, 0.263779213558, 0.288511214501, 0.920424796277, 0.522125698597, 0.759631635603, -0.387742869769, -0.811051959716, 0.582855949012, 0.0497359160084,  
687, 1429033.1960352191, 69.87436959457176, 117.32510913572665, 84.9329770611939, 34.23626616549186, 0.443880033285, -0.852426007648, -0.276297697304, 0.433509106357, -0.0655766992808, 0.898760007575, -0.784245096099, -0.518719189925, 0.340426249352,  
688, 2344724.9631718113, 82.4140201090265, 109.61274517029084, 86.23317626317369, 59.21992601326498, 0.793873404051, 0.0613605924464, 0.604979252565, -0.340343996124, 0.869302175405, 0.358440639631, -0.503915650325, -0.490457547125, 0.710999586375,  
689, 3325286.423531654, 92.59342524820408, 121.69562065378567, 86.92634571110978, 75.04367210742353, 0.573209973859, 0.763926542331, -0.296389209978, 0.622825871819, -0.641237192808, -0.44822181557, 0.53246432675, -0.072326347083, 0.84335676926,  
690, 3407686.434105839, 93.35200971215326, 125.96070245368722, 93.10419660755852, 69.36919986334141, -0.957782802763, 0.0658724317233, -0.279844466572, 0.258854773853, 0.621108628316, -0.739742034688, -0.125085206101, 0.780951275414, 0.611938556266,  
691, 2306261.912671514, 81.96089128516007, 118.16966012072814, 87.18612455404941, 53.440025597197774, -0.0261077808388, 0.790521105429, 0.611878064365, -0.183969256436, -0.605431904876, 0.77434328385, 0.982585210791, -0.0923503677822, 0.161238063448,  
692, 1823903.7317856948, 75.79451312126929, 125.11363261015723, 71.43188366080503, 48.72104179642773, -0.76950533093, 0.182812861156, -0.61191584672, -0.200416292908, 0.840625808659, 0.503171500935, 0.606378475218, 0.509831057913, -0.610227365151,  
693, 2391840.2813447914, 82.96237738408608, 102.50945140106619, 93.60639227340963, 59.507834950310944, 0.274748026595, 0.486473415194, 0.82937153206, -0.924976394085, -0.101805834768, 0.36613418632, 0.262549409192, -0.867743734242, 0.422005473206,  
694, 702069.8717803117, 55.13540584237013, 122.84460307143145, 43.588097593226806, 31.301686038482007, -0.0695465720784, 0.877831452174, 0.473893675718, -0.16998355766, -0.478524646903, 0.861463726707, 0.982989758053, -0.0206422837889, 0.182496662114,  
695, 2230471.292301459, 81.05304645928088, 121.25099716578468, 76.90849221903066, 57.10161776640856, -0.0612615689236, 0.0554212940475, 0.996581908495, 0.995309820115, -0.0715022659147, 0.0651597111046, -0.0748691001361, -0.995899546207, 0.0507810172174,  
696, 2871791.8183949515, 88.17689088095432, 98.56098074251517, 95.09637330996873, 73.14680710078014, -0.20196568528, 0.620233115981, 0.757971466356, -0.951302776104, -0.308255558762, -0.00124043106809, 0.23287956146, -0.721310884663, 0.652286530231,  
697, 1479561.1840093802, 70.6883926604665, 106.49939776151743, 82.59637265060891, 40.15468218690257, -0.913636525866, -0.0240236030354, 0.405821592698, 0.104191006328, -0.97874746441, 0.176628522928, 0.392953601337, 0.20365723019, 0.89672247646,  
698, 4232596.1785838865, 100.34738867699618, 113.9726501592406, 101.12016298869317, 87.67581636926508, -0.518028479614, -0.140313525349, -0.843776397461, -0.0269924793873, -0.983280847252, 0.180083817942, 0.854937366341, -0.116064163427, -0.505580072395,  
699, 3403126.7578482362, 93.31035437972925, 118.62162063772257, 90.88478304456497, 75.35888923223577, -0.586215162541, 0.569124377717, -0.576584101319, -0.199889931599, 0.588087219539, 0.783707494835, 0.785108781286, 0.574674573043, -0.230983412057,  
700, 2120371.7155737253, 79.69684535374753, 95.10075104913066, 76.27965785848782, 69.77995899595062, -0.119897481117, -0.739033466443, 0.662913365003, -0.65140307697, -0.445336000139, -0.614288106913, 0.749198655455, -0.505475402426, -0.428014009357,  
