# Void_ID, Void_Volume, r = (a*b*c)**(1/3.0), a, b, c, vector_a, vector_b, vector_c 

8, 1126446.7145856929, 64.54669567998276, 119.58814704737068, 52.474176129314884, 42.85369535756077, 0.524986773553, 0.290894266627, -0.799855870291, 0.661056326975, -0.731304799938, 0.16792207167, 0.536090869313, 0.616906650338, 0.576222842837,  
17, 628012.8183618714, 53.12430967364464, 71.31798239768507, 58.641050277561106, 35.84917044487903, 0.881866897703, 0.399772024237, 0.249986206366, -0.191456955567, -0.180899837939, 0.9646862095, -0.430877022944, 0.898586432833, 0.0829904441969,  
36, 217495.64313176792, 37.306741458694724, 50.56710454406498, 39.31414447295128, 26.118307833775326, -0.310004143568, -0.807741168867, -0.501449533939, 0.820432554748, -0.49379180805, 0.288201445888, -0.48040384478, -0.322061879799, 0.815774657305,  
61, 1093934.188253133, 63.91962160514956, 95.55690162951419, 78.10970429261856, 34.989322460817796, -0.802032027128, -0.34410856491, 0.488194554473, -0.585466437901, 0.614698038946, -0.528559713758, 0.118210310688, 0.709743345493, 0.694471529996,  
65, 3497851.435196222, 94.16819589070255, 139.52037446634986, 84.35481509367389, 70.9520976126251, 0.519996655958, -0.187976351123, -0.833227681496, -0.414501533576, -0.908461033826, -0.0537310774318, -0.746854709067, 0.373314132384, -0.550313185474,  
66, 2503716.660111057, 84.23621737515681, 122.29203875735513, 90.65177054539869, 53.91654986409167, 0.414046528206, -0.174933196146, 0.893288223009, -0.819541314569, 0.355429766797, 0.449468257599, 0.396128143655, 0.918187376172, -0.00379947943153,  
83, 2784280.1061453125, 87.27196843742708, 129.10477966238847, 79.39105174279963, 64.85006845496773, -0.522254653525, 0.809131316514, 0.269363303935, 0.813211603598, 0.56762946166, -0.12838879246, 0.256781939873, -0.151997720021, 0.954442103254,  
92, 3457010.0999928876, 93.80025370333075, 124.96409451020357, 89.8946997979966, 73.46706767627705, 0.945066251634, 0.0763307886457, -0.317841769954, -0.216259462184, 0.875138957341, -0.432855230256, 0.245115534062, 0.477813160188, 0.843571549374,  
95, 3460304.13301163, 93.83003695896372, 128.9817300016794, 118.69459938232984, 53.95932465539136, -0.276423209822, -0.929301504217, -0.24492636308, -0.72020319803, 0.369056132398, -0.587456317258, 0.63631561557, 0.0140101891253, -0.771301595993,  
101, 1928660.5662100841, 77.21868423368768, 121.32944644455704, 69.71494261573622, 54.4346081776936, -0.24317656402, -0.20883089371, -0.947235354357, 0.229573079814, -0.961194981072, 0.152971923525, -0.942423132004, -0.180260550854, 0.281682044279,  
112, 1920719.6292266613, 77.1125601159476, 113.56466801170365, 69.5801767394954, 58.029202526423354, 0.620752938245, -0.118548492474, -0.774991641628, -0.643575794166, 0.487482266064, -0.59006036762, -0.447745448692, -0.865047568175, -0.22631110881,  
114, 3108166.539215539, 90.53264811115051, 125.36758773735761, 97.76532552055012, 60.540436978981866, -0.336478148829, -0.671752332217, 0.659947921826, 0.584168750158, 0.400772025152, 0.705782300142, -0.738599571283, 0.623001274491, 0.257565691201,  
116, 1706115.7447016267, 74.1264657163038, 130.07731486660293, 102.82135148195007, 30.45334553728191, 0.902449298892, -0.392806303955, 0.176885472845, 0.151950882053, 0.674453920555, 0.722511479834, 0.403108164608, 0.625152074796, -0.668347732101,  
144, 1587231.269060472, 72.36310614873456, 102.3236960665693, 82.74274636360252, 44.7554007849168, -0.636975033515, -0.168037161539, 0.752347206429, 0.209724295006, -0.976915961536, -0.0406315662998, -0.741807607647, -0.131904194163, -0.657512552579,  
157, 1204536.9576950332, 66.00505137577908, 123.85108109869772, 77.96193557889426, 29.781674006316777, 0.8352519145, 0.250183463631, -0.489655464433, 0.434591108234, 0.245201971377, 0.866606347702, -0.336875062847, 0.936634521977, -0.0960779073105,  
177, 801900.7996526294, 57.63381203063145, 129.68877233562557, 57.13519500321933, 25.83603975503496, -0.489800722096, -0.517919146284, -0.701323755869, -0.86621924033, 0.197943896049, 0.458783654568, 0.098790082075, -0.832212696328, 0.545584592666,  
186, 2081544.0888601448, 79.20738368292818, 122.63705001568192, 84.50436929881988, 47.95083175223076, 0.0973507483721, -0.116591637334, 0.98839729962, -0.29408731156, -0.952137409078, -0.0833487097301, 0.950807806537, -0.28256104533, -0.126979410501,  
187, 1205290.8675674265, 66.01881917850277, 130.9205227278144, 64.95462629558828, 33.836500282746215, 0.250076719191, -0.64151068845, -0.72520732975, -0.68064213355, -0.649179125824, 0.339547859117, -0.688613041232, 0.408693649571, -0.598983789635,  
215, 620186.9247800396, 52.902719628376076, 99.62552634200331, 89.02695825227714, 16.693285938212473, 0.86583039247, 0.17930885416, -0.467103913808, 0.385118251108, 0.357144937705, 0.850959121307, -0.319408303177, 0.916676512349, -0.24017182926,  
224, 429491.15566603665, 46.80460005702808, 101.72640728957984, 40.84183427181325, 24.678949561315342, 0.153947533498, 0.974996587901, -0.160255453923, 0.845853050663, -0.213875260812, -0.488661426241, 0.510717900228, 0.0603243433011, 0.85762940714,  
231, 866190.9673432936, 59.13460230637196, 107.52176682453532, 57.375859701971, 33.51964752368475, 0.578681066743, -0.589517237911, -0.56355802647, -0.309971862799, -0.798139660489, 0.516614485499, -0.754351156469, -0.124267890303, -0.644602066529,  
252, 1459302.8634963974, 70.36428437392367, 110.3238654049981, 96.09501224242355, 32.86143384814265, 0.380450457771, -0.513959685153, 0.768832160631, -0.773592089051, 0.278692064263, 0.569109842715, -0.506766937497, -0.811280577454, -0.291566623099,  
262, 2065740.4253020263, 79.00641937620595, 137.78489026099922, 81.32661723677025, 44.010148727817324, 0.118558835359, -0.133945032042, 0.983871196321, 0.473785871991, -0.863157367196, -0.174603284497, 0.872622914013, 0.486845034735, -0.0388736683818,  
263, 2678442.8386196825, 86.15184667475499, 111.5583703691647, 99.15533448184246, 57.80634728747673, -0.277500592671, 0.544563166313, 0.791482393337, 0.940229350628, 0.32320243909, 0.107279781799, -0.197388422365, 0.773945179752, -0.601703140639,  
305, 2635042.549025886, 85.68398851812326, 143.07255268361348, 81.29693681405438, 54.08396399996624, -0.000268843138521, -0.529481649929, 0.848321348377, 0.428658119722, 0.766369157171, 0.478466855, -0.903466736587, 0.363768466646, 0.226760575396,  
356, 1216414.9572223222, 66.22130181751078, 109.88183991914583, 52.55644515827325, 50.2853221774747, -0.019019633235, -0.561391069609, 0.827332049733, -0.0677654002288, 0.826302720942, 0.559134745742, -0.997519976784, -0.0454299496793, -0.0537588652103,  
359, 858126.8596662204, 58.95051843565986, 92.50231880460595, 60.00825157793763, 36.90619683670931, 0.481836839664, 0.653286222308, 0.583995181218, 0.770033536387, 0.00238454413448, -0.637998955163, 0.418188489539, -0.75710727489, 0.501903338827,  
395, 2133204.489076383, 79.85730074796453, 119.98975217277575, 95.94812679356464, 44.234713922241966, -0.790734735477, -0.491230410968, 0.365282440656, 0.15925546866, 0.411090027184, 0.897576005279, 0.591080598406, -0.767917751384, 0.246832034583,  
402, 1790317.630702799, 75.32639091519869, 139.36856955251974, 90.82460181300866, 33.76549603416181, -0.601230061458, 0.244790293594, 0.760657692633, 0.133737219877, -0.907669226735, 0.397807655606, 0.787805032492, 0.340902166319, 0.512980451655,  
404, 748451.3067182476, 56.32376103231909, 123.25884802483088, 47.775148196634895, 30.342739896502355, -0.753768868659, 0.651101335367, -0.0888793773806, 0.0118260554832, 0.148670362028, 0.988816094057, 0.657033208485, 0.744287696081, -0.119763051106,  
422, 2437307.2782257968, 83.4847642966064, 118.31356432578644, 90.51806793646212, 54.331520892878785, -0.369977311488, 0.0977411871183, 0.923884976242, 0.929024324977, 0.0330028775699, 0.368543910103, -0.00553105651915, -0.994664501434, 0.1030142563,  
432, 1449382.6282244832, 70.20447793626884, 122.29574008134976, 62.52104510658365, 45.253990750938534, -0.90787048954, 0.343550024125, 0.240300967843, -0.123342558994, -0.766668368786, 0.630084300267, 0.400696627591, 0.542395605833, 0.738409926403,  
438, 1177238.43355586, 65.50261037688404, 146.34434203536594, 62.93596128052126, 30.514131710992558, -0.085180409442, -0.238733914149, -0.967341933384, -0.204801459172, 0.954334619361, -0.21748976208, 0.975090077976, 0.179587172492, -0.130183667594,  
439, 733394.1612887147, 55.94349732539991, 121.4025105855355, 63.26046309693835, 22.797582919985715, -0.524528203895, 0.469167506231, -0.710459016704, 0.838205004288, 0.138262832092, -0.527537448953, 0.149273353634, 0.87221857373, 0.465781306555,  
463, 2873023.6900249193, 88.18949707358387, 109.90700389518204, 101.67544934782345, 61.37749058242649, -0.999870103889, -0.0159976066837, -0.00196263349596, -0.00205894316437, 0.00600600953974, 0.999979844098, 0.015985496642, -0.999853991556, 0.00603816754538,  
466, 1028150.1233877613, 62.61176899094852, 108.69747156961907, 75.67778872776762, 29.83871023241404, 0.479988931721, 0.290356166401, 0.827830853531, -0.642539204592, 0.758829696119, 0.106399543468, 0.597288871475, 0.582984381369, -0.550795075406,  
482, 1724939.8763749304, 74.39808967423755, 136.1409762711218, 87.31254506556216, 34.64334705545926, 0.83181603592, -0.537508222466, 0.138444910227, -0.272814469747, -0.1787065589, 0.945323347275, -0.483378058545, -0.824104894165, -0.295291002114,  
491, 2187753.7169773374, 80.53226989535985, 96.80340161016254, 76.97380239496121, 70.09326045143732, -0.570177350186, 0.574302206533, 0.58743064689, 0.172183035168, -0.615628530757, 0.76899578316, 0.803275041151, 0.539609569678, 0.252132347342,  
497, 1163044.050533539, 65.23828238095348, 134.70831730038503, 68.42867513863018, 30.121390187055447, -0.365692759748, 0.921234794393, 0.13264712235, 0.929832646551, 0.355332302572, 0.095656699482, -0.0409884724654, -0.158320587254, 0.986536637321,  
500, 1335556.2117039182, 68.3163289071588, 107.33402290991494, 61.06890532401278, 48.642514823544886, 0.11231357712, -0.034503819943, -0.993073585795, 0.615347076089, -0.782293246412, 0.0967742350392, -0.780213840138, -0.62195398787, -0.0666303281457,  
526, 1235505.5075339314, 66.56593329632283, 119.82488495091725, 69.26492581904725, 35.538220879124765, -0.202406274218, -0.975914933271, -0.0813740940125, 0.119224687606, -0.10703255814, 0.987081306359, -0.972017064676, 0.190089648633, 0.138017214363,  
536, 1116485.9911837277, 64.35587848386176, 126.26809501575752, 52.504499875602356, 40.20448603131551, 0.492959485438, -0.627130784728, -0.603073730619, 0.464552108636, -0.396352734884, 0.791893836263, -0.735650925425, -0.670530751268, 0.0959490881956,  
542, 3821744.283719829, 96.98941468720656, 128.39049894724178, 104.89220141361925, 67.74807014931902, -0.566373841496, 0.80665760075, -0.16889105015, -0.454257543228, -0.134562445888, 0.880649210854, -0.687655986733, -0.575496710076, -0.442642949342,  
559, 2753963.7781419493, 86.95406138525257, 118.81350690136001, 90.91682793434003, 60.86386462305973, 0.240773202293, 0.136277471808, 0.96096655287, -0.685322627781, 0.724972960859, 0.0688992153383, -0.687285356245, -0.675161207935, 0.267948096449,  
579, 367783.01497665705, 44.44617103230644, 93.55204198883726, 41.00430397389582, 22.888658715921764, -0.057864928298, 0.916586089414, -0.395628096532, -0.112446662642, 0.387786261486, 0.914864778786, 0.991971470423, 0.0974256439292, 0.0806278225629,  
587, 2550741.2662586467, 84.76032234404171, 125.68779164293565, 108.2857360198419, 44.74179983555375, 0.0108310283969, 0.485423280709, 0.874212175258, -0.882757141577, -0.406027997503, 0.236391823546, 0.469704713431, -0.774277407516, 0.424113166962,  
605, 943560.2950714728, 60.845297103362064, 119.69054258765506, 86.25180059594342, 21.8199143887621, 0.706740513227, 0.671254824217, 0.223460976301, 0.65157750066, -0.494529245739, -0.57522829011, 0.2756167767, -0.552139281408, 0.786878393608,  
693, 1151063.2121959338, 65.01349621515133, 96.55008272972444, 69.99070304561508, 40.66469868644668, -0.253218871344, -0.462587540211, 0.849642848988, 0.946833372176, -0.298680475151, 0.119568135794, -0.19846100002, -0.834747112247, -0.513624853435,  
739, 1496657.611342971, 70.95962032715228, 125.28070864412155, 103.42462335923318, 27.57564630750033, 0.117282401467, -0.888179938012, 0.444276080854, -0.908677280064, -0.276473777293, -0.312838378664, 0.400687458004, -0.367013144427, -0.839494438824,  
742, 1341335.3210313895, 68.41472472546381, 100.11598747182066, 84.91560418912445, 37.66672074489164, 0.035607078292, -0.921321709533, 0.387167203567, -0.803464193647, -0.256772218527, -0.537134356861, 0.594287325713, -0.291949199922, -0.749391912928,  
762, 1187890.5025944996, 65.69958106201666, 123.85985940281275, 88.47774493902232, 25.87755098888828, 0.306170723789, -0.858252374731, -0.411900897259, -0.812438261449, -0.461089278489, 0.356848355181, -0.496189035779, 0.225387529669, -0.838449105338,  
767, 1808502.28704346, 75.58056793333644, 122.94533759287403, 74.71384354430192, 47.00210524032132, -0.188348167239, -0.981102243075, 0.0443097791874, -0.974633849185, 0.192279039458, 0.114532226937, 0.120887666533, 0.0216138756125, 0.992430860293,  
773, 2908553.3175390344, 88.55154440825852, 111.62269963774419, 79.96115464344622, 77.79592365754841, 0.568857319211, 0.189169015286, -0.800385178546, 0.628387496253, -0.727823577361, 0.27459423663, 0.530594482569, 0.659156979705, 0.53289921296,  
799, 450227.6401527869, 47.54605788119945, 126.79748908196508, 87.08876291597012, 9.733538907221186, -0.258703323013, -0.211307430806, -0.942561276707, -0.0545000686971, -0.971032583726, 0.232648799384, 0.964418131919, -0.111556671827, -0.239693086668,  
865, 956570.4494926793, 61.12367394581732, 82.06945016963299, 63.1040393184115, 44.09503257660593, -0.764779419993, -0.250666573064, 0.59353071353, -0.641508185098, 0.210711251637, -0.737609664312, -0.0598304872787, 0.94486350209, 0.321952287164,  
873, 960002.91472528, 61.19669677336116, 152.35599764163146, 92.97150255298162, 16.179851718570905, -0.29198443742, 0.382129682103, 0.876767925029, -0.0307653924887, -0.919993783847, 0.39072359579, 0.955928124353, 0.0871110999686, 0.280380237058,  
874, 1494125.7777084976, 70.91958459374534, 131.33463423916223, 90.49684016300483, 30.011373025286037, 0.293457147635, -0.0971868207821, -0.951019255519, 0.529852783366, -0.811498708231, 0.246426204974, -0.795700276776, -0.576215730786, -0.186645388729,  
878, 1608452.9269955817, 72.68418336778399, 145.5568999176856, 68.45041761630098, 38.5399233493903, -0.401113548276, 0.886822826833, 0.22946284056, 0.88640887222, 0.438953476008, -0.146966517105, 0.231056773627, -0.144447636564, 0.962157808081,  
907, 1641641.7101098222, 73.18070508700677, 111.35830260986548, 79.230443439483, 44.41964460353904, 0.731047609288, -0.624343749656, -0.275253111189, 0.182908446798, -0.20932360458, 0.960587387308, -0.65735370467, -0.752581232048, -0.0388277751782,  
922, 1918099.509770589, 77.0774801980792, 115.24552250528018, 70.73273771621095, 56.174342252901276, -0.0559234162323, -0.460861697451, 0.885708229238, -0.505160197761, -0.752115081232, -0.423244703666, 0.86121178935, -0.471093833971, -0.190748141482,  
928, 1140441.7917668303, 64.81290757825033, 139.32836829949238, 54.54139477945838, 35.82768304574299, -0.527545785292, 0.217665473419, -0.82116818381, -0.159625199124, 0.924003635516, 0.347472412369, 0.834395134349, 0.314386741505, -0.452709328974,  
935, 425526.6871067296, 46.660142878621656, 105.64190178518031, 39.0946485641763, 24.59714315040719, -0.175525853311, 0.364862568262, -0.914366436994, 0.970434780509, 0.220424880074, -0.0983321362652, -0.165671396438, 0.904592824715, 0.392765591514,  
963, 1543699.7534980495, 71.69541921826534, 121.40068917683189, 85.48218251160853, 35.51219128897356, 0.255166913235, -0.535879442142, 0.804812443915, 0.201696392898, 0.843555234972, 0.497727968516, 0.945625936342, -0.0353240575397, -0.323332335959,  
982, 1420734.9016940573, 69.73885511251108, 148.94572356867096, 71.38949694233678, 31.897899100271097, -0.760797507936, -0.352669886117, -0.544803729195, -0.018025378865, -0.827658219788, 0.560942917714, -0.648738959548, 0.436584267517, 0.623323302726,  
985, 796511.4404594268, 57.50440792598032, 104.5513217926793, 70.64948863617137, 25.743337962835184, -0.0666153288791, 0.295963598531, 0.952873520622, -0.279816976006, -0.922213772213, 0.266878658345, 0.95773945199, -0.24885197746, 0.144249212881,  
987, 479771.87532579346, 48.56410530027097, 105.75420132546951, 54.73682171736218, 19.786499572955986, -0.885397589013, 0.255805150282, -0.388117037065, 0.428655683792, 0.772275940164, -0.468875438679, -0.179792697638, 0.581509756868, 0.793423587085,  
1022, 756003.9055236721, 56.51258109590215, 124.3877730634679, 64.08940766710779, 22.6397423147189, 0.173107626481, -0.958008539781, -0.228589998381, -0.755398634835, 0.0197843645524, -0.654966778859, -0.631986275281, -0.286056317226, 0.720253518722,  
1076, 337899.37228618196, 43.208208361527916, 106.45185837624366, 51.2078305503367, 14.798208808534998, 0.860584978322, -0.381295344449, 0.337649752538, -0.318583648941, -0.92025773744, -0.227222699808, -0.397363754908, -0.0879747519609, 0.913434447184,  
1080, 1616819.6890746185, 72.80999367235125, 106.29977583624466, 64.74336528280217, 56.0848240160611, 0.544014972374, 0.757576392164, -0.360729427507, -0.475745755049, 0.632620821388, 0.611111178837, 0.691168348803, -0.160838137215, 0.704568951367,  
1088, 1051214.158466153, 63.076491817075855, 90.65485713190603, 66.48054789092643, 41.64059481326255, 0.661706430666, -0.555944392673, -0.503061061771, -0.68534696994, -0.720586452492, -0.105141311001, 0.304046263599, -0.414344055998, 0.857831494439,  
1126, 3490625.7862035213, 94.10330887757198, 122.88477507459076, 98.56016980586925, 68.80423355107936, -0.236618677126, -0.931205155753, 0.277251798071, 0.0376918958505, 0.276342725179, 0.960319748432, 0.970871218351, -0.237679734389, 0.0302889623191,  
1150, 1877207.3728845557, 76.52580039690928, 133.99755039254902, 82.10974367253102, 40.7316578033843, 0.586724886228, -0.395224311865, 0.706789679602, -0.722504653013, -0.649660475664, 0.23649163354, -0.365706076317, 0.649414358996, 0.666723372977,  
1158, 801553.8661226875, 57.62549928749784, 114.89837100122847, 80.01588740386966, 20.813926009961676, -0.667854228694, 0.533298647873, -0.519194839528, -0.0317742835187, 0.676503993033, 0.735753180298, 0.743613558324, 0.507872916769, -0.434860870037,  
1176, 303722.33124440344, 41.699358300582176, 122.47108098103399, 64.1130734717591, 9.234384794423777, -0.605294137693, -0.587417705778, -0.537177294581, 0.226788441674, -0.77413914094, 0.590995425691, -0.763011146444, 0.235900465034, 0.601801429875,  
1178, 1616965.194243819, 72.81217777750702, 121.3438378868509, 82.2083090480181, 38.69711787144405, 0.475710353374, -0.389271297441, -0.788775961019, 0.462186579285, -0.652348549872, 0.600687052806, -0.748387082746, -0.650314713403, -0.130412989804,  
1201, 859733.8001835137, 58.98729268260019, 117.97229560808135, 53.15447184370219, 32.730719654704394, -0.806678071599, -0.590429491303, -0.0257585830626, 0.115467655449, -0.200204138623, 0.972926268236, -0.579601336564, 0.781864002675, 0.229675797539,  
1223, 1640061.694077313, 73.15721969393279, 108.20232636683882, 71.74897885582301, 50.433516792100214, -0.599892330719, -0.747132884708, -0.286219573285, -0.0140252256892, -0.347863349217, 0.93744033587, -0.799957801755, 0.566377562107, 0.198201848006,  
1226, 3070357.230324567, 90.1640544952223, 123.81578116297717, 101.46541605775246, 58.34535087660564, 0.91589889229, -0.0539244882266, -0.397770497487, 0.191637550979, -0.811973957502, 0.55133777432, 0.352709892343, 0.581197420768, 0.733352091383,  
1326, 1055477.4921022593, 63.16164839615431, 130.24516522862675, 91.81910051762141, 21.070057566039118, -0.165817226772, 0.979199630343, -0.116930454723, 0.744224435499, 0.202050117606, 0.636636269452, 0.647019811839, 0.0185427590037, -0.762247682303,  
1336, 1470236.7430508758, 70.53958293953485, 135.96645228275437, 100.96654714677032, 25.567566397842356, -0.914847419282, -0.295219027425, 0.275499410671, 0.175337604014, 0.324165082192, 0.929609447083, -0.363745685957, 0.898756210178, -0.244798591936,  
1351, 1562729.9312811592, 71.98882863723745, 89.69593937831777, 69.0039340742329, 60.27659162773392, -0.103551717532, -0.323018530901, 0.940710407347, 0.0421848459316, 0.943517538813, 0.328626068238, -0.993729078054, 0.0737135173921, -0.0840763747069,  
1357, 1823728.6843258855, 75.79208827445484, 139.2132215355451, 59.0815971658716, 52.93451140651897, 0.136643121403, 0.765799855293, 0.628394174866, 0.852405459774, -0.414086041881, 0.319276811038, -0.504711392303, -0.492019645494, 0.709353987038,  
1423, 577706.5253572916, 51.66616436679332, 116.95568617836912, 60.469714582941776, 19.501113218627324, 0.443928497199, 0.503238162198, -0.741403292064, 0.734575943386, -0.678216467526, -0.0205086951019, 0.513152679788, 0.535512628501, 0.670746264948,  
1443, 3413041.7839906267, 93.4008865696915, 119.33926786632726, 100.07904758157234, 68.22231667861803, -0.739133499731, -0.506649108203, -0.443833697157, -0.631939693637, 0.749656949229, 0.196638455239, -0.233096317391, -0.42581820021, 0.8742682467,  
1491, 3047480.357729272, 89.93956207169599, 126.91448796739351, 98.28680491060499, 58.3238099991286, -0.402681998512, -0.793960117399, -0.455493732179, 0.158038428181, -0.550455084146, 0.819770123605, 0.901593624253, -0.258121158214, -0.347134562367,  
1501, 3223556.658838233, 91.63939912852588, 124.10118034103832, 112.83383608977567, 54.95806496818633, 0.0914323152625, 0.629413951796, 0.77167234563, 0.9670460045, -0.241030278646, 0.082014815467, 0.237617669599, 0.738743854161, -0.630710203686,  
1513, 1240004.4321915794, 66.6466323438404, 113.98999598087899, 76.40324635830096, 33.9903845328465, -0.251947780912, 0.429252874697, -0.867331704285, -0.104986627053, 0.878830279384, 0.465440810607, 0.962029169949, 0.208325009547, -0.176353527221,  
1531, 1021001.010942302, 62.46631030754463, 119.29095963534424, 67.54790952218768, 30.249494220850004, 0.488456497499, 0.36649834762, 0.791889645875, 0.793617860091, -0.563852431809, -0.228563180079, -0.362740874725, -0.740100936586, 0.566277018312,  
1577, 1338672.52219799, 68.36942277161057, 136.02574868565114, 69.92699703195136, 33.59848823101632, -0.515612382062, -0.0328444229181, -0.856192218691, -0.856732206967, 0.0342260072784, 0.514624626278, -0.0124014922391, -0.99887427853, 0.0457862280744,  
1596, 1665779.0231018218, 73.5376239069699, 115.71443811757536, 99.41190532738113, 34.57027474308349, 0.608700756453, -0.672010123415, -0.42176508049, -0.723334804758, -0.688459714547, 0.053009260245, -0.32599102644, 0.27281058534, -0.905154260448,  
1612, 176153.73929174233, 34.77504914520345, 135.08685353094185, 96.75567176778085, 3.2174643131817446, -0.203681538571, 0.292577457002, -0.934297737608, -0.976348748755, -0.131374518781, 0.171708638747, 0.0725048388064, -0.947174306804, -0.312416198172,  
1614, 1573474.1674160026, 72.15343355866034, 123.0043496618047, 74.24032485789542, 41.13492172239699, 0.779917484162, -0.58482709784, -0.222948387595, -0.181640176568, -0.552379865167, 0.813562124742, -0.598945376604, -0.59401494105, -0.537038812056,  
1642, 1213957.7910325802, 66.17668260568033, 145.06356505601389, 75.45099434590563, 26.47839541527538, 0.55451993614, -0.22850621352, 0.800182823363, -0.628820918474, 0.514752526767, 0.582764179301, 0.545061366189, 0.826326053425, -0.141751051208,  
1661, 3353381.080217864, 92.85346184687577, 131.25640420289352, 87.22873754530036, 69.92205938515711, -0.765781278424, -0.635765049421, -0.0968598758518, -0.176300343491, 0.0626935651657, 0.982337877602, -0.618463598363, 0.769332385137, -0.160095155074,  
1667, 683284.3566464899, 54.63919465948553, 110.82627127795874, 50.32451457720434, 29.247621409872224, 0.515368826351, -0.773889224865, 0.368090261301, -0.778782906904, -0.243699962578, 0.578020338876, 0.357620129104, 0.584556067352, 0.728287063857,  
1676, 1786911.4654083948, 75.27858989539395, 111.19993021074808, 88.76977462657538, 43.2160226200205, -0.469157678036, 0.714666451589, -0.518789876648, -0.444148794167, -0.69870035546, -0.560847271474, -0.763297400611, -0.0327059054783, 0.645218879116,  
1677, 266744.84029474016, 39.93335565322354, 118.13766685908122, 60.11748933886185, 8.966401741173488, -0.311568019801, -0.108767508246, -0.943978282688, -0.948460154349, -0.0249015693113, 0.31591651976, 0.0578679933028, -0.993755272185, 0.095403115019,  
1680, 871695.923086813, 59.25961175509698, 90.84133281606232, 63.35752783937541, 36.157191123634895, 0.220102365363, -0.847755956488, -0.482560656292, 0.262191720839, -0.425073870807, 0.866353106926, -0.939579932888, -0.317209776956, 0.128714828664,  
1699, 765309.8525121858, 56.74351459057563, 82.56954502087623, 64.44053566098553, 34.33757822178891, 0.248183378404, 0.702513786696, 0.666992796203, 0.897425139074, 0.0925068704049, -0.431359013683, -0.364737070287, 0.705632240215, -0.607494865104,  
1724, 593914.501669443, 52.14489213610678, 114.1589873532797, 42.66670535944114, 29.109591022417007, -0.619645166595, 0.614717406341, 0.488018829408, 0.7643221457, 0.613973416177, 0.197099725572, 0.178469955756, -0.495135491123, 0.850287786766,  
1740, 2310987.311553342, 82.01683082459452, 141.01171633525678, 111.52503025335432, 35.081762435153195, 0.583269580018, 0.45362350496, -0.673811778447, 0.370325588398, 0.589801726804, 0.717630045104, -0.722949206794, 0.668101518339, -0.176025014101,  
1753, 804508.4820843539, 57.696217116119875, 86.40733322977606, 64.9070396222488, 34.24519271670783, 0.707447044413, 0.700313618912, 0.095286486543, 0.17415167234, -0.303391255159, 0.936816386126, 0.684974360376, -0.64615368254, -0.336594034659,  
1755, 1158795.2013175385, 65.15874230005043, 108.4514841074469, 79.76800918922709, 31.97818612862268, -0.45318538297, 0.31886036826, -0.832436828964, 0.888818484731, 0.0903909922315, -0.449256240607, 0.0680052193829, 0.943481602405, 0.324372865789,  
1775, 2395769.9765393003, 83.00778711551992, 150.90439186870847, 89.63332423877198, 42.284882277414695, 0.847949173754, 0.375149649403, -0.374492909523, -0.205810454563, 0.88406540064, 0.419607464404, 0.488491817253, -0.278731246803, 0.82685224589,  
1792, 990216.2902987672, 61.83207472572666, 118.91898805672892, 53.49653052535749, 37.15905282586106, 0.482337895868, 0.656202760507, 0.580300001131, 0.593875390969, -0.731932222545, 0.334046765592, 0.64394267929, 0.183502476014, -0.742741319091,  
1814, 2917764.493018864, 88.64492465474079, 111.01720542024813, 89.37103370274812, 70.2060523541375, 0.453807964374, -0.160427462673, -0.876539423353, -0.70152024202, 0.542236552168, -0.46243796506, -0.549479464136, -0.824768179983, -0.133528153508,  
1820, 1271694.4992381916, 67.20961296637529, 102.38752542916967, 82.20577178219837, 36.06989064080011, -0.523169339306, -0.507281346441, -0.684806160868, -0.00741657582504, -0.800806848756, 0.598876769786, 0.852196477822, -0.318392880792, -0.415195299405,  
1823, 1667939.6846470763, 73.56940508668819, 138.5962287039003, 60.92998056444057, 47.15299467869513, -0.807232486808, -0.586556707879, 0.0657794852815, 0.010367911095, 0.0973379995909, 0.995197377536, -0.590142540969, 0.804037649788, -0.0724930276712,  
1836, 2543052.1258811955, 84.67506738924578, 117.13579475010754, 101.55717759538929, 51.034798168448745, 9.1368772604e-05, 0.547366448613, 0.836893041305, 0.757028080257, 0.546773274463, -0.357697458805, -0.653382336273, 0.633584214817, -0.414321813788,  
1856, 1944207.708501026, 77.42561858570602, 111.03304957806797, 92.98810492522347, 44.95462573359578, -0.917798422548, 0.397046425546, -0.00043764016993, 0.289521342525, 0.670000722216, 0.683576202374, -0.271704706971, -0.627258454061, 0.729879020125,  
1877, 750755.5682251946, 56.3815032488276, 82.68851730042034, 53.22492966188068, 40.72392715086884, 0.250985973666, 0.830887317435, -0.496620888353, -0.62023578934, 0.531930798252, 0.576504285754, 0.74317804505, 0.163327559208, 0.648853220505,  
1901, 1580739.937097472, 72.2643230726619, 102.76617305476111, 78.68686233349733, 46.668023136294195, 0.143323486287, 0.806254486762, 0.573944318601, 0.47042380726, -0.565727825786, 0.677239594748, 0.870723733363, 0.172932731741, -0.460363389564,  
1922, 1398673.0065325508, 69.37599017589562, 97.0715164299829, 76.55550354049313, 44.93237269763848, -0.00874224199948, -0.0102287014612, 0.999909469338, 0.952169004728, -0.305527662509, 0.00519941132195, 0.305446819661, 0.952128258749, 0.0124104492531,  
1938, 1631406.3591337872, 73.0282982408066, 118.60993242261324, 109.18479667070103, 30.073938923177543, -0.16159102652, -0.182812185797, 0.969777317157, 0.90779651576, -0.412934371261, 0.0734213252802, 0.387032073765, 0.892224696898, 0.232682754243,  
2020, 1541999.5935203112, 71.66908886941061, 123.30805764185455, 65.70991100971688, 45.43319869708633, -0.872965126903, -0.207248463731, -0.441565353592, -0.442614013371, -0.0438889032455, 0.895637537925, 0.204999322875, -0.977303350272, 0.0534175923055,  
2022, 1628968.409035559, 72.99190262707725, 105.84806813911803, 98.93776671291592, 37.13462253289674, -0.163987264913, -0.394675577546, -0.90406823052, -0.131386974791, -0.899571139006, 0.416544389859, 0.977673585509, -0.18709076502, -0.0956629805227,  
2063, 620717.8809606353, 52.917812397324695, 115.8647587640881, 75.7887054914607, 16.875233702833558, -0.71817279507, 0.691444659887, -0.0783078459342, 0.679352455402, 0.721046932295, 0.136277521134, -0.150691996336, -0.0446721808456, 0.987570918212,  
2114, 939501.4396430968, 60.75792687785649, 119.21022494384842, 91.35487277567267, 20.59508629502163, -0.605170652641, 0.678463901967, 0.41647954921, 0.342076515518, -0.250779777943, 0.905589951637, -0.718854741038, -0.690504335036, 0.0803220056023,  
2229, 2094142.1439971097, 79.36685706484224, 129.8483891354624, 91.79256541937525, 41.94435048639052, -0.905793148681, 0.198158315006, -0.374529109679, -0.167929859279, 0.643640155904, 0.746677247591, 0.38902227978, 0.739229755829, -0.54972814548,  
2235, 1012272.098300501, 62.287784766740664, 94.4336233771426, 72.74742806549393, 35.17745042068543, 0.410043132257, -0.138894015731, 0.9014283566, -0.195628572864, 0.951940913637, 0.235664928282, 0.890838981617, 0.272977928297, -0.363165195874,  
2246, 1067947.120437847, 63.40941014476363, 109.3501562751303, 55.92766370956048, 41.688383370690794, 0.132166878366, 0.966801112685, 0.218695049723, -0.511577384455, -0.122444590429, 0.850468048776, 0.849011481652, -0.224283148688, 0.478410465226,  
2253, 235174.16925132516, 38.2913198738779, 72.90941422346188, 43.01615117342564, 17.90135275082914, 0.0563980701403, 0.949898628435, -0.307427801902, -0.426257456351, 0.301352941137, 0.852930821212, 0.90284208951, 0.0829397405705, 0.421897097459,  
2268, 1527306.2024268317, 71.44072206165185, 135.45391025424283, 92.56986034167156, 29.078791329233137, -0.936350553159, -0.351061711186, 0.00182113657938, -0.35096268258, 0.93618734199, 0.0194539490496, 0.00853446165634, -0.0175765649745, 0.999809095442,  
2282, 2326722.063400484, 82.20255182308668, 120.4412257511356, 104.53704779246817, 44.117460033593446, -0.855414699936, -0.484630839487, -0.182752949499, -0.128541718956, -0.143164446484, 0.981315936766, 0.501739691095, -0.862923455864, -0.0601696908635,  
2312, 854157.6881055981, 58.859488224377166, 138.54903472275254, 90.69173358117881, 16.22849466208145, -0.928929496785, 0.325278998607, -0.176871600512, 0.193559245646, 0.833852215126, 0.51693839261, 0.315633978569, 0.445964187345, -0.837550676185,  
2331, 325763.08579503803, 42.684587320199746, 134.8657302179271, 25.46131993653041, 22.648046009445746, -0.866685529251, 0.448084264952, -0.219263961675, 0.498415286416, 0.796241306142, -0.342902296084, -0.0209378999426, 0.406472968222, 0.91342286508,  
2352, 690131.526697918, 54.82110090420624, 121.73835729274474, 57.0247506324628, 23.732988351564803, -0.0742271454569, -0.831237648423, 0.55093947283, -0.996946548917, 0.0484202343085, -0.0612622192837, -0.0242468447303, 0.553804525762, 0.8322936007,  
2372, 1554589.0258866285, 71.86360442684949, 110.86784799703747, 69.37825368768061, 48.250076530594235, 0.887467867635, 0.324917814238, -0.326847361787, 0.385431638431, -0.134441885451, 0.912889824422, -0.252672190818, 0.936137700035, 0.244546458899,  
2402, 1303122.142492531, 67.7587686272938, 108.03452760958807, 73.29408552885454, 39.28846010117122, 0.0175435895042, -0.856254486691, 0.516256212058, -0.930869773774, -0.202442850884, -0.304135424442, 0.364929701096, -0.475231676288, -0.800612994593,  
2433, 331750.1984456776, 42.94449769555567, 127.06043301338566, 48.98298409411327, 12.72527017297835, -0.844098967, -0.401600461345, 0.355266102178, -0.0853386642009, 0.754756077604, 0.650431069148, -0.529352667228, 0.518710258977, -0.671360872356,  
2459, 169274.47073500746, 34.31633918396982, 97.50965551659026, 77.42533199869368, 5.352690798693198, 0.0841615035031, -0.209105564988, 0.974264699155, 0.970212109754, -0.205704394466, -0.127961573079, 0.227168007025, 0.956012847606, 0.185564360253,  
2508, 1812101.650809618, 75.63067600381144, 111.03924819083207, 82.69897559020693, 47.11045558726104, -0.0211909849952, -0.646638119846, 0.762502514171, 0.977179808136, -0.174626662508, -0.120934491826, 0.211354121623, 0.742539339499, 0.635582224869,  
2512, 161181.0894927552, 33.76047066100357, 109.03202700214938, 49.465372937051455, 7.1346077938802805, -0.039760504613, 0.991248779193, 0.125876765219, 0.181690835999, -0.116704008031, 0.976405968142, 0.982551546936, 0.061693048706, -0.175460609125,  
2526, 1980018.9819950573, 77.89810893708628, 162.47061522148474, 64.15809737060647, 45.34761419682335, 0.585659041262, -0.542281940046, 0.602439859976, -0.697104173144, 0.0422566382601, 0.715723513872, 0.413581018875, 0.8391332874, 0.353279021176,  
2528, 2211248.488609791, 80.8195286511429, 111.29327155859232, 95.12276090306132, 49.864972480191106, -0.019773293224, -0.979449359652, 0.200718630805, -0.140115943782, -0.196061968434, -0.970529353926, 0.989937644083, -0.0473144418876, -0.133359680622,  
2535, 2256757.2096333373, 81.37020492859078, 130.87425622921012, 83.9393291014201, 49.04294133746823, 0.822179798665, -0.569216140419, -0.00365570167421, -0.460042569928, -0.660679111645, -0.593181207803, -0.33523307194, -0.489383384396, 0.805060675077,  
2544, 1179387.901617066, 65.54245225337364, 118.83937898717858, 69.4400597120821, 34.11910259670884, 0.456125055682, -0.738507735613, -0.496544316268, -0.637054701884, -0.660565795361, 0.397258274686, -0.6213785001, 0.135126438711, -0.771770435541,  
2569, 79980.39116138361, 26.727908231033187, 109.01723018630454, 35.53577347722117, 4.928718313685618, -0.38230506755, -0.132212576825, -0.914528659942, 0.0497003193541, -0.991220412115, 0.122523356399, -0.922698603869, 0.00138893358716, 0.385519593902,  
2605, 593591.2249142322, 52.135429331298944, 139.65874745156293, 77.40557845886131, 13.108664839271327, 0.721458704238, -0.307267854971, 0.620551209314, -0.61845468195, -0.689013987038, 0.377853850106, -0.311466120875, 0.656388749879, 0.68712638181,  
2610, 1250716.120179276, 66.83798974809102, 118.96554965218203, 92.96728933887749, 26.997201888026634, -0.827062444547, 0.3001507228, -0.4752654589, 0.559301740336, 0.355010380299, -0.749098920796, 0.056118411218, 0.885368382925, 0.461490574595,  
2626, 1730409.471498854, 74.47664276522707, 145.23894765528416, 65.55774429416775, 43.38635632921048, -0.975725802209, -0.100980903084, 0.194324512392, -0.153109841206, 0.948989171621, -0.275639127615, 0.156577570008, 0.298701204147, 0.941414390803,  
2632, 1979674.9818050228, 77.89359744560812, 122.81455272352166, 78.77135293615513, 48.852540082538646, -0.308449145936, 0.556045382657, 0.771798326506, 0.946202404288, 0.09595029285, 0.30902192709, -0.0977759402487, -0.825594981651, 0.555727263845,  
2634, 2302790.51244982, 81.91974794877808, 150.30879003176838, 91.22647607096343, 40.092260569435815, -0.42666789911, -0.520159361625, -0.739857244597, -0.90213483392, 0.302744693128, 0.307405907898, -0.0640877936626, -0.798611225376, 0.598425321495,  
2636, 108632.75065137657, 29.599932611756824, 87.12167824086777, 53.9410325183457, 5.518571566363926, -0.657174037662, -0.480832399879, 0.580450245456, -0.739402841491, 0.560738834236, -0.372633060496, 0.146306945216, 0.674071333767, 0.72403184652,  
2637, 939678.3441787041, 60.761740133778275, 113.82187011064364, 77.32832675084826, 25.48744368205007, 0.594100405778, -0.536442972504, -0.599394398627, -0.652888462878, -0.756850183319, 0.0302399578595, 0.469873773363, -0.373372116342, 0.799882428763,  
2638, 1308110.654978905, 67.84512150900706, 110.04961738694652, 69.35613869685211, 40.91498821811555, -0.15433896579, -0.616920341353, 0.771743983497, -0.0642801290281, 0.785718102537, 0.615235831497, -0.985924717537, 0.0453470591141, -0.16092263849,  
2644, 2643263.9436627463, 85.77300802005527, 112.61960434678531, 98.78409836593337, 56.72191504216823, 0.412140480942, -0.406760185905, 0.815283003093, -0.510027633372, 0.638481822507, 0.576379020719, -0.754991415293, -0.6533659874, 0.0556852704329,  
2646, 1416990.5432115023, 69.67753543659549, 120.85728356399933, 85.63845392140438, 32.684112429785735, -0.904401479224, 0.345424792536, -0.250478895476, 0.401974084908, 0.492901900736, -0.771663496165, 0.143090179395, 0.798579632193, 0.584633023022,  
2647, 718796.2060877486, 55.56982839235302, 96.11434827253011, 70.05547942294915, 25.48512874713652, 0.352989753424, 0.165484706017, -0.920876238184, 0.315167942087, 0.905682315198, 0.28356429997, -0.880946878227, 0.390325961231, -0.26754110288,  
2661, 1110371.679668752, 64.23818410158674, 135.77418821202858, 80.68889724711299, 24.1962895076085, -0.273574116259, 0.538285118548, 0.797123788419, 0.961316206293, 0.180646493523, 0.207937480739, 0.0320679658115, -0.823174328759, 0.566882412888,  
2664, 870550.9018857675, 59.233653451091456, 87.62101847777073, 67.03771219347522, 35.38164973832651, -0.668262539682, 0.559229788579, 0.490598839811, 0.566693496714, -0.044572906616, 0.822722150411, -0.481958150506, -0.827813565703, 0.28712548058,  
2666, 720043.5242537034, 55.601953029647355, 100.34724523648258, 62.794523120074835, 27.279909068356716, -0.294659445976, 0.936901230438, 0.188127337992, 0.950358106464, 0.307904140027, -0.044883293457, 0.099976399086, -0.165563054325, 0.981118542618,  
2686, 981964.9083779997, 61.659848443474644, 131.74830273630513, 91.98780704208797, 19.34336666225337, -0.0521049428772, 0.828619351631, 0.55738231496, 0.998466103024, 0.0536900549202, 0.0135210618701, 0.0187220735816, -0.557231862069, 0.830145852159,  
2697, 230184.04901774242, 38.01854907732141, 117.4434903793774, 30.895281284953647, 15.14486869751876, -0.803768022357, -0.424877002583, 0.416457079315, 0.3061277855, 0.304861820962, 0.901856445929, -0.51013992706, 0.852372455441, -0.114971527016,  
2700, 840792.4816767686, 58.5508768553435, 113.41132932888884, 76.64047575849735, 23.093277659966528, 0.631420577912, -0.539795720563, -0.5567123439, -0.563518890347, 0.173761554262, -0.807622054232, -0.53268613086, -0.823667106495, 0.194468464455,  
2709, 290891.67820432823, 41.10369799089096, 109.46482125469447, 34.082809373973795, 18.613700859380366, -0.802783048173, 0.306150415755, -0.511674994992, 0.589353316823, 0.277063087537, -0.758879907149, 0.0905651451538, 0.910773280492, 0.402852312921,  
2721, 1814677.8304691527, 75.66649922435276, 133.53572450001585, 77.52722626163643, 41.846506853246105, 0.00224728023005, -0.636386202677, 0.771367325452, -0.621566568409, -0.605148843359, -0.497443341917, 0.783358124211, -0.478338246876, -0.396916327212,  
2723, 1772420.7439816953, 75.07455010749362, 107.07246149714445, 90.75039994298844, 43.546362194008424, 0.461431793099, 0.260597585838, -0.848038677522, 0.232955532928, 0.88675344441, 0.3992493563, -0.856044636684, 0.381781648436, -0.348468582402,  
