# Void_ID, Void_Volume, r = (a*b*c)**(1/3.0), a, b, c, vector_a, vector_b, vector_c 

7, 1489549.7364175895, 70.84710902988009, 101.94970816281254, 86.2173632632928, 40.456254793989366, 0.731779440879, -0.679476806227, -0.0530105622116, 0.12849298391, 0.0611609817074, 0.989822654521, 0.669319357999, 0.731143354012, -0.132064351327,  
15, 2411948.6744454717, 83.1942193419312, 133.25254565870895, 78.87045021081845, 54.78852620157254, -0.791604698402, -0.100418072653, -0.602725652476, -0.555681368371, -0.291932733701, 0.778455840648, 0.254126382562, -0.951152716276, -0.175294871594,  
25, 292220.0333406451, 41.16616959341237, 83.8375593532123, 39.264184641311516, 21.192693955928384, 0.126428242516, -0.689962920488, -0.71271808441, -0.946395078341, -0.299186107894, 0.121753967227, 0.29724107251, -0.659119747234, 0.690803085994,  
38, 2656772.3395041493, 85.91887408879144, 137.86798996581635, 85.76879453062428, 53.63805011204568, 0.395665731361, 0.366580915921, -0.84206119796, 0.609556210973, 0.580990174774, 0.539343714602, 0.686942395468, -0.726683458528, 0.00642622829179,  
55, 915986.8347636377, 60.246738466797446, 120.37004865985445, 97.35859745080502, 18.65983836572034, 0.849198375997, 0.398055443553, 0.347007178688, 0.266160045661, -0.890178814325, 0.369784408299, -0.456093135551, 0.221660872472, 0.861884858504,  
59, 236033.49382649863, 38.33790191084686, 105.20290819066057, 59.967171653194534, 8.93189716611245, 0.342851935154, 0.366772862771, -0.864829588818, 0.540221701258, -0.830147154014, -0.137899297217, -0.768513541879, -0.419920670862, -0.482756218117,  
76, 450547.89500710246, 47.55732865886203, 98.15667087029351, 64.93549913426838, 16.875255318059843, -0.495654293842, 0.585087795518, -0.641871554543, -0.0840695615213, 0.703249735871, 0.705954756215, 0.864441513245, 0.40387136632, -0.299380676807,  
98, 2064355.5925256873, 78.98876063331596, 129.1044546824029, 68.69124455668562, 55.571649281208856, -0.348512832892, 0.765664906238, 0.540644112762, 0.894034423887, 0.444781860103, -0.0535868064713, 0.281498231281, -0.464678758152, 0.839542969423,  
102, 1202762.899773693, 65.97263108409028, 119.15075035538094, 62.289066257995934, 38.688581949069025, 0.475596216484, -0.623992431496, -0.620033615461, 0.481972517011, -0.404793395021, 0.777074513926, -0.735874127628, -0.668412861025, 0.108228995674,  
119, 1935525.9170328598, 77.31019948498339, 117.88500520148376, 97.00164254875975, 40.40849972222525, -0.452597171968, 0.414710838928, 0.789411629001, -0.419662836453, 0.682044877772, -0.598913924037, -0.786790253897, -0.602353471627, -0.134652855863,  
125, 2383805.1423320794, 82.86937199539442, 116.70135418870512, 88.38323335018526, 55.17424029361325, -0.643577199529, -0.589635236171, -0.487994545576, -0.758882784237, 0.574497588405, 0.306674812635, -0.099525414013, -0.567699576521, 0.817197578792,  
131, 1722659.5229385868, 74.3652907040624, 107.42906799637564, 77.94923386858807, 49.11081947429327, -0.340248313943, -0.927907160958, 0.152379084858, -0.905165391022, 0.279289513041, -0.320426251734, -0.254767933136, 0.246952765825, 0.934937234095,  
138, 694289.4166168821, 54.93097554748468, 123.88288246685634, 61.07291848569104, 21.90745659691754, -0.554800482192, -0.81025449084, -0.188902316117, -0.801663252899, 0.581356996449, -0.139140474452, -0.222558877402, -0.0742408428997, 0.972088392758,  
155, 3276960.1286640908, 92.14268204275129, 128.61921197337074, 116.80714924816314, 52.072362123918765, 0.680802881056, -0.210973734808, -0.701425349105, 0.0306573969045, -0.94857419119, 0.315066862465, 0.731824815896, 0.236002303018, 0.639324136733,  
161, 1135091.0242519567, 64.7113847603291, 117.74948560848549, 58.88375277510642, 39.08297195252423, 0.466407667355, -0.368794590427, -0.804023903814, -0.751425893095, -0.644760563581, -0.14015328336, 0.466715132622, -0.669532945957, 0.577843074943,  
169, 3232546.3447971414, 91.72450644860078, 148.5534762453782, 87.68698957977759, 59.24315397426007, -0.975925383375, 0.122867957223, -0.180202972153, 0.183928616282, 0.907675239604, -0.377221319018, -0.117217363038, 0.401284343698, 0.908422239548,  
177, 1314897.7007998, 67.96225580623747, 140.51827977808338, 66.81782569135046, 33.433218984656285, -0.969058000004, 0.112153612833, 0.219882149702, 0.232031514892, 0.717746659729, 0.656506746763, 0.0841900749838, -0.6872127033, 0.721561315272,  
186, 890933.9397400118, 59.69238958090103, 106.49859395138793, 61.30601964366081, 32.57691090893444, 0.658821578349, -0.659342745067, -0.362244768669, 0.224485019065, -0.287279649251, 0.931169629735, -0.718025489879, -0.694793168974, -0.0412534632499,  
190, 647874.5665051335, 53.67854976667169, 132.44818862634634, 43.124694726258475, 27.078853018653387, 0.900995320178, 0.126344203659, 0.41502358393, 0.344999441092, -0.788679273726, -0.508881507663, -0.263026269911, -0.601682761426, 0.754185014396,  
215, 2077474.259154702, 79.15572797758178, 106.46662375236839, 93.59503894893952, 49.77150012687721, 0.184339407302, -0.297337547599, -0.936808073035, 0.137304239951, -0.936005489932, 0.324100707357, 0.973224808874, 0.188372252749, 0.131716991263,  
240, 1225365.8945840392, 66.38333390066069, 132.02477552186429, 61.73292661844822, 35.89259636818229, -0.0991540250351, 0.288252697707, 0.952406878169, 0.961222375383, -0.219772864961, 0.166587613254, -0.257332517149, -0.93199263414, 0.255283578646,  
245, 2670230.350019157, 86.06370523637301, 153.45643562921663, 89.13631584165337, 46.60369292729161, 0.794189434597, 0.342638932944, 0.50185825051, 0.391411391572, -0.92017341688, 0.00883206744404, 0.464822831326, 0.189418701554, -0.864904787233,  
261, 1785357.8289952325, 75.25676649174542, 120.96850589631443, 60.241409680698865, 58.48832987767875, -0.06656050092, -0.908310264972, 0.412967507516, -0.00344143201013, 0.414091868109, 0.910228587395, -0.997776456058, 0.0591640711292, -0.0306880501892,  
271, 1464502.8323972195, 70.4477622135966, 132.14302353970317, 93.90990872978331, 28.17383381739985, 0.379555973201, -0.897285804679, -0.225422820337, -0.184661374586, -0.312228234765, 0.931887174583, 0.906552502585, 0.312076455595, 0.284202121596,  
313, 1316217.582579959, 67.98498815664439, 133.04016995151738, 86.7981658772744, 27.21107751240858, -0.610524109068, -0.55521252501, -0.564800287109, -0.15133118255, -0.618215387844, 0.771303187742, -0.777405418964, 0.556371086871, 0.293414430899,  
327, 329106.3332011416, 42.83011200866993, 81.47812918383693, 59.7831313332424, 16.129760652164162, 0.879555170905, 0.301408199215, 0.36815186918, 0.246588229407, -0.950501186907, 0.189054856609, -0.406911472501, 0.0755022591409, 0.910341948068,  
339, 1048028.1802584323, 63.01270408802481, 92.06526114821665, 74.18986197569662, 36.63059715839038, 0.349203533421, -0.263100523511, 0.899352548656, 0.804663369388, 0.576022955356, -0.143925039062, -0.48018095986, 0.773935184257, 0.412856605077,  
410, 1983477.5400727182, 77.94343820299218, 146.1582887740102, 65.80713863155917, 49.231403913195685, -0.186040613735, -0.916010896902, -0.35540529934, -0.967395715219, 0.107501233374, 0.229322949135, 0.171855812291, -0.386480945948, 0.90614461219,  
428, 620287.760100178, 52.90558659927109, 123.06756579411613, 61.37060668373497, 19.606522632768204, 0.459078224105, 0.749435119409, 0.477068324194, 0.739268663544, -0.0244601214262, -0.672966229139, 0.492675377154, -0.661625803802, 0.565263008244,  
476, 826831.4430171379, 58.22499476417989, 158.17684750398087, 58.48573999898275, 21.33710377709295, -0.749310826457, -0.535429449148, -0.389677546619, 0.102623981525, -0.67522182612, 0.730440828505, -0.654218315068, 0.50733695954, 0.560898926469,  
489, 2130388.4736237754, 79.82214574678382, 160.37020953100298, 60.658090226173535, 52.28267081281638, 0.264868660615, 0.856146203928, -0.443687130897, 0.664978769067, 0.171039197015, 0.727013637956, 0.698317856935, -0.487605650689, -0.524016125803,  
505, 935154.767104107, 60.66408166169182, 137.19991353748728, 47.76781409676413, 34.06478695200929, 0.432273180324, 0.603648928272, 0.66988645976, 0.789826906717, -0.61190829467, 0.0417336356018, -0.435101545618, -0.511054018976, 0.741289710363,  
515, 1571110.6452057061, 72.11728812851102, 102.32665670644306, 91.47377479574502, 40.07123945546551, 0.0519768205195, 0.956014691395, 0.288676843488, 0.891413765117, -0.174729208182, 0.418152129216, 0.450199855052, 0.235596293785, -0.861286524256,  
525, 1983087.500195499, 77.93832881953091, 115.72943115872931, 89.72594751120391, 45.59228892223556, -0.756348571603, -0.597911772344, -0.265402243259, -0.644200351509, 0.751326630244, 0.143227796891, -0.113766187199, -0.279302357991, 0.953439797507,  
529, 2014053.3147908505, 78.34190318862004, 132.87958081079816, 62.55655235993967, 57.843065127597264, 0.0976969205111, -0.354635673097, 0.929886472151, -0.48721090972, 0.79769103112, 0.355407580561, -0.867802305351, -0.48777306018, -0.0948504116491,  
530, 1157469.3421919402, 65.13388191553325, 97.58435060414352, 69.64331448485694, 40.65942934691538, -0.74231209375, 0.618134129912, 0.258617387098, -0.0485041536396, -0.434523312026, 0.89935356695, 0.66829641818, 0.655057011827, 0.35253398234,  
541, 2480522.0289317775, 83.97528626372879, 113.23112255666628, 95.65579651830215, 54.67356256087, 0.0338063335751, 0.00805575554414, 0.99939593586, 0.983620878102, -0.177414808929, -0.031842640183, 0.177051122479, 0.984103190918, -0.0139215535539,  
563, 1047922.1506693803, 63.01057900634859, 120.08010670607452, 56.02269231856771, 37.18821814235833, -0.456420028661, 0.547628219756, -0.701273192389, 0.857855378277, 0.0616622713764, -0.51017831613, 0.236145945123, 0.834446581403, 0.497929709283,  
566, 1920617.1379583497, 77.1111884938136, 99.56858596129986, 85.02575966639608, 54.160084118632845, -0.651945524541, -0.00146392161174, -0.75826439318, -0.756989489314, -0.0567397092305, 0.650958922255, 0.0439766540236, -0.998387931783, -0.0358830262233,  
593, 2177977.823512476, 80.41213899877283, 116.14368518214323, 82.95643344104703, 53.96586842026366, -0.955766029433, -0.0605874952815, -0.287820173715, -0.29365641373, 0.251955273656, 0.922108697905, -0.0166495542486, -0.965840408915, 0.258602198078,  
603, 1633560.3651333214, 73.06042475775246, 108.48940691243628, 87.85198581420974, 40.91736522067352, 0.399676837172, -0.523941127316, 0.752159637933, -0.852571599911, 0.0889396884367, 0.514986794827, -0.336719605687, -0.847098239242, -0.411150191802,  
606, 3214253.0058283024, 91.55115263519211, 115.28887108248335, 86.14386533256646, 77.26444829914306, 0.16550059519, -0.936391382714, 0.309484622187, -0.295927022828, 0.252199013042, 0.921315828031, -0.940763918394, -0.244063180751, -0.235364427324,  
637, 2867511.7860083203, 88.13306370306753, 128.180851686244, 87.64142988684259, 60.93741045600606, 0.801871844952, -0.179370286252, 0.569936702347, -0.446421276835, 0.454136423525, 0.771017608371, 0.397126664759, 0.872689182492, -0.284084499577,  
659, 361368.6407460352, 44.18626412988036, 106.59665848016037, 41.15192829019672, 19.666545073709603, 0.571437459944, 0.810361067855, -0.129515130688, 0.352990947463, -0.100241634335, 0.930241369621, 0.740848581278, -0.577292434084, -0.343331946034,  
667, 2212646.222621833, 80.83655378593987, 126.90031589015352, 79.96119170873504, 52.05727253350903, -0.848250483761, 0.0969307684079, 0.52064915532, 0.502833601631, 0.455970993822, 0.734335632979, 0.16622119561, -0.884700445873, 0.435517663478,  
670, 1081926.875847299, 63.684894437576645, 85.1039489635069, 68.10035206422435, 44.566674631126986, -0.906431238581, -0.146127009099, 0.396269235415, -0.151466156831, 0.988298968123, 0.0179764552263, -0.394259322096, -0.0437269575825, -0.917958354241,  
675, 1551164.2407463586, 71.81079339328983, 114.7319343465396, 82.39135765274376, 39.1744763608671, -0.346381611565, -0.471979900313, 0.810712497048, -0.933748269089, 0.0903810519651, -0.34633139537, -0.0901884091375, 0.876964217711, 0.472016749397,  
692, 2224999.0620966405, 80.98670709369433, 102.13149847799497, 82.77879734932651, 62.829326821270406, 0.287397803314, -0.938390797058, 0.191898969897, -0.903197784353, -0.332202020835, -0.271800624894, -0.318804430631, 0.0952078218965, 0.943026619804,  
752, 2141181.094842387, 79.95671267289006, 148.0618607238864, 71.79169435724968, 48.08918144060857, -0.839098498891, 0.396509713418, 0.372416106426, -0.171244750386, -0.842346185777, 0.511006985052, 0.516322519967, 0.365010890895, 0.774711626932,  
761, 995418.6127487954, 61.94016851953092, 77.96793328485005, 66.47369593082132, 45.85126259181757, 0.0287403518665, -0.971913678, 0.233576100429, 0.570352151153, -0.175955609294, -0.802332878071, 0.820897323573, 0.156279960567, 0.549276030858,  
782, 246633.5388585098, 38.90342536573945, 101.37577849364915, 58.36049882695157, 9.951999089278065, -0.807894009317, -0.552861293426, 0.204087383102, -0.104212059976, 0.474869514984, 0.87386428597, -0.580040616049, 0.684721354983, -0.441259050632,  
793, 348369.11800621165, 43.64994289706013, 158.98639119379732, 58.051268746437906, 9.011132430390536, 0.686865632582, -0.714803707399, 0.131420176024, 0.466880161437, 0.57254247546, 0.673956993176, -0.556990590256, -0.401560423452, 0.726987419893,  
802, 3371314.2452119654, 93.01868781822343, 127.31412936091633, 122.76091700596629, 51.49604765113753, -0.0811769752366, -0.0784911251782, 0.993604268288, -0.668410766172, -0.73520648957, -0.112687467628, 0.739349272237, -0.673283418007, 0.00721752587955,  
865, 580703.6286566915, 51.75535718483407, 99.47460787978906, 52.97666991428732, 26.306861562026477, 0.498088699187, -0.857564241173, 0.128418145147, -0.430752250684, -0.116170269765, 0.894961991905, -0.752569030902, -0.50108685942, -0.427260825543,  
885, 513497.68437009683, 49.676382229790114, 87.08253295643269, 62.98721807429114, 22.34942734985826, -0.872555784066, -0.393331760454, 0.289718017925, -0.150340879024, 0.780485527916, 0.606827785132, -0.464805361186, 0.485934632365, -0.740151004378,  
911, 363835.63432833273, 44.28658653129232, 96.31854571963129, 40.68712441640027, 22.164079996108676, -0.461084325861, 0.705051005075, -0.538798965003, 0.855034638187, 0.515397918921, -0.0572778549916, -0.237312056049, 0.487101699253, 0.840484933023,  
920, 1357209.0039863482, 68.68354580454158, 132.84355845351038, 93.11346805965466, 26.19419884251266, 0.487860865343, -0.763081087937, -0.423909222946, -0.682919127127, -0.0311742574696, -0.729828494563, -0.543703266379, -0.645550477425, 0.536331370727,  
931, 2589137.467549886, 85.18350387505622, 117.56302600218726, 89.13144238951224, 58.98815455619222, 0.589325754835, 0.310773959274, -0.745730984287, 0.741086506545, 0.159596837249, 0.652165346639, -0.321692313408, 0.936989005153, 0.136255861223,  
942, 1827394.517978725, 75.84283691141975, 127.73992202116884, 76.00055550729185, 44.936608835647824, 0.0407338360451, 0.777092563889, 0.628066797204, -0.75376707093, -0.388720467041, 0.52984110947, 0.655878004954, -0.49499853096, 0.569912709952,  
947, 228656.9257873253, 37.93428624531962, 85.04251948685253, 35.44410383523424, 18.10988250135538, 0.55613423759, 0.767894310709, -0.317888403942, 0.55353431201, -0.0569254223131, 0.830878608295, 0.619931024557, -0.638042180326, -0.456714025312,  
985, 1950153.3093936369, 77.50446361890414, 152.07426222291727, 97.17296967812918, 31.50496137813578, 0.547942268628, 0.737877669832, -0.394075899561, -0.312659649866, 0.617600691905, 0.72167397674, 0.775888660567, -0.272224043248, 0.569114098122,  
997, 1255277.451700992, 66.91914335162437, 120.68456186129964, 90.85336849822198, 27.331178995441235, 0.496482018205, -0.827309590305, 0.262801155606, -0.663426173527, -0.166400306904, 0.72950438665, -0.559795782297, -0.536534975236, -0.63147359602,  
1015, 3193911.5402169502, 91.35761601437359, 123.4096490406061, 93.45053695205269, 66.11551054726108, -0.887874181159, -0.377519078411, 0.262980576978, -0.0106473633752, 0.588296395231, 0.808575280979, -0.459963120353, 0.715113065741, -0.526352763004,  
1040, 3085990.519902292, 90.31682446802002, 150.76002439535637, 85.93520945003606, 56.865470841042146, -0.396386482029, -0.341634860287, -0.852152204187, -0.870566213459, -0.154874146181, 0.467042253794, 0.291534260163, -0.92698415363, 0.236025748744,  
1045, 3083966.313921127, 90.29707285804093, 154.85289535690842, 101.49098705304776, 46.84618294276988, 0.790522742116, -0.587313429663, 0.173599336215, 0.228821335224, 0.546176502458, 0.805811407656, -0.568079739775, -0.597289011702, 0.566154789573,  
1072, 1293571.50977082, 67.59282701938264, 136.6284457675918, 89.45017452737548, 25.26850293440857, 0.789321360236, -0.119148873546, -0.602308339813, 0.225594721567, -0.856089399134, 0.464992432511, -0.571033109265, -0.502906041546, -0.648850292055,  
1074, 606062.3077209756, 52.4980157246364, 66.74414599470312, 62.546095437808134, 34.65894047075165, -0.693991881065, -0.662914271621, -0.280926925547, 0.150383513253, -0.515044448553, 0.843868482026, 0.704102313558, -0.543391097181, -0.457128042835,  
1075, 2093740.5278854382, 79.36178306250207, 118.14402695497395, 85.87875240989257, 49.26480338909073, 0.254375816991, -0.963000395884, -0.0890122534068, 0.0400136743482, -0.08148100712, 0.995871352808, 0.966277315058, 0.25688729631, -0.0178063864827,  
1091, 142456.13339622974, 32.39894344013475, 58.91874263667264, 33.1012313529805, 17.437929730257675, 0.635714762189, 0.212094729294, 0.742214636706, 0.455430350109, -0.879386764773, -0.138788018722, 0.62325752088, 0.426256664168, -0.655633524859,  
1093, 1571391.7147965839, 72.12158843417785, 102.79941694061569, 92.05751273543363, 39.64112412974784, -0.496407138769, 0.841615221174, 0.212752842676, -0.264793828063, -0.380203020494, 0.886188406507, -0.826718925148, -0.383574611641, -0.411590009725,  
1126, 1740231.5311042294, 74.61729046047198, 127.60126921122067, 91.05228236073667, 35.757948398724416, 0.00644906770719, -0.145328558685, 0.989362430839, -0.129722942599, -0.981144232915, -0.143275791331, 0.991529307529, -0.127419010546, -0.0251799138649,  
1181, 964751.8884648039, 61.297440773024476, 123.2629325497452, 54.4962205127057, 34.286894302842896, 0.40841615314, -0.163519202212, 0.89802990839, -0.706967846352, 0.565664967424, 0.424522801336, 0.57740168867, 0.808260239735, -0.115423891737,  
1231, 1870700.2917506243, 76.43727597861866, 127.97935752004585, 75.86274542908119, 45.99886582073932, 0.128339154893, 0.427045878445, 0.895075906851, -0.757162774574, -0.540699700814, 0.366535627653, 0.640494804132, -0.724759029776, 0.253950299541,  
1278, 700105.6156378731, 55.08393840200686, 128.76257451081622, 88.23368444050605, 14.711294367399285, 0.809463196039, -0.581038574959, -0.0846375133662, -0.347827909799, -0.590633251124, 0.728126436707, -0.47305927686, -0.559952263212, -0.680197312182,  
1310, 1259384.6350809047, 66.99204887382965, 148.84924808034947, 51.63749125626963, 39.11632101477123, -0.665096313831, 0.0939031438214, 0.740830002706, -0.084131865746, -0.995168539657, 0.0506103432442, 0.742003182267, -0.0286666575948, 0.669783174055,  
1318, 2493976.502884996, 84.1268412787296, 115.4490301951053, 94.55181420003731, 54.54357411238989, -0.395750781038, -0.911330769618, -0.11339112688, 0.855821623413, -0.410763489172, 0.314392596703, -0.333092582034, 0.0273785374106, 0.942496550383,  
1334, 3084652.8008838505, 90.30377236532937, 124.61059599344246, 103.97835230577661, 56.83551173792475, -0.548628844951, -0.543947046405, -0.634923618394, -0.82736566433, 0.462497756312, 0.318687751403, -0.120301487836, -0.700155294284, 0.703782719247,  
1341, 1287609.0764869507, 67.48881562761548, 113.36085216360146, 76.11381819773116, 35.626143228587665, 0.886529009236, -0.311220669608, -0.342356554766, -0.367246818523, -0.923409889577, -0.111552454546, 0.281417998832, -0.224623842545, 0.932924455298,  
1343, 1674676.3049403925, 73.66831821655894, 105.16634260288875, 79.07007177380557, 48.078771551058146, -0.913512670742, 0.333455318382, -0.233028219401, 0.397532289755, 0.85335184205, -0.337281354763, -0.0863867987389, 0.400747032817, 0.912106976561,  
1353, 477718.2039944975, 48.49471304626198, 107.5189450747355, 70.35309262946149, 15.07700204497875, -0.931238877832, 0.364049251143, -0.0161955288766, 0.304387460452, 0.752650614233, -0.583836729586, 0.200355749439, 0.548621176803, 0.811709540433,  
1355, 2280459.2131247064, 81.65408187711527, 130.11833594188448, 81.44507603530334, 51.37246041821078, 0.197629819038, 0.961909156109, 0.188873582114, 0.563291750837, -0.269122635631, 0.781201261155, 0.802274802088, -0.0479977331186, -0.59502215047,  
1360, 2199815.499992001, 80.67999875248762, 120.06337692511431, 83.49011382767887, 52.39043942135529, 0.348511360038, -0.878015715059, 0.328067426049, -0.79209598357, -0.0887588295592, 0.603908786977, 0.501122524675, 0.470329963202, 0.726406181814,  
1362, 1656252.9185117916, 73.39717576113182, 106.4712521181199, 102.65021306343189, 36.17810631333848, 0.363789061248, -0.677419770334, -0.639343392612, 0.0284343302308, -0.677976744187, 0.734533200887, 0.931047263989, 0.285394444763, 0.227378545862,  
1368, 2527583.4704578114, 84.50303340305429, 129.54843768520615, 94.00422465000018, 49.54927971836517, 0.89850977532, -0.174591889449, 0.402737949282, -0.363256288787, 0.219325010932, 0.905506161347, 0.246424536746, 0.959903230393, -0.133644064481,  
1374, 3768520.997841761, 96.53706925704158, 114.52385218039558, 101.4147812163511, 77.46136118673341, -0.406836063319, -0.814391542729, 0.413824640054, -0.913338485941, 0.371181623162, -0.167442565453, 0.0172402924022, 0.446083644353, 0.894825208943,  
1380, 1630451.449655601, 73.01404693257074, 147.03915731444084, 77.63350285814805, 34.098641324452274, 0.432131614404, 0.258328849803, 0.864018792152, 0.312253493925, -0.941688690463, 0.125380085283, 0.846026018137, 0.215612187999, -0.487597540008,  
1388, 2394718.569657054, 82.99564241468251, 117.57664690653095, 77.9243133867962, 62.39816492841506, -0.964383084092, -0.104579832916, -0.242957456489, 0.0567489977578, -0.978936094892, 0.196121578037, -0.258350185543, 0.17534874013, 0.950004211025,  
1451, 1033530.3339767536, 62.72079282705942, 100.88603024314328, 66.30987452559638, 36.88292698679093, -0.0289238595973, -0.923019469592, 0.383664526769, 0.682998523166, -0.298500276013, -0.66664128478, 0.729846852222, 0.242760466252, 0.639054714658,  
1453, 636393.9224236312, 53.35958845983792, 124.5339031807852, 79.29222743448798, 15.385768587873592, -0.403279520401, 0.66418470941, -0.629463501889, 0.0959997186854, 0.714792528684, 0.692716172, 0.910027297633, 0.218929926514, -0.352022733413,  
1472, 3556908.66688025, 94.69521507872537, 149.26391495044683, 93.69777391190588, 60.71555973464606, 0.802203529796, 0.122669922591, -0.584312918627, 0.422926531308, 0.574040606755, 0.701149435507, -0.421429289321, 0.809585987952, -0.408617036128,  
1483, 1206142.5211305195, 66.0343650594378, 131.8668231811907, 70.57287520061581, 30.94116515595942, 0.308491818551, 0.940979743131, -0.139247696223, 0.8624208042, -0.338439612268, -0.376415973798, 0.401326742654, 0.003968861871, 0.915926358266,  
1490, 1715609.8907151548, 74.26371042488145, 101.81587017617537, 67.33933155239954, 59.73730882439248, 0.196094268952, -0.935181683803, 0.294927543582, 0.50317906582, 0.354114435985, 0.788298036245, -0.841639985626, -0.00617936126967, 0.540003657478,  
1525, 622457.5365326336, 52.967203003916865, 121.1515856175042, 51.849710097440735, 23.656238241398082, -0.344914577546, -0.938546629369, 0.0128124430555, -0.922870537151, 0.341581583482, 0.177853854285, 0.171300630047, -0.0495201608108, 0.983973499551,  
1535, 2175927.5189871155, 80.38689828654266, 140.63673510371186, 72.95135678280252, 50.63183487089335, -0.814741067002, -0.425069933081, 0.394350790199, -0.57288169166, 0.695072098881, -0.434374659386, 0.0894626240413, 0.579819221264, 0.809818565824,  
1540, 1442924.8516112568, 70.10005650276354, 139.4982023363767, 95.1099008161651, 25.963352172018762, 0.00656178105027, 0.0974556268545, 0.995218239294, 0.442534440448, -0.892760997833, 0.0845048505434, 0.896727501556, 0.439863844322, -0.0489855734965,  
1641, 925652.5665489746, 60.457910513466814, 122.77610039996182, 91.17776649025281, 19.740430323061876, -0.314524803812, -0.657716376959, -0.684458410181, -0.0162821826486, -0.717208219825, 0.696668687357, 0.949109602899, -0.230264059063, -0.214870716452,  
1676, 851421.3329035016, 58.79656746030408, 117.70247996768148, 73.37062772350998, 23.53683539221667, 0.470309664035, -0.0259386658582, 0.882120176353, -0.443415635986, -0.871176520251, 0.210793843187, 0.763014674615, -0.490284260584, -0.421224346573,  
1696, 1500520.911085223, 71.0206235346063, 113.16323404825873, 92.97554353176548, 34.04704042428305, -0.399182009357, -0.194676189993, -0.895965905856, -0.895471026224, -0.127119368539, 0.426582122615, 0.196940002535, -0.97259541804, 0.123583122672,  
1697, 2805802.9284536215, 87.49626577185502, 123.3264937165622, 89.1897482208555, 60.89718710381994, 0.494343799938, -0.825791979228, 0.271462362962, -0.523911652416, -0.0338473908609, 0.851099838206, -0.69364312721, -0.562958223294, -0.449374288206,  
1699, 1581271.2328819425, 72.27241831731432, 135.29509139796113, 62.10451104684118, 44.92753317764589, -0.938837957388, -0.189259793469, 0.287687365631, -0.277360254294, -0.0795463049403, -0.95746732305, -0.204094534727, 0.978699706726, -0.0221879460038,  
1711, 1985690.741196618, 77.97241767297973, 109.49325844463043, 103.29557159885105, 41.91349901319324, -0.187422412375, 0.788955859867, 0.585167916518, -0.639569113057, -0.550161266014, 0.536911474082, 0.745536175489, -0.273626081652, 0.607704351208,  
1713, 887979.2228213598, 59.626328023536686, 125.37306593533161, 54.71583974784009, 30.902732280977624, -0.931190141533, 0.287653710491, 0.223920216042, -0.100394499612, -0.792878205846, 0.60105332138, 0.350436677245, 0.537214569362, 0.767199219047,  
1726, 2629950.3059489434, 85.62875790257274, 120.15709966930959, 80.50522868506744, 64.9060841070815, -0.967867780966, -0.00194126118947, -0.251452162595, 0.229721946194, -0.413531582533, -0.881033176268, 0.102273095218, 0.910487705437, -0.400689845444,  
1740, 1540954.2823189327, 71.65289054343053, 140.46365736153896, 75.99922601554482, 34.4610101009315, 0.581941686174, 0.348440857539, 0.734801226653, -0.354458762575, -0.70453406528, 0.614809512365, 0.731917249098, -0.618240017839, -0.286489826722,  
1774, 1717547.7096747677, 74.29166073335985, 117.0738076494758, 94.35976920149804, 37.11706154549966, -0.667408648456, 0.689442740647, -0.281486062416, -0.254105332017, 0.144465183934, 0.956326456223, -0.699997268713, -0.709787656979, -0.0787737633604,  
1780, 585470.8395431435, 51.89659767893506, 138.67867644987916, 72.7811833280678, 13.848025651452458, 0.180227476099, 0.629957184011, -0.755428357405, 0.837162513151, -0.501444713676, -0.218431054801, 0.516407768565, 0.593049024482, 0.617750654493,  
1785, 1187266.4796997576, 65.6880746075644, 103.83175338820085, 86.0778323525705, 31.713055482768556, 0.195265459838, 0.383644316787, 0.902600929753, 0.866353174069, -0.498825703539, 0.0245986842923, 0.459677689229, 0.77716790701, -0.429774901943,  
1810, 596506.8311250055, 52.220649696597974, 108.52050746512238, 96.87552426381637, 13.545683703810818, -0.316369197187, 0.289534658283, 0.903371580649, -0.88491980155, 0.253040931688, -0.391007968864, -0.341800345079, -0.923114277077, 0.176160595936,  
1820, 365788.75043532485, 44.36569050197209, 118.19737140043704, 30.90774630730055, 23.90377974241416, -0.322972228041, 0.751214338316, -0.575643950566, 0.00929695973863, 0.610729489415, 0.79178472914, 0.946362777403, 0.250372739467, -0.204232673385,  
1857, 702391.2440033624, 55.14381729623617, 109.25221029715519, 75.51367096867831, 20.325192357594766, 0.642586216196, -0.382638152314, -0.663830550027, -0.533055647755, 0.399095802067, -0.74603901853, -0.550394977404, -0.833253013896, -0.0524860332128,  
1866, 1921341.384213022, 77.12087990497102, 136.79362291406198, 86.51745170632631, 38.75666123966564, -0.863921604711, -0.068815553506, -0.49890267639, -0.0360582008575, -0.979626678125, 0.197563604079, -0.502333820347, 0.188668998782, 0.843839286733,  
1891, 780940.2676571897, 57.12721721812784, 73.53816778909079, 58.54690987024385, 43.302445592575225, 0.919142798629, 0.326409155172, -0.220530222754, 0.322325433469, -0.301349385737, 0.897382227735, 0.226457127658, -0.895904911883, -0.382193090201,  
1910, 2764539.286751973, 87.06522344169656, 122.01985901424473, 82.72090333277454, 65.38654191419685, 0.524558225995, 0.487020612494, -0.698319117988, -0.541501817565, 0.823790391323, 0.167765231018, 0.656973705041, 0.290138439664, 0.695848573121,  
1917, 1972978.7242977745, 77.80567311480871, 136.43679528001934, 90.5839232049636, 38.11107128524611, -0.496735538697, -0.812058324692, -0.306292477697, -0.834825023404, 0.543561411513, -0.0872248371324, -0.237320426626, -0.212372948401, 0.947932880479,  
1921, 1181799.0912423346, 65.58708775310016, 124.14903401427179, 53.612997189739886, 42.387871675826716, -0.687013066047, -0.18108951805, 0.703718433418, 0.143370699671, 0.915629919228, 0.375588462936, -0.712360786088, 0.358926785664, -0.603086787267,  
1928, 1224598.4042976918, 66.36947159095149, 128.21904584162064, 71.54173895670004, 31.87080601161417, 0.709019885695, -0.577704708261, 0.40441077105, -0.372232095446, 0.180481227939, 0.910422865202, -0.598944128287, -0.796042584548, -0.0870754545018,  
1945, 258866.37387859574, 39.53626845737407, 105.83247239693887, 59.89997566738471, 9.748581863870552, -0.101362587444, -0.412579479123, -0.905264491336, 0.982695857337, -0.183323668798, -0.0264817754541, 0.155030570662, 0.89228392671, -0.424022306366,  
1972, 1933556.4570359322, 77.28396871293268, 110.1305329109214, 76.28949861120338, 54.940897122817034, 0.230139610459, 0.325019505423, -0.917277537495, 0.510491339807, 0.762159174407, 0.398135636247, 0.828513338263, -0.559889019326, 0.00948337271889,  
1974, 3490409.3087179363, 94.10136350826255, 157.19198233199245, 83.9457802202193, 63.14783828967616, -0.759110138502, 0.645020689649, -0.0877502566798, -0.0762802158684, 0.0457309833441, 0.996037150828, 0.64647747547, 0.76279550804, 0.0144874643459,  
1985, 3109082.1010029577, 90.54153653403164, 150.39965571183944, 91.11437503463446, 54.163888888275764, 0.41279616015, -0.364398638476, -0.834753234461, 0.348477783192, -0.783566197014, 0.514380452115, -0.841523953781, -0.503227232147, -0.196468287616,  
1994, 688224.5777857504, 54.770561033230884, 104.94352637490843, 65.5352745536567, 23.889705278316757, 0.556792571517, -0.380244495251, -0.738509415062, 0.533538548549, -0.517709162854, 0.668815250954, -0.636646408547, -0.76641460485, -0.0853815199933,  
2000, 1290736.169497123, 67.54340600246951, 106.76576414971943, 81.87135236624327, 35.25209192340447, 0.0998855101194, -0.083828869876, 0.991461348436, -0.961048731978, -0.266200583505, 0.074314090896, 0.257697923221, -0.960265572598, -0.107153210175,  
2002, 3665120.510388447, 95.64594223742473, 109.44198182403223, 99.29310944982782, 80.51866943568135, -0.395890376805, -0.270700004677, -0.877492060945, -0.157352612224, -0.921433508206, 0.355247020229, 0.904715958177, -0.278714544693, -0.322191305899,  
2003, 1723130.7685052443, 74.37207113436749, 105.13740737120641, 70.59705833352763, 55.42245502117626, -0.0860021670813, -0.987976959328, 0.128472390397, -0.978701859362, 0.0596519894959, -0.196428894594, -0.186403588323, 0.142629477971, 0.972065087468,  
2021, 1286959.4399742978, 67.47746368985517, 134.6892166419723, 59.83501876456913, 38.12308100599738, 0.426437185726, 0.527763581814, -0.734586229343, -0.633866202333, 0.753721616102, 0.173543547732, 0.645263484299, 0.391623961384, 0.655946422126,  
2040, 1353286.9301435314, 68.61732121117262, 131.11669787664562, 75.4413254792284, 32.66133745823546, -0.960694954163, 0.188967997823, 0.203362486328, -0.171291043425, -0.979985199594, 0.101431686462, 0.218459569461, 0.0626107368996, 0.973835361925,  
2077, 1576379.5779911387, 72.19781654574628, 103.16035872677494, 77.62604706011423, 46.995024003024255, -0.388323283423, -0.920289016717, -0.0476775970749, -0.90770616754, 0.390914321655, -0.152497562387, -0.158979687259, 0.0159411052216, 0.987153149315,  
2079, 2497646.390095829, 84.16808527964764, 113.42369787696774, 87.51187248284987, 60.071927085570216, 0.554362605431, -0.826371383831, 0.098956746533, -0.702823756988, -0.401132219503, 0.587479113748, 0.445781188828, 0.395225604511, 0.803166142978,  
2096, 1839007.6413463212, 76.00315861503337, 117.332878862885, 79.28489320349487, 47.19377877076074, 0.492086841473, 0.274293072724, 0.8262044848, -0.300753435903, -0.837062813641, 0.45702649465, 0.816944252224, -0.473380561785, -0.329413012013,  
2102, 943299.8741039254, 60.83969885694181, 129.66041369606893, 89.83358503844485, 19.333702546334937, -0.26026105606, -0.958628354366, 0.11530767929, 0.910025856751, -0.203632311308, 0.361091154469, -0.322671849939, 0.198910934832, 0.925374149877,  
2117, 1215539.077803264, 66.2054037880852, 129.8673464765436, 102.93547759095662, 21.707772691161413, -0.304325389699, -0.892301561319, -0.333442620029, 0.913006167927, -0.373064956507, 0.165052341862, -0.271672218881, -0.254205550478, 0.928209967407,  
2124, 958057.1192655219, 61.15532301151058, 109.56394907331665, 91.01944909075202, 22.935114531526956, 0.362519910101, 0.514088025465, 0.77736273184, -0.532672851792, 0.798728473805, -0.279807894986, -0.764747636639, -0.31264409031, 0.563395709116,  
2135, 980756.6042758028, 61.63454732630045, 116.11370308957689, 61.626753688979356, 32.720495006896364, 0.561215442804, 0.685340667984, -0.464053224928, -0.523316539504, 0.728201638194, 0.442563186011, 0.641230868128, -0.00552656659093, 0.767328111581,  
2139, 2208618.890771656, 80.78747931218766, 122.79750903399959, 86.20218426286186, 49.81089503686876, 0.857031949487, 0.501580418076, 0.117954744549, 0.44977550518, -0.839929583413, 0.303677937702, -0.251392586404, 0.207208540147, 0.945445074233,  
2147, 2415826.631159852, 83.23878231754722, 122.77155931479541, 95.76989633679823, 49.05128238932272, 0.243516873433, -0.838220190979, 0.487941024909, 0.836699469306, -0.0728913590415, -0.542789874481, 0.490544116687, 0.540438489759, 0.6835881131,  
2154, 2040701.6734911124, 78.68590975636559, 113.06795336768893, 71.63269904138647, 60.15061402090599, 0.277494391169, -0.905640510491, 0.320643304355, 0.572680054666, 0.423901407702, 0.701673108745, -0.771384740488, -0.0110843270442, 0.636272520101,  
2156, 1695874.289804805, 73.97784606655276, 109.60453834753899, 71.38815597559753, 51.742849975771215, 0.090243878427, -0.0180394560903, 0.995756305745, 0.801508905242, -0.592143073022, -0.0833669952064, 0.591134094114, 0.805630907486, -0.0389785027911,  
2158, 890872.3784969504, 59.691014685718365, 109.9272309022834, 75.65186369174185, 25.574194573381906, -0.4594211425, -0.627360780489, -0.628769166649, -0.878425555911, 0.216088018797, 0.42623293028, 0.131532340309, -0.748147324553, 0.650365146834,  
2159, 687468.4251953852, 54.75049487085425, 114.28446807624951, 82.41494197095783, 17.42492744656763, -0.496912753644, -0.123235397793, 0.859005676347, 0.205193410139, -0.978481369091, -0.0216765951653, -0.843192374077, -0.165490927465, -0.511506963027,  
2167, 450521.92005910794, 47.556414717641985, 166.61736736744794, 48.855677091485425, 13.212713328366977, -0.460272804876, -0.875902445095, -0.144719907989, -0.188873263171, -0.0626693558754, 0.979999715456, -0.867453650376, 0.478400939078, -0.136589552816,  
2169, 3496770.563855965, 94.15849525095733, 133.43417455544952, 88.44718515844906, 70.73387309516146, -0.939207356383, 0.338709286696, -0.056263316841, 0.319969029618, 0.922853960493, 0.214383739325, -0.124536588203, -0.18334826617, 0.975127710349,  
2179, 466235.43811750825, 48.10300679124998, 111.38701210219612, 69.68959924837093, 14.338844333935324, -0.929436837443, 0.324637142814, 0.175379276738, 0.341833388012, 0.578628683517, 0.740499008407, -0.138914002331, -0.748197548858, 0.648770628065,  
2183, 648980.2284535613, 53.709068328218535, 105.96617041371455, 65.1269054057453, 22.449939489509934, -0.383368113495, -0.904318339266, 0.187715824645, -0.890191190121, 0.307623567213, -0.336046702, -0.246147383869, 0.295932563537, 0.922949285309,  
2185, 1697423.0130454297, 74.00035881042102, 102.17670068499507, 76.99779195573042, 51.50760188870619, 0.834622538632, -0.023118491107, -0.550336945312, 0.295058320932, -0.824919708375, 0.482128677827, -0.465129879986, -0.564776956066, -0.681675278003,  
2197, 2432308.1314948597, 83.4276468568001, 120.60464106594505, 90.72441599080248, 53.069107108927625, -0.555130202018, 0.318756430191, 0.768260891247, 0.829884720933, 0.274307600677, 0.485846364783, 0.0558731489126, -0.907275965968, 0.416807524894,  
2220, 2368802.812785237, 82.69516160738006, 108.55761288996929, 100.41995841284238, 51.87522324155897, 0.553842840028, 0.664493203149, 0.501703987944, 0.750151641286, -0.136765317458, -0.646968131376, -0.361290220772, 0.734672737285, -0.574217158804,  
2224, 410727.510647337, 46.11282486996744, 99.1501217331204, 40.759476618995386, 24.262934914809616, -0.186556559037, 0.513563747202, 0.83752547892, -0.236715672672, -0.850873240329, 0.469020702319, 0.953500047505, -0.11075651878, 0.280304571771,  
2237, 2836027.0160864536, 87.80931409814701, 106.95878094998226, 94.5419497419278, 66.95465172601996, 0.455643823514, 0.353548520851, 0.816940725816, 0.626582037573, 0.524491900564, -0.57645745414, -0.632284474176, 0.774539663056, 0.0174543423994,  
2238, 1319724.391008238, 68.04531225316894, 142.36436693120217, 89.2574433630733, 24.794130905373745, 0.0892804125191, 0.0265926447507, 0.995651464713, 0.787329454723, -0.614145758892, -0.054197016152, 0.610033882391, 0.788744456766, -0.075768359192,  
2247, 379772.3879903081, 44.92398346297811, 81.70400956538099, 55.53730843689967, 19.980510403608946, -0.76885906038, 0.185460326988, 0.611931542237, -0.000730718574585, -0.957267110818, 0.289204330183, 0.639417869098, 0.221910219818, 0.736139010662,  
2249, 628934.6282863393, 53.150289278945856, 144.46889346301998, 65.61837088746758, 15.838611542515743, -0.999450348822, -0.0296282116183, 0.0148717623531, -0.0315815315976, 0.71454225458, -0.698879083448, -0.0100800347787, 0.69896461677, 0.71508520989,  
2253, 2130426.773264254, 79.82262408539076, 108.83634766010037, 86.10246833165175, 54.273576438494274, -0.190633224525, -0.461599726773, -0.866362895068, -0.0262789359907, -0.879831703696, 0.474558311163, 0.981309528758, -0.113233676146, -0.155594805042,  
2257, 1339996.899580548, 68.39196178496798, 154.3046882588615, 81.83238135269491, 25.33441458225787, 0.359882067224, 0.762048261307, -0.538300422747, 0.83393079368, -0.00400661311459, 0.551854490244, -0.418382993252, 0.647507833536, 0.636937419585,  
2258, 908212.6965425888, 60.07581250538412, 121.81789576734951, 56.302209525212376, 31.612760969977007, -0.384948899976, 0.354496757473, -0.852142237745, 0.0409531592553, 0.928944577399, 0.367946750045, 0.922028840739, 0.106742779909, -0.372113955373,  
2259, 80216.31109571227, 26.754162401732533, 101.23404734014264, 56.731118698766515, 3.334464736994961, 0.21302516787, -0.197116522113, -0.956956297102, 0.391381448326, -0.880207321481, 0.268431803477, -0.895232282573, -0.431717671542, -0.110358562506,  
2262, 47342.40456952884, 22.44160433127517, 122.40034362100238, 20.933573272971277, 4.410986201109333, 0.0721268022809, -0.0984907325884, 0.992520679879, -0.510185769756, -0.858716051724, -0.0481375409567, 0.857034541154, -0.502897920164, -0.112185013098,  
2274, 1714951.33342039, 74.25420687210811, 122.90087959085632, 95.99030913553074, 34.704101870332366, 0.503990174172, 0.3001154196, 0.809891745393, -0.525004274142, 0.851023917747, 0.011349165433, -0.685831186569, -0.430916495787, 0.586469570556,  
2278, 3284322.183201616, 92.21163335267053, 124.54765443925594, 101.53604001006084, 62.00138197319508, 0.141340181487, -0.434596858634, -0.889465302057, 0.20847938455, -0.865268338094, 0.455902455916, 0.967759938887, 0.249872514611, 0.0316926983259,  
