# Void_ID, Void_Volume, r = (a*b*c)**(1/3.0), a, b, c, vector_a, vector_b, vector_c 

21, 1799492.2042297896, 75.45484304853873, 130.8858372773362, 101.25998751843039, 32.41386620840219, -0.978791674304, 0.203498225263, -0.0235654541209, -0.156642617838, -0.669320456406, 0.726273513845, 0.132022530616, 0.714561823044, 0.687001784902,  
43, 3026471.0210265224, 89.73240410704894, 122.18956171718924, 97.46176578156819, 60.67077295553574, 0.196951498168, -0.625645457021, 0.75483631966, -0.95989412059, -0.279745896386, 0.0185879184313, 0.199532916146, -0.728223863632, -0.655649769168,  
58, 579775.2208813262, 51.727760947369745, 118.28228836509818, 65.89301493944942, 17.758731599113304, 0.62702758244, -0.0529112231669, 0.77719805283, -0.533965907886, 0.697242487891, 0.478260726274, -0.567200863959, -0.714879930858, 0.408937482241,  
61, 323834.26503315836, 42.600176337341786, 84.24088981554371, 46.83109558262275, 19.59642848501857, 0.127295599894, 0.775498299669, -0.61838355206, -0.550465190393, 0.573865554847, 0.606355010803, 0.825096300085, 0.263212294872, 0.499935379239,  
72, 549274.3044171851, 50.80427106091039, 122.09705027493686, 96.3149515159863, 11.150691256475534, -0.91487353137, -0.39967321167, 0.0571641974694, -0.403333959828, 0.898392427429, -0.173818190038, -0.0181145921325, 0.182077923462, 0.983117231738,  
83, 2325394.831252761, 82.18691858198581, 112.58626902203729, 78.14073791787655, 63.10229549263997, -0.330557984335, -0.259999415018, 0.907266070777, -0.0160130760916, 0.962711875321, 0.270054488038, -0.943649829326, 0.0747405465999, -0.322395487418,  
97, 1192619.391759047, 65.78664707646222, 101.35226442060119, 76.67451320601093, 36.63774821467788, 0.436592746776, -0.802365320814, -0.406935701821, -0.858852737686, -0.237034766743, -0.454077630283, -0.267878234336, -0.547744841427, 0.7926013123,  
113, 1237541.9207864916, 66.6024854983056, 128.63362060795956, 73.5654207532739, 31.220732838159783, 0.252077513264, -0.0578197226879, 0.965978160713, -0.47809760444, -0.875320173805, 0.0723690124225, 0.841355815298, -0.480074445267, -0.248292003629,  
117, 3498880.822606793, 94.1774326130713, 139.31207982518507, 93.55175142136007, 64.09141237604467, 0.559295166344, 0.680715621115, 0.473091069536, -0.48197627881, -0.197295889947, 0.853682141359, 0.674453692679, -0.705478968489, 0.217742144406,  
181, 891925.9044250326, 59.714535173510846, 97.47513824634329, 56.74842573728956, 38.49395108272291, -0.090360159369, 0.590283872051, 0.802122180216, 0.848900607892, -0.375509486907, 0.371968255585, 0.520771350517, 0.714533117244, -0.467161240732,  
187, 1970156.9538861488, 77.76856264590613, 114.6069400352354, 86.09803480247365, 47.665928881649194, -0.0723118762825, -0.402319605542, -0.912638990809, 0.0416159410572, -0.915454682737, 0.400263459866, 0.996513475071, 0.00903652865779, -0.0829411547507,  
200, 1301658.4821046672, 67.73339035133412, 107.31295544997033, 77.53722839711851, 37.34616527450525, 0.365632357892, 0.712321706167, 0.599091617188, 0.66536079783, 0.250057459084, -0.703396243854, -0.650851740086, 0.655796503558, -0.382521840354,  
203, 2784038.7493263474, 87.26944662537848, 108.96378672997713, 83.34703289195295, 73.1836953501916, 0.533323611517, 0.744663301021, 0.401301001133, 0.664940896096, -0.0758009021059, -0.743039587061, 0.522895333788, -0.663122003369, 0.535583493538,  
209, 1015476.6172580459, 62.35344304578257, 137.77017648440943, 80.34176055029555, 21.902049657185643, 0.19323301836, -0.239187052664, 0.951551656219, -0.55490273931, -0.826466299952, -0.0950600071021, 0.809162499453, -0.509649888534, -0.292426128443,  
211, 2890976.3639193787, 88.3728058017188, 115.2664817973386, 91.86296368726644, 65.17971264183652, 0.405078245998, -0.6639468925, 0.628558778921, -0.60105040261, 0.32466572768, 0.730294857432, -0.688948494549, -0.673622067045, -0.267550523545,  
251, 1471576.8705027832, 70.56100881406398, 116.48286157067672, 69.04386029507587, 43.68247606226541, 0.398184117239, 0.766628880456, 0.503715761546, 0.539611300537, -0.639822676771, 0.547217129321, 0.741801222102, 0.0539175476122, -0.668448834951,  
267, 713374.5468894951, 55.42976024873198, 110.24398507348327, 84.12478161468647, 18.363275376451654, -0.548972535503, 0.363912857998, -0.752460355798, 0.824245750452, 0.385126760071, -0.415085920671, -0.138737515205, 0.848083020972, 0.511377640706,  
285, 773396.918896355, 56.94268517253286, 98.80503301129264, 52.90652660425057, 35.32039162630797, -0.0293851305123, 0.264553965894, 0.963923084709, -0.751697336185, -0.641481444353, 0.153142650242, 0.658853268093, -0.720078298298, 0.217714527404,  
414, 1212407.451541915, 66.14849930000504, 119.1371703382138, 82.39091837926418, 29.487188290252114, -0.472927095065, 0.750103185237, 0.462260937405, 0.868566612318, 0.485067436122, 0.101496908234, 0.148094573569, -0.449505054378, 0.880916115966,  
415, 1837901.3577544305, 75.98791526473578, 118.9138485263683, 102.33771514498109, 36.05499486456456, 0.13324838782, 0.902141444869, 0.410348243074, -0.980230946821, 0.0588597669742, 0.188898964332, 0.146260582651, -0.427406529292, 0.892149931727,  
481, 1163165.371723013, 65.24055071315858, 140.68255472371544, 71.82399021958469, 27.481667446125005, 0.666512979225, -0.717524213838, 0.202285568149, -0.402445740123, -0.11790048478, 0.907819862057, -0.62753316628, -0.686482686049, -0.367346766657,  
494, 1180508.9590299227, 65.56321262215002, 102.7562457609722, 70.92858537672743, 38.66795024024784, 0.160221301175, -0.798694879279, 0.580013469209, 0.952097911676, -0.0300016848689, -0.304318033458, 0.260458636318, 0.600987844069, 0.75562881764,  
502, 1739118.364429294, 74.60137702281402, 112.66709244426289, 86.96843260386038, 42.372276925670796, 0.00347821558209, -0.755856507795, 0.654728066941, -0.882903646276, -0.30974681149, -0.352899510009, 0.469541322366, -0.576834337047, -0.668425832979,  
536, 2212931.15705888, 80.8400235572754, 134.4911735836672, 84.85797071441709, 46.29060629431145, -0.0282199375522, -0.826259689241, 0.562582048291, -0.146358532346, -0.553325458551, -0.820006168836, 0.988829012081, -0.105479205789, -0.105315345568,  
564, 605279.9257580435, 52.47541563492754, 98.5488214143603, 62.12246750629747, 23.603017535867345, 0.726859486161, 0.0724440231607, -0.682954720963, 0.209996119051, 0.923351479571, 0.321440002423, 0.653893659062, -0.377059555883, 0.655933818275,  
586, 403504.0124528828, 45.840894427242155, 100.16015474751312, 55.73085308947682, 17.257129994611535, -0.390070761119, -0.420980898558, -0.81891384429, -0.919800658189, 0.137038937047, 0.367677955455, 0.0425623133123, -0.896657912909, 0.440673390055,  
594, 578621.0974737724, 51.69341437343561, 112.93459982330559, 94.25572060983218, 12.976898865718297, -0.90814123725, 0.0463695445523, 0.416088161985, 0.0752950460069, 0.995732006882, 0.0533706522155, 0.411837527737, -0.0797974674354, 0.907756693689,  
620, 1151953.198533328, 65.0302477473263, 128.08145571215192, 95.56440854830575, 22.46796788602294, 0.155287374845, -0.493271473324, 0.855902497261, -0.442764257126, -0.809267866593, -0.386063897187, 0.883088695333, -0.319012184256, -0.344072059997,  
664, 1048428.7221380865, 63.02073059365199, 95.87532365140409, 75.92607978270517, 34.38368985909654, -0.639534386753, 0.638180026009, -0.4286280702, -0.260465607606, 0.344702892884, 0.901852306584, -0.723293464242, -0.688408432575, 0.054225404976,  
697, 1685232.903211287, 73.82278755982033, 114.98106142734609, 98.27944875666638, 35.60264757277206, -0.590970790276, 0.404544936676, 0.697923290377, 0.497525699986, -0.498243783447, 0.710085424516, -0.634997403848, -0.766874518071, -0.0931760196577,  
722, 1952769.5585752905, 77.53910711411515, 123.42032084952751, 63.31532642730654, 59.65774942298677, -0.395023249657, -0.600713441597, 0.695053949931, -0.205142730537, 0.795161728275, 0.570643747003, -0.89547366926, 0.0828322821784, -0.437339365586,  
734, 889093.3181098393, 59.65125415058667, 123.6893343468755, 73.33471157271056, 23.400055987974707, 0.763605315055, -0.5732130321, -0.29720993027, -0.552476942256, -0.341808435535, -0.760221166288, -0.334179818503, -0.744710556678, 0.577693721341,  
741, 538215.5139633954, 50.461001717758194, 101.74711735693852, 51.176331928858296, 24.67608936253313, -0.98905346975, -0.128912805546, 0.0717963964386, 0.0462956813221, 0.190894680324, 0.980518195096, -0.140106901565, 0.973108786103, -0.182836939767,  
777, 1331869.216028325, 68.25340527311201, 122.23026412898412, 70.2385101040568, 37.035561270663365, 0.217141065663, 0.95017350023, 0.223651686922, -0.549682085632, -0.0703147549236, 0.832409418481, 0.806659384337, -0.303687593919, 0.507025130503,  
778, 872733.4559334966, 59.28311361109516, 104.83145364414693, 62.708273249038086, 31.69396437557649, 0.209483476426, 0.965896496139, -0.152186174967, -0.397393821415, 0.226305227643, 0.889305400098, 0.893417496922, -0.12581694118, 0.431248505512,  
779, 1324076.902537895, 68.12003568570454, 107.70676133900338, 75.12333145325672, 39.06670599113446, -0.891789390422, 0.324794486035, 0.3149924205, 0.416401722738, 0.316851702047, 0.852182259972, -0.176978214568, -0.891130484694, 0.417809969744,  
822, 1340135.0840239825, 68.39431263128577, 118.71632773276627, 61.46535021034207, 43.84490699141441, -0.365056865145, -0.544245469807, -0.755334597252, 0.0397049412966, -0.819691573563, 0.571427372347, -0.930138163311, 0.178612969364, 0.32084327066,  
850, 612446.3253840813, 52.68170328798409, 139.1107538447375, 111.46590227815776, 9.429239873719524, 0.603171014687, 0.75049880832, 0.27006715045, -0.470610417935, 0.0614878052546, 0.880196048807, -0.643980249365, 0.658005158426, -0.39028021973,  
855, 1096978.3407412446, 63.97885760708601, 103.9233206399119, 66.43955673974123, 37.928852338271696, -0.955793203893, -0.0721387391922, 0.285053247129, 0.137757718344, 0.746603615138, 0.650850100177, -0.259773290443, 0.661346387433, -0.703660993236,  
868, 3226806.634282124, 91.67018559572276, 110.22826245996538, 89.77898029778804, 77.8424868226695, 0.505954417037, -0.75052862191, 0.425108122216, 0.298489962626, 0.614739955561, 0.730067482668, -0.809267489828, -0.242490360079, 0.535055656149,  
879, 2051566.320273816, 78.82530330462616, 106.04545788965372, 82.46219199398907, 56.007992294854134, 0.0993511415989, -0.473211716257, 0.875328522476, -0.798384037617, -0.562945944111, -0.213716617244, 0.593895848732, -0.677615330114, -0.433734002879,  
930, 540025.5012455905, 50.51750422556275, 135.31221109312693, 36.385719247653235, 26.18530907738915, 0.153584202048, 0.947458526272, 0.280596211444, 0.666259354099, -0.308999556384, 0.678688254819, 0.729733078568, 0.0827140565433, -0.67871055605,  
947, 1251809.6060507419, 66.85746262103467, 126.85305823278615, 87.01463854527465, 27.07424834347179, 0.864020425171, 0.360785079838, -0.35114502852, -0.285290685445, 0.925539843377, 0.248968317504, 0.414822769007, -0.114935305667, 0.902613951712,  
994, 719430.3822847804, 55.58616621899101, 132.87262113451195, 46.315935194970606, 27.90835414808432, 0.263894949276, 0.964515843528, -0.00828512706855, 0.869045249652, -0.241482941443, -0.43179432957, 0.418473188871, -0.106748192378, 0.901934040615,  
995, 965494.6533824708, 61.313167755833874, 129.96334082074426, 60.35820870230743, 29.383535818428417, -0.751788438782, -0.335460876382, -0.567697228926, -0.623112169793, 0.643086910017, 0.445163396991, -0.215743753487, -0.688407747329, 0.692495058646,  
997, 3058462.6063822717, 90.04747138027105, 127.88618131693015, 88.41228707803717, 64.57706773875883, -0.34091633746, -0.190849301105, 0.920517569154, -0.934988614474, 0.170739727516, -0.310876561117, 0.0978383445121, 0.9666563452, 0.236649886177,  
1011, 2636311.247604243, 85.69773778536643, 128.43469683437817, 79.93753216776135, 61.30204629216475, 0.26043185985, 0.8222152232, -0.506100161147, 0.475238048218, 0.347122476793, 0.808489198216, 0.840430868008, -0.451074398346, -0.300346205662,  
1078, 1014924.7180270136, 62.34214488526575, 109.41022210093764, 76.99160272380378, 28.76364766871547, -0.862828977437, 0.270500151864, 0.427031408138, 0.498279397756, 0.597359440597, 0.628394255624, 0.0851105015058, -0.754977725877, 0.650203688057,  
1106, 202847.08184560938, 36.44965189312119, 97.9480233567436, 69.47242191622581, 7.1165915330378215, -0.953360400207, -0.240438998015, -0.182463792436, -0.274354227617, 0.438280239743, 0.855944033941, 0.125832051185, -0.866082859595, 0.483804480354,  
1125, 3003935.208954495, 89.50912616069292, 123.2934178867614, 98.50604883961743, 59.04717988468564, 0.898474966655, 0.0532251408744, -0.435786436999, 0.231488587976, 0.785989968382, 0.573265037517, -0.373035880219, 0.615943872428, -0.693871297928,  
1126, 1496931.5287202108, 70.963949058782, 95.36411435191184, 88.75153231256662, 42.22333049060007, -0.0967230785024, -0.938267809564, -0.33211167342, -0.994998127678, 0.0995212480734, 0.00861667567663, 0.0249674188256, 0.33128392463, -0.943200715266,  
1152, 648381.2319991982, 53.69253909097782, 118.26505852795636, 106.3360109688009, 12.308496614836882, -0.700897797139, 0.701520911105, 0.128882462921, 0.460896306814, 0.307548645534, 0.832459263265, -0.544349953919, -0.642870315004, 0.538888565248,  
1208, 1399870.4658840455, 69.39578303936342, 114.67763056165285, 62.4851037634741, 46.63844213550333, -0.69009219848, -0.681971026322, 0.242256634284, -0.670200451799, 0.728524047872, 0.141718263048, 0.273137533132, 0.0645618380365, 0.959806051796,  
1273, 625286.747197969, 53.047331042766274, 111.78330161189939, 55.306376928271646, 24.145626190681657, 0.778267316462, 0.325765849218, 0.536820822631, -0.254600578219, -0.617770019276, 0.744001847346, 0.574002203565, -0.715707213018, -0.397850041518,  
1287, 2185766.8503752514, 80.50788333867979, 120.89519413481045, 74.66026531349975, 57.811822409543794, 0.0390117230935, 0.794438973087, 0.606089765218, -0.95102085676, -0.156624500606, 0.266510967536, -0.306655206165, 0.586801059858, -0.749417841182,  
1302, 2884063.7394852564, 88.30231340440642, 148.68011425281645, 113.1629096976247, 40.922226342627496, -0.609374099117, -0.702388927315, -0.367849156734, -0.772142884195, 0.420285590721, 0.476608212916, 0.180162631285, -0.574464809207, 0.798455765382,  
1314, 562534.9859746956, 51.2098664050682, 77.36802754673263, 57.95936040086357, 29.94855131998454, -0.71479608904, 0.590513457725, 0.37464704368, 0.686500044585, 0.694652755654, 0.2148842429, 0.133357564004, -0.410793628611, 0.901922588039,  
1316, 1212625.5573777873, 66.1524656532479, 116.87843568743978, 101.01921160243963, 24.5188300185623, -0.836770946634, -0.500253855955, 0.222621792447, 0.207981273996, 0.0857227521646, 0.974369231569, 0.506515717957, -0.861625028283, -0.0323131258059,  
1355, 414319.60850029456, 46.24686444878945, 101.23016582582905, 37.77136451543277, 25.86867923885827, -0.779967040441, 0.472522572864, -0.410333807966, 0.133542157672, 0.766237472397, 0.628527348665, 0.611406499762, 0.435433753893, -0.660741657549,  
1380, 1726549.9075779547, 74.42122980390316, 101.76032329834457, 96.84107212368487, 41.82659010244919, -0.0226381600818, -0.999734015753, -0.00440584322866, -0.142707639327, 0.00759327866656, -0.989735758572, 0.989505959247, -0.0217770490549, -0.142841579201,  
1400, 1945601.904861136, 77.444121533806, 124.3840719490992, 113.37856258511641, 32.93590919455738, -0.628094715157, -0.224220981753, 0.745132189705, 0.672242363009, 0.325923322734, 0.66472866124, -0.391902072167, 0.918421983099, -0.0539798739457,  
1405, 1382092.9520272205, 69.1007690755436, 111.6867651038562, 77.28715645055708, 38.22430535254087, 0.225545877329, -0.668832608391, 0.708372782631, -0.896568928534, -0.426983576316, -0.117682547324, 0.381173469182, -0.608562213343, -0.695958920399,  
1419, 1564554.9845120492, 72.01684207895077, 100.62338649665418, 89.42131430347027, 41.51090893882553, 0.116255783899, 0.938276102156, 0.32576456043, -0.735727887619, -0.138983428654, 0.662863546999, 0.667224900682, -0.316735793181, 0.674158267195,  
1420, 2375198.268710717, 82.76951674975342, 115.44377837778339, 78.24620064262129, 62.77366239640432, 0.833805584675, 0.283221676393, 0.473871004584, -0.202454728892, -0.641694015225, 0.739757307212, 0.513595492303, -0.712751199821, -0.477708485836,  
1443, 1832471.4980047592, 75.91300904656484, 103.45303079573776, 66.21913107830578, 63.85897200042343, -0.907654100228, 0.0118977966374, -0.419550326867, -0.229355137743, 0.823095885862, 0.519528039154, 0.351511386914, 0.567777777931, -0.744357534897,  
1449, 1228913.8670267072, 66.44734179904252, 129.67165503548927, 86.54494220836004, 26.142438159440385, 0.0885167677, 0.895236573795, 0.436710726655, -0.851308242191, -0.159632973048, 0.499791547241, 0.517145104022, -0.41601537334, 0.74799207919,  
1454, 476601.61303547805, 48.456900656291644, 96.34108319964643, 88.57102563906759, 13.334099755000201, -0.044367127997, 0.998224704141, -0.0397366077446, 0.994424676978, 0.0479370655404, 0.0939233707007, 0.0956614852995, -0.0353479531109, -0.99478610889,  
1458, 1642782.133767343, 73.19764700737349, 156.40964531592647, 61.19123196490413, 40.97685599905617, 0.87410934569, 0.456229066204, -0.166697003358, 0.383990214942, -0.438882506456, 0.812363010209, -0.297463218914, 0.774104117466, 0.558818797747,  
1473, 1728549.908384563, 74.44995473560598, 101.47742104352652, 89.94827958662492, 45.20963819872249, 0.0487682081223, 0.116696504321, 0.991969549813, 0.994485934379, -0.0979878546465, -0.0373645107618, 0.0928406602692, 0.988321964858, -0.120831724227,  
1484, 1769692.0574411445, 75.03600393054737, 104.56098394356835, 80.70525495262784, 50.06539157095113, 0.374797157624, -0.114243662361, 0.920041018785, -0.858098937322, 0.332952925917, 0.39090735845, 0.350989037442, 0.935997187353, -0.0267574449882,  
1495, 485897.53549195523, 48.76991840568356, 110.89507425157747, 54.957772314915786, 19.033327062722517, 0.0781751604416, 0.558898662798, -0.82554280871, -0.958756591184, 0.26912770827, 0.0914115720439, -0.273266249566, -0.784348494844, -0.556886878535,  
1525, 1787615.868449198, 75.28848023830845, 134.05874873732395, 77.81940301486786, 40.907461992237714, 0.389703013756, -0.262332552999, -0.882787172939, 0.692628177132, 0.715246552448, 0.0932125391444, -0.606957798625, 0.647768477813, -0.460432655054,  
1542, 2131226.9966659187, 79.83261706529944, 118.39188733373491, 86.94875052741878, 49.426039299977994, -0.118247967695, -0.640252114909, 0.759008990388, 0.928140126522, -0.342955324076, -0.1446981383, 0.352949463345, 0.687356439587, 0.63479744902,  
1572, 1228338.2316679764, 66.43696531561481, 90.43770310356359, 74.3219835910334, 43.62772270806765, -0.995039340786, 0.0803038003856, 0.0587197575989, 0.0679705970652, 0.117792807034, 0.990709267417, 0.0726409541749, 0.989785913344, -0.122666774319,  
1589, 1054316.0766214184, 63.13847283822627, 94.95181963306138, 57.04096046339929, 46.47207860756911, -0.77031578624, 0.0769018208791, 0.633008451299, 0.591138023482, 0.458350094402, 0.663679913931, 0.239101289548, -0.885438479459, 0.398533903739,  
1604, 1572227.1467562043, 72.13436734108417, 123.61920787756756, 83.84160899225715, 36.21438554072397, 0.165337573808, 0.977344995962, -0.132137222446, -0.682817820351, 0.210114979689, 0.699722458923, 0.711634253601, -0.0254647634794, 0.702088480836,  
1608, 1843256.236058661, 76.06164274212883, 103.44875370464372, 71.6610787771766, 59.359262706234325, -0.107837402503, -0.648638257986, -0.753418545629, -0.986401289101, 0.164354491951, -0.000312785648544, -0.124030607031, -0.74313929465, 0.657541175339,  
1628, 1926199.300967268, 77.18582264207734, 116.48120978735793, 68.02231286988551, 58.03705201856884, 0.251150373813, 0.33451146877, 0.908309180288, 0.487257934747, -0.854511722505, 0.179970611845, 0.836363075919, 0.397381168858, -0.377604305957,  
1636, 2463118.96830171, 83.77843816745228, 107.0209747620222, 86.43196844697248, 63.570184688084396, 0.843797640303, -0.446346219287, -0.297960726853, 0.229441256616, -0.201869692331, 0.95215825212, -0.485141476253, -0.871793369926, -0.0679269325984,  
1649, 2715022.8100369163, 86.54227170800007, 134.07712010497877, 78.95654443169988, 61.22687127594328, -0.805332239981, -0.515294555675, 0.293106642945, -0.0650300711197, 0.568228935346, 0.820296877287, -0.589246190566, 0.641550775798, -0.491122722927,  
1650, 1028595.9758857901, 62.62081811674869, 130.1075278584122, 57.070164840636394, 33.070796861647324, 0.0866400078305, -0.836230888364, -0.541489991034, -0.890256348976, -0.308942711984, 0.334661073058, 0.447143312766, -0.453069864434, 0.771226656561,  
1661, 1436237.9390391572, 69.9916011134842, 150.96519767569234, 69.51393558616678, 32.67300417323942, -0.504257936951, 0.801896016011, 0.320447675179, 0.863533956796, 0.470713864673, 0.180935245502, 0.00574791108513, -0.367955482512, 0.929825641939,  
1663, 2193006.4869454564, 80.59667071328309, 131.40602628401518, 84.31424084394257, 47.253620659310045, 0.733111980755, 0.450203307018, 0.509768384684, 0.420962995516, -0.889080340945, 0.179795171659, 0.534169430125, 0.0827836318103, -0.841314382514,  
1670, 3540172.9839626155, 94.54646407978703, 139.3684685477104, 90.34141552931958, 67.12502420662746, 0.789827802169, 0.453727635504, 0.412678174491, -0.289581579649, -0.317255603967, 0.903045619268, 0.540661217075, -0.83275453438, -0.119186130987,  
1688, 1653250.0350787507, 73.3527911351957, 141.48736433884835, 83.86321702261336, 33.2629495184897, -0.888037414237, -0.313661460078, 0.336163709192, -0.44710054366, 0.759600781214, -0.472342838454, 0.107194471751, 0.569757090032, 0.814792122927,  
1692, 480763.1395778381, 48.59752864708643, 120.2308014731395, 103.7600226136588, 9.200189090056263, -0.829317496043, 0.299074108676, -0.472003356214, 0.556981087918, 0.374765265241, -0.741163317812, 0.0447722956721, 0.877556649732, 0.477378013792,  
1711, 2424342.7976455623, 83.33647751652924, 113.30697528554539, 77.53415682649353, 65.88032066109635, -0.95201060233, -0.253979031496, 0.170793631651, -0.292809353467, 0.918230607916, -0.266674395486, 0.0890982355283, 0.303886824733, 0.948532710126,  
1727, 1514586.8465647097, 71.2418503080194, 101.93981137149368, 68.92758018930613, 51.45987343795281, 0.642487941337, -0.326584157013, -0.6932186045, -0.596513852648, 0.354708028683, -0.719967664543, -0.48102023745, -0.876085043118, -0.0330836574106,  
1762, 694178.4454411671, 54.92804877583749, 83.83450365387465, 58.79463504407916, 33.62188194214989, -0.412906567397, 0.176123696316, -0.893581898987, -0.901735151879, -0.216932938476, 0.373916857162, 0.127991728118, -0.960166935382, -0.248389963028,  
1765, 950858.9726476207, 61.00177890720362, 130.87876542015528, 65.6347949958908, 26.425558629816116, -0.913089732314, -0.369090236464, 0.173319179812, 0.00972666952349, 0.405217054497, 0.914168764859, -0.407642653121, 0.836403931179, -0.366409513066,  
1776, 2859352.856030146, 88.04939597757567, 114.70927210551885, 97.93792362997264, 60.761673515900476, 0.059029370993, 0.0630268428328, 0.99626459861, -0.929933046949, -0.359396887, 0.0778357617512, 0.362960137691, -0.931053969809, 0.0373957718186,  
1782, 662163.7380543204, 54.07031855080622, 92.48116892841126, 65.96863059314761, 25.911109237975158, 0.57733588518, 0.796404913413, 0.180062460207, 0.56674951016, -0.54962165579, 0.613767894419, 0.587773994335, -0.252299919499, -0.768678399725,  
1784, 899707.6355972139, 59.88769513906825, 103.02049678623023, 55.83788264636462, 37.33878788532569, -0.405986240554, -0.620355081031, -0.671069851744, -0.913376922598, 0.299780208645, 0.275453124452, -0.0302947148318, -0.724769894479, 0.688324654731,  
1796, 1656721.89341299, 73.404102679221, 94.23709478105667, 88.3746616646842, 47.49100379219909, 0.474455085135, -0.624266010198, 0.62063219438, 0.635935676727, 0.730572500563, 0.248695871472, -0.608669193615, 0.27668713366, 0.743616865605,  
1799, 604116.727453814, 52.44177915561619, 105.7299943633684, 65.43112951603077, 20.84729084235106, 0.381953478134, -0.599658893389, -0.703221694859, -0.849960935587, 0.0708393222061, -0.522061489104, -0.362874563061, -0.797114171251, 0.482629308553,  
1800, 1489066.2565456126, 70.83944298668794, 113.17094686028308, 80.34929635166793, 39.093844902053696, -0.0859723625759, 0.818895636609, 0.567466905833, 0.239199398034, -0.535950647198, 0.809654587925, 0.967156864657, 0.205345660074, -0.149802399965,  
1815, 1430085.2459814472, 69.89151248874366, 108.04891916725288, 87.34970369448146, 36.1735768304708, 0.632333451889, 0.676436178192, -0.377608927933, 0.366944551373, 0.167757948976, 0.914991238632, -0.682280075805, 0.717141107027, 0.142135606981,  
1826, 2525382.9963492, 84.47850394950694, 131.50106317300725, 84.25958749440949, 54.41141874022351, -0.0451474674682, 0.892901317555, 0.44798319532, -0.979454375008, 0.0486650793047, -0.195705997185, 0.196547280468, 0.447614730727, -0.872358996845,  
1828, 3115831.794098244, 90.60700986369716, 109.18255486400025, 96.28708431840266, 70.75613579082945, 0.773230041373, 0.351113707078, -0.528047789333, -0.485953148391, 0.863067056016, -0.137712724134, -0.407387825893, -0.363090101107, -0.837974186829,  
1829, 1675026.6958059024, 73.67345570803674, 131.62818806856433, 68.89763125826143, 44.094043865408125, -0.114405743364, -0.398689599732, 0.909921935636, -0.0690208952606, 0.916912517131, 0.39307448651, -0.991033522088, -0.0178336477882, -0.132417971227,  
1841, 609851.9173999694, 52.60720898707659, 145.93129872808365, 52.01727953909304, 19.17960689162653, -0.203324024134, -0.973201013879, 0.107420332315, -0.974208873084, 0.212050075412, 0.0771481504798, 0.097859147834, 0.0889637684806, 0.991215937666,  
1844, 1956848.3483968242, 77.59305541158876, 105.48956728743983, 97.1628754959515, 45.578359626163774, 0.164747279575, 0.515947146044, 0.840628857678, -0.406565548642, -0.740979893515, 0.534465389023, 0.898644973574, -0.429822451595, 0.0876919128251,  
1851, 3893185.817578228, 97.59004264347166, 127.69651103699914, 90.15744306207972, 80.73017716354687, -0.527763981353, 0.407080249271, 0.745486988914, 0.786716893744, -0.096610045664, 0.609707329933, -0.320221343892, -0.908268776151, 0.269269606873,  
1896, 3386717.8251346364, 93.16014048009589, 105.7983861796265, 98.90088263171646, 77.27005007484343, 0.593155369615, -0.80508133834, -0.00327813267264, 0.0082318110116, 0.00199324929779, 0.999964131479, 0.805045927128, 0.593161078978, -0.00780958395015,  
1912, 2435223.2098995745, 83.46096240551337, 106.63685227578843, 97.49932598822247, 55.916661575066286, -0.13080123074, 0.978236755039, 0.161071068563, 0.960271177, 0.0846120616334, 0.265932445649, 0.246516337511, 0.189456195774, -0.950439921943,  
1915, 1183654.6740735238, 65.62139663975117, 114.16632274507089, 69.2131431846741, 35.761013856372166, -0.206226000635, 0.540613521225, 0.815602757064, 0.978254577537, 0.132741954191, 0.159366104066, 0.0221092331335, -0.830732564829, 0.556232494146,  
1916, 1944742.1651802815, 77.43271262330867, 117.8173318917266, 87.84557166587142, 44.858460444574284, -0.512279920438, -0.185335016131, 0.838582264845, -0.843405425382, -0.0755933246558, -0.531933207935, -0.16197707107, 0.979763533238, 0.117587615778,  
1926, 463014.4916266655, 47.99197892567187, 147.96857525962622, 72.45778990932513, 10.309827511034715, -0.437335073725, -0.896433920683, -0.0717234908447, 0.224669365328, -0.186136130584, 0.956492037173, -0.870782240043, 0.402193444427, 0.28280509841,  
1940, 2499471.739099661, 84.18858440757873, 116.27887237922752, 84.89541939201217, 60.4469721790883, 0.440695796995, 0.256841804246, -0.860127608034, 0.796295897146, 0.330455140979, 0.506667784637, -0.414367057933, 0.908202448462, 0.058891883212,  
1949, 2622950.0627615466, 85.55271657321478, 106.19575465448494, 80.68173537904072, 73.0834476577198, -0.576515121007, -0.248074338444, -0.778517461497, -0.0606284220176, -0.937182629573, 0.343530076223, -0.814834038129, 0.245250568667, 0.525259601411,  
1963, 1188197.2557194468, 65.70523585293361, 109.49961285303672, 76.08056019926373, 34.04972825583287, 0.870173742507, -0.310063160958, -0.382960172952, -0.387862894317, 0.0483357427059, -0.920448820516, -0.303907935176, -0.949486436024, 0.078201500903,  
1969, 1473713.8900036067, 70.59514845508508, 113.02424182498372, 80.14752677864085, 38.83853499806648, 0.778272243769, -0.160229717679, -0.607139812688, -0.179938891928, -0.983255151231, 0.0288323212557, -0.601593143038, 0.0868086697835, -0.794071750599,  
1977, 1572372.2746386377, 72.13658677990351, 101.73984376580023, 66.32708064960067, 55.62689502329288, 0.543107903352, -0.836937294797, -0.0676000731793, -0.697654754085, -0.404990100593, -0.590982962972, -0.467238321864, -0.368129030367, 0.803846606998,  
1978, 3308744.45209401, 92.43963151223379, 114.46112295042381, 85.83519662445634, 80.39910387178503, -0.262332726012, 0.421504169776, 0.868052864591, 0.142299644918, -0.872825574531, 0.466825799952, 0.954427761499, 0.245987299075, 0.168990818609,  
1986, 1883047.472926978, 76.6050769636323, 107.27462127207521, 92.85733198081172, 45.12939054725465, -0.508741841659, -0.462086270367, 0.726400727755, 0.793705349436, 0.0750947292115, 0.603649401492, -0.333486966494, 0.883649851685, 0.328556513853,  
2006, 390086.0718206644, 45.3270315499188, 104.51001447662529, 70.25457092565982, 12.6835066524087, -0.954772700527, 0.287802060129, -0.0746931356589, -0.107688893491, -0.100556852522, 0.989086154806, 0.277150126371, 0.952396080208, 0.127002023039,  
2010, 742222.8297659608, 56.16708688943616, 105.33926192107332, 57.77459248321661, 29.1151168421029, 0.840540280991, -0.502049971591, -0.203562919161, -0.377398477714, -0.273061275355, -0.884877352473, -0.38866749935, -0.820599394301, 0.41899189613,  
2011, 813461.038157764, 57.90944229830651, 104.66371296990518, 66.11483315192456, 28.06422823708954, -0.335324400255, -0.614456747931, 0.714143158979, -0.941602836491, 0.193898062627, -0.275295549584, -0.0306862331529, 0.764752539212, 0.643592968314,  
2019, 1409146.3635597583, 69.54872376205827, 108.33100006873057, 98.1794487550813, 31.62963302774246, 0.354658900415, -0.909312308358, -0.217642344744, 0.101277947135, -0.194042927104, 0.975751054247, 0.929494401156, 0.368101165863, -0.023274232735,  
2026, 4249938.198380317, 100.48425149173421, 129.38955302962998, 96.95023343118334, 80.8808922658847, 0.732669272794, 0.359447176087, 0.577921676619, 0.596441860457, -0.748105358291, -0.290853021286, -0.327800005794, -0.557795751596, 0.762503151274,  
2049, 440419.7769780505, 47.198268635056344, 77.56631242880725, 44.59315581186703, 30.39742881890738, 0.295512986851, -0.151220538823, 0.943294452035, -0.823507487185, 0.460186012881, 0.331759328578, 0.484259737282, 0.874849233975, -0.0114596972365,  
2062, 1296835.0699925995, 67.64962274794786, 114.59113820280204, 63.94697902123815, 42.24984029497627, 0.462572199137, -0.0140904251281, -0.886469638795, 0.601336221497, -0.729739318978, 0.325384810728, -0.651476560822, -0.68358027053, -0.32908403857,  
2065, 2468710.3587584742, 83.84178386229861, 95.79231503399032, 86.4353754781144, 71.18022198110897, 0.465771060158, 0.884793642669, -0.0140545156778, 0.793524257884, -0.424648999322, -0.435881267691, -0.39163321063, 0.191868281032, -0.89989443329,  
2075, 334312.01361008355, 43.05475524207643, 135.8339825866854, 69.09924920832488, 8.50318467414246, 0.836545766086, -0.124682852055, 0.533521665583, -0.397618147902, -0.80809669412, 0.434602739766, -0.376949585094, 0.575702978415, 0.725586032764,  
2082, 909989.5248910175, 60.11496444672124, 132.65064646496648, 73.32268792410662, 22.33572406110032, -0.29549704808, 0.646971449102, -0.702929184643, -0.0931652041158, 0.712764457523, 0.69518851604, 0.950790060591, 0.270914695315, -0.150344566062,  
2085, 263334.10992963286, 39.762422534026065, 121.91808138533455, 54.80018023867837, 9.409540190181776, -0.741047139543, 0.51224583533, 0.434112129711, 0.668488045303, 0.502151427366, 0.548605210768, -0.0630307088847, -0.696741091211, 0.714548096041,  
2092, 3791537.6358170104, 96.73320725095766, 119.25034406213999, 90.55940800150113, 83.81727675866077, 0.19152713352, 0.980697549139, 0.0393659019705, -0.616304405961, 0.0889534781368, 0.782467991626, 0.763862707768, -0.174125230336, 0.621445225134,  
2095, 1841037.1249572698, 76.03110674222964, 140.92224675977462, 77.48063106209473, 40.25327581076473, -0.490427694928, 0.841192759094, 0.227761757317, 0.0225182946264, -0.249030931614, 0.968233712234, 0.871190910453, 0.479977433998, 0.103189439371,  
2101, 510098.66081342794, 49.56653095119008, 106.95308965360569, 81.56958385254777, 13.958668467622587, 0.506658436974, 0.84480560835, 0.172048575534, 0.59256286691, -0.196275607627, -0.78124588614, -0.626231967407, 0.49777441673, -0.600045125842,  
2106, 1808257.947330661, 75.57716398113799, 106.10720938024257, 75.0437425516507, 54.21411786097493, 0.328063492749, 0.466078902548, -0.821671954812, 0.81440712672, 0.301191764861, 0.496008621626, -0.478659980229, 0.831897816669, 0.280767957482,  
2113, 2568339.9829366296, 84.95480899939568, 113.93216446409004, 96.1519580212113, 55.97053043853892, -0.831164073202, 0.294349420638, 0.471725239932, 0.267769905626, -0.531633508923, 0.803532880367, -0.487304382352, -0.794181484775, -0.363056756142,  
2114, 1601629.6516631832, 72.581258971296, 124.2315292329063, 83.99402444558375, 36.64318959363509, -0.966140078302, -0.255457002306, -0.0362638810799, 0.15242335302, -0.678480794596, 0.718631291288, -0.208183742286, 0.688771029688, 0.694445100861,  
2132, 1125871.5556341496, 64.53570805264049, 93.54807468645261, 86.68254705419719, 33.146197984031666, 0.839984297262, -0.42898176822, 0.33226649378, -0.0760033529808, 0.513293296853, 0.854841202646, 0.537261454684, 0.743306554486, -0.398554256494,  
2141, 1804581.7169008688, 75.52591252338148, 128.84709244933666, 89.18080643290948, 37.492286385747214, 0.389585900193, -0.882850857822, 0.262292182906, -0.704654987467, -0.102350929054, 0.702129358424, 0.593029657782, 0.458365193011, 0.661979738985,  
2147, 548510.6109004436, 50.780714592794766, 145.6508197667749, 50.80482587258661, 17.696139106819988, -0.842323866021, -0.474015519489, -0.256514701362, -0.212987805607, -0.144447088551, 0.966318391252, -0.495102716003, 0.868587546476, 0.0207117047437,  
2148, 3345826.1508128014, 92.78367866350118, 108.06403049639282, 88.16067093538267, 83.8414370947004, -0.329248122107, 0.396405481933, 0.85700546555, -0.00889919774389, -0.908873111219, 0.41697778356, 0.944201503054, 0.129662491092, 0.302772455873,  
2154, 1294094.3616132806, 67.60193262955309, 105.33488556694405, 72.85555693292076, 40.25709434937516, 0.189733104165, 0.620565299423, 0.760854820801, -0.496251873003, -0.608050032175, 0.61968478835, 0.847192674499, -0.495150348403, 0.192589472068,  
2157, 1255258.9310607049, 66.91881423674063, 138.17899266553147, 72.63092886891307, 29.859400919402795, 0.801613489451, -0.275199159265, -0.530736503615, 0.292097902963, -0.594290049997, 0.749331803382, -0.52162690557, -0.755701501398, -0.396005823405,  
2158, 1860099.929952877, 76.29262460982994, 110.36102834263872, 79.22982141539984, 50.7859114964832, 0.548676670123, -0.134408683615, 0.825159510296, -0.241602486883, -0.97037185773, 0.00258767420716, 0.800363761045, -0.20078038623, -0.5648938719,  
2162, 2379249.3223940525, 82.8165462704951, 137.11313650285734, 93.49860811529831, 44.30646832298286, 0.301351772299, -0.722796118814, 0.621894589106, 0.69708972775, 0.612006888041, 0.373515033775, -0.650578988899, 0.320956912401, 0.688283110054,  
2165, 1947333.3184474849, 77.46708752839044, 136.96484554608898, 77.17138625985578, 43.98314411592066, -0.969788307616, -0.203256581947, 0.134897740186, -0.142984571843, 0.921637649975, 0.360748464118, -0.197651336011, 0.330561346869, -0.922855972148,  
2166, 1310643.7392729877, 67.88888605330104, 81.8224094875696, 70.1390534363909, 54.52100881434369, 0.613759933734, -0.428469972924, 0.663108004811, -0.702465354251, 0.0869698001133, 0.706384229683, 0.360334802398, 0.899360737508, 0.247606732562,  
2179, 1892467.9198858615, 76.73261029917352, 113.17583731058522, 76.14464236173411, 52.42601525799366, 0.372083519275, -0.309193451839, -0.87518755934, 0.439380054155, -0.771884638674, 0.45949893644, -0.817617895288, -0.555511938593, -0.151352117219,  
2182, 410812.2984769465, 46.1159977256356, 117.13635342044829, 43.04264756536058, 19.451995049635997, 0.689132407375, -0.437319339786, -0.577796088733, -0.45712074735, -0.881047469834, 0.121638720158, -0.56226074685, 0.180297395845, -0.807066107332,  
2183, 1401049.687791879, 69.4152634275524, 129.90903098881418, 80.91230999222915, 31.82079200920195, 0.416868072802, 0.359676105537, -0.834777880028, -0.812481172752, 0.559212867486, -0.164788691244, -0.407547977301, -0.746936455091, -0.525348054393,  
2193, 867812.2788278813, 59.17147479620387, 117.03849596770621, 51.5230413530343, 34.35634523979808, 0.812203247997, 0.437368346498, 0.386050273184, 0.48636201763, -0.873091967098, -0.0340940580686, -0.32214573061, -0.215451494473, 0.921847482927,  
2195, 1405801.627449517, 69.49365344271072, 98.98296536159918, 87.75021231392218, 38.63908167705957, -0.263526891262, 0.215546393948, -0.940262372765, -0.164380979701, -0.970494646278, -0.176405881584, 0.950543250512, -0.108073556437, -0.291183164528,  
2197, 1904087.4623373032, 76.88933321143979, 137.07670217891638, 63.93565186282691, 51.86704897733796, -0.222581521672, 0.921208165335, -0.319112805026, -0.186763676989, 0.280970818228, 0.941368540085, 0.956857771651, 0.269129922947, 0.109509311963,  
2209, 1803469.667602644, 75.510395391736, 139.46175484879498, 67.53332678685324, 45.713762033774586, -0.506277469565, 0.0758171504114, 0.859031363522, 0.862351299458, 0.0378377863625, 0.50489458132, -0.00577582320221, -0.996403563636, 0.084537436912,  
2215, 3850491.063932222, 97.23198906864116, 116.13254035167515, 108.8223341577539, 72.73702722905156, -0.0223151440129, -0.991209308086, 0.130407599133, 0.569407362613, -0.119817154023, -0.813276770235, 0.821752572098, 0.0561066588371, 0.567075614962,  
2216, 2651662.3112455383, 85.86375336241407, 128.35612910680308, 93.93897964310186, 52.50094934867516, 0.0870855269844, -0.357597257446, 0.929806599491, -0.965458477095, -0.260375816114, -0.00971408193165, 0.245572881228, -0.896843707594, -0.367920268747,  
2220, 1599117.2244829694, 72.54328711297958, 125.8066579032331, 90.06029638994863, 33.694164720750265, -0.675122184988, 0.143692110844, 0.72357626593, 0.735017859916, 0.0473664606492, 0.676391280259, -0.0629188440904, -0.988488237505, 0.137594416208,  
2227, 1478240.3474347936, 70.66735137402502, 128.27594784644677, 58.84419944021718, 46.75279200454462, -0.177077416583, 0.940130649576, 0.291200876138, 0.981214331275, 0.145619177208, 0.126544424334, -0.0765638598634, -0.30813863269, 0.94825553434,  
2229, 1292068.2407217254, 67.56663349493748, 93.94930879671776, 71.5890518557164, 45.862385707062344, 0.694259712456, 0.521810437153, -0.495698819182, 0.58567358405, -0.809903545064, -0.0322908754804, 0.41831794679, 0.267899450114, 0.867893991235,  
2234, 2673897.3355064862, 86.10308386167588, 123.77339966618025, 88.9163702427674, 58.002548221605394, -0.954921145362, 0.275794048621, -0.109832822446, 0.285521133921, 0.751997217373, -0.594119404789, 0.0812606191554, 0.598696774509, 0.796843073614,  
2238, 1058764.8092687516, 63.22715340396928, 104.69963885833445, 61.689301523999184, 39.13414520000048, 0.0996987144505, 0.00997407912823, 0.994967679919, 0.604406082241, -0.79493843572, -0.052594402413, 0.790413470335, 0.606608111684, -0.0852827341984,  
2239, 1247042.6060776182, 66.77248832012162, 92.39303067268499, 79.12505879160487, 40.722968055769435, -0.701455517892, -0.357644966235, 0.616482144547, 0.444225514257, -0.89580193339, -0.0142333628543, -0.557336387563, -0.263873026779, -0.787240228162,  
2255, 1337504.2919729834, 68.34952881695241, 129.64695952913715, 77.31794014739933, 31.853999103855866, 0.394199824517, 0.232305419154, 0.889179785298, -0.873113143597, 0.396648281941, 0.283449429197, 0.286844795717, 0.888090272813, -0.359187597928,  
