# Void_ID, Void_Volume, r = (a*b*c)**(1/3.0), a, b, c, vector_a, vector_b, vector_c 

6, 566711.8002989996, 51.33629817964398, 128.3300518988398, 82.02930191987596, 12.852164064864002, -0.900808487051, -0.0629115914225, -0.429634962872, -0.432609840054, 0.215072343229, 0.875552747392, -0.0373201814853, -0.974569658281, 0.220955165614,  
14, 176982.76772352462, 34.829517467214025, 101.33570420560852, 24.272699259796752, 17.1775732167969, -0.167347614183, -0.689845585956, 0.704349234091, -0.016121521416, 0.716243309488, 0.697664402246, -0.985766134828, 0.105397291954, -0.130982969405,  
16, 1448118.9345819836, 70.18406861466204, 120.09360429126708, 95.13692750327357, 30.258446145293544, 0.926554277313, 0.20311795359, -0.316607435355, 0.313097142383, 0.0500653684698, 0.94840056849, -0.208488250566, 0.977873486607, 0.0172073695346,  
65, 475851.8487416051, 48.431477381000796, 101.38829899580124, 94.88330630775562, 11.808792869932223, -0.971153005611, -0.180480606731, -0.15584797171, -0.199321702579, 0.255649943475, 0.945998924567, 0.130891934715, -0.949773581963, 0.284248912807,  
70, 2895296.039772099, 88.4167992319564, 138.21680173726173, 93.46391598961736, 53.50563890387832, 0.590095486584, 0.807089244959, -0.0198561674196, 0.440484725496, -0.301249872718, 0.845707822355, 0.676580019892, -0.507794707396, -0.533276674742,  
77, 1046158.0904974542, 62.97520205167496, 109.36584459054417, 57.03509443008213, 40.03914847349195, 0.903439146112, 0.376820962941, -0.204459460923, -0.224920716181, 0.822610303395, 0.522228838902, 0.364977233133, -0.425814807912, 0.827933190938,  
82, 542345.4978304473, 50.5897434081011, 97.76284786839582, 65.52583365981452, 20.21161563916793, -0.928304510692, 0.238148358742, 0.28554525851, 0.362152923955, 0.405126105778, 0.839474894257, -0.0842377296686, -0.882699381243, 0.462326515846,  
88, 973887.1213339941, 61.49030839069226, 169.102961443316, 47.24970672542945, 29.098438413764452, -0.781379756308, -0.384061915247, 0.491876124333, -0.0798844477139, 0.843265283028, 0.531528115393, -0.618921765205, 0.376032056741, -0.689590995343,  
102, 880932.6346571395, 59.468186745788394, 108.79329036979358, 62.711979647004235, 30.824885163050695, 0.283023750519, -0.958875338653, -0.0213457622407, -0.872669570778, -0.248217801667, -0.42051842192, -0.39792634605, -0.137644498107, 0.907032863385,  
128, 971391.249484945, 61.43773445990966, 104.81738349175117, 75.44502274653853, 29.325246367870328, -0.709868101907, 0.448718042598, 0.542899066256, 0.0800223972758, -0.714424858959, 0.695121238948, 0.699774030548, 0.536888479247, 0.471239925114,  
131, 2435187.0198903196, 83.46054896388276, 134.26050345738057, 77.38809401159331, 55.95273100725461, 0.270819695379, -0.961204639729, 0.0523672909181, -0.885257113112, -0.270051802873, -0.378671186452, -0.378122382674, -0.0561930985842, 0.924048591467,  
138, 877637.9499415085, 59.39395719829322, 86.89932462661704, 78.85768902585784, 30.57499102185251, -0.462325321374, -0.820542322693, -0.336103546374, -0.88154282609, 0.384469996924, 0.273980048971, 0.0955904963137, -0.42295758432, 0.90109341296,  
168, 1885486.816216123, 76.63814135365196, 124.76700250132214, 74.43317149486847, 48.46950955687329, 0.624605621419, -0.766345064659, -0.150276610169, 0.460730520899, 0.206237658426, 0.86324586032, -0.630551508446, -0.608425237905, 0.48189576163,  
211, 1395731.5407891022, 69.32732254147396, 108.83767600385919, 94.25916764538728, 32.479581396176876, -0.45146262686, 0.405265821888, 0.794947237343, -0.752702096749, 0.305474244715, -0.5832024, -0.479187906878, -0.861652539847, 0.167134228918,  
249, 82339.0909333915, 26.988110905302978, 97.73136666560443, 34.86873774859986, 5.768292312205566, -0.763440325757, 0.643055161352, 0.0603235316109, 0.644900867468, 0.764089399016, 0.0164396304834, 0.035520981782, -0.0514533747162, 0.998043491078,  
258, 1540345.1607191996, 71.64344810984468, 120.07455165781128, 65.1505786203696, 47.00674597210638, 0.758565769212, 0.11019588238, -0.64221090094, -0.299136762963, 0.934491050125, -0.192986202306, 0.578874054371, 0.338501617046, 0.741836561807,  
302, 598777.1643237526, 52.28681724234222, 71.34299834251236, 54.38259673089127, 36.843876795309924, -0.908106501681, -0.231775921005, 0.348744181379, -0.386298250003, 0.142282071096, -0.911333898354, -0.161605209225, 0.962307505264, 0.218741906512,  
304, 1379746.3326995308, 69.06163879404242, 121.10581015504285, 92.51152516757293, 29.400168461796465, -0.783640126599, 0.524080453439, -0.33353834908, -0.519636434517, -0.258782913785, 0.814253878993, -0.340420516284, -0.811400691308, -0.475123973545,  
311, 618315.4339983112, 52.84945251162912, 88.92896539941245, 61.73212325466637, 26.88852774637263, 0.412241889313, 0.770891715743, -0.485574492013, 0.756108920501, 0.00786036871972, 0.654398590266, -0.508287246579, 0.636917716194, 0.579637729762,  
317, 638017.2404999952, 53.40491994174471, 120.80514994827335, 48.14748819942943, 26.18693805808528, 0.635209481425, -0.505274493108, -0.584128925257, 0.447581938845, -0.375540475412, 0.811566238422, -0.629427774035, -0.776960126353, -0.012395133367,  
326, 1592453.1096999287, 72.4423752062395, 122.6162232566214, 75.9376340230746, 40.82940462061983, 0.675732774169, 0.154276503801, 0.720821738219, 0.668262229562, 0.284537525938, -0.687360159504, 0.311144356295, -0.946169729334, -0.0891741713587,  
356, 1682116.2482691712, 73.77725040444517, 132.4181657242621, 100.61882987576786, 30.139813899557286, -0.332168251262, -0.190660877099, 0.923749253206, 0.511497815039, 0.786436606025, 0.346247671349, -0.792486112222, 0.587508208154, -0.163706650102,  
368, 2255510.4322109628, 81.35521746158044, 140.53980802589626, 76.54445842460142, 50.054499161541486, -0.907633045569, 0.270953959983, 0.320602879213, 0.415451661227, 0.470644999829, 0.778391419094, -0.0600180953878, -0.839688773121, 0.539741227368,  
370, 1017371.9845524512, 62.392212763119026, 125.53154226426628, 86.2393449613373, 22.43535011371286, 0.707639229514, 0.225187859952, 0.669729160619, -0.238523287198, -0.816080308967, 0.526421476367, 0.665096506018, -0.532262488859, -0.523777892466,  
382, 146788.8869085708, 32.724136031592025, 70.58432969337319, 48.411524248569314, 10.25527985947642, 0.0763668846533, 0.158402976578, -0.984416881174, 0.0659532159844, -0.985940251992, -0.153531732233, 0.994896111275, 0.0532007190966, 0.0857403712258,  
395, 651566.7088765858, 53.78032540999429, 115.87357237696975, 78.25830239545002, 17.153607075915076, 0.47380479175, 0.108394264088, -0.873933465904, 0.813373885011, 0.326511712193, 0.481469651155, -0.337538060812, 0.938957286203, -0.0665377501056,  
401, 931303.1510982118, 60.580681467314434, 84.16308913672083, 70.74290514747608, 37.342028397711125, -0.343421642798, -0.522952283275, -0.780116968586, -0.934818296109, 0.1103623495, 0.337542449289, 0.0904230530201, -0.845186997788, 0.526766181766,  
423, 356509.8093919358, 43.98733237919926, 133.57918460292365, 35.89118747961151, 17.75236665366247, -0.794717902258, 0.12928984083, 0.593049401727, 0.604971859136, 0.24811036876, 0.756604450534, 0.0493204367748, -0.96006530089, 0.275394467163,  
434, 2081431.7734017826, 79.20595903961282, 125.7512592464991, 67.87242017580684, 58.21942239987601, -0.090348231218, -0.994552153843, 0.0519924071568, -0.982761342116, 0.097489134333, 0.15708600552, 0.161298919894, 0.0369036850894, 0.986215380365,  
454, 2575436.1724047945, 85.03297895303712, 117.24999928661045, 103.97801717018989, 50.432186995307184, -0.733967896148, 0.618210572976, 0.281259337419, -0.591291585981, -0.785367975212, 0.183225008826, -0.334163714028, 0.031825005445, -0.941977590633,  
462, 1522312.8271452785, 71.36278095473426, 143.68279489310714, 58.92562371977842, 42.9246084302059, 0.665632401933, -0.197604179211, 0.719643032242, -0.597546866107, -0.718805597524, 0.355325563073, -0.447069623551, 0.666536646649, 0.596538054421,  
524, 136949.93719468242, 31.976020182858115, 121.05077263531409, 51.22054090588049, 5.273045294952535, -0.100457944413, -0.52853392037, 0.842947267878, 0.237208759847, 0.810078746395, 0.536194394685, -0.966250591543, 0.253819462725, 0.0439940301121,  
530, 2143373.110390307, 79.98398836395882, 131.23919634118275, 91.4848943404001, 42.6183091674979, -0.191326005893, 0.611389140703, -0.767852640875, 0.98097961805, 0.0929975905044, -0.170383206716, 0.0327619968807, 0.785846528777, 0.617553143276,  
536, 1796776.3010763566, 75.416863588027, 121.0486259516522, 70.34028856370229, 50.37805448530822, -0.898783810319, -0.361451195165, 0.248073972481, 0.0361612926432, 0.502818313017, 0.863635400507, -0.436898184047, 0.78519219151, -0.438854416827,  
561, 2340947.291280089, 82.3697362403409, 110.15379276752536, 91.22503129069769, 55.61469371055475, -0.531810404725, 0.771020917921, -0.350291931902, 0.467418059456, 0.612163182701, 0.637790400869, -0.706185564226, -0.175450796163, 0.685943851204,  
575, 2297139.851229965, 81.8526872986275, 142.21614863675973, 86.93502484038228, 44.35628149471452, 0.617440832982, 0.577075336435, 0.534556707792, -0.498444024862, -0.238697939137, 0.833412771639, 0.608539540084, -0.781029672887, 0.14025789897,  
592, 1277250.3016001612, 67.30734630971081, 135.54604413076845, 61.38098641820052, 36.64938521132096, 0.615014897661, -0.514923024389, 0.59716911726, 0.35843060453, 0.857130517417, 0.369938883937, -0.702341923419, -0.0134742371387, 0.71171220837,  
654, 1119088.1770755448, 64.40583761894135, 102.87972774447668, 68.05449911103511, 38.15830280901137, -0.163006077673, 0.446085728106, 0.880020762154, -0.492776262344, -0.809541684289, 0.319082774009, 0.854751761573, -0.381640910515, 0.35178067245,  
682, 2462521.821073915, 83.77166733392143, 99.62919194655731, 91.71817575346677, 64.33531951592389, 0.660398058256, 0.0187281505004, -0.750682130486, 0.40095580001, 0.836454811045, 0.373601118198, -0.634908537579, 0.547715807202, -0.544883972466,  
707, 2664235.7264930634, 85.99925311006729, 117.90194778729506, 80.40978780733364, 67.08943624648477, -0.10604135175, 0.791248108988, 0.602230571909, 0.984616788727, -0.00102933467629, 0.174724697244, -0.138870483099, -0.611494374866, 0.778967020118,  
761, 180507.9449837407, 35.059245932210764, 113.31321576035947, 63.148263037449745, 6.022346489918161, 0.0290689207475, -0.277280863947, 0.960349061714, -0.980156827322, 0.180558053276, 0.0818008756089, 0.196080574509, 0.943670552622, 0.266530104142,  
770, 372251.9864400517, 44.625470175014335, 116.67388495561892, 44.95013231389987, 16.945086149205657, 0.336366825547, -0.895335534685, -0.291944582072, 0.460655431351, -0.11395736298, 0.880233090147, -0.821373199124, -0.430567067659, 0.374109700501,  
777, 3300589.2422833405, 92.36362233801623, 125.97703271374019, 95.92568983995534, 65.20434922537066, -0.844214760659, 0.397920959695, -0.359110495141, 0.492540083884, 0.3116240203, -0.812585217525, 0.211437233363, 0.862872748328, 0.45906962058,  
779, 819334.8604076529, 58.04849190973919, 129.80348443608293, 54.430132054264604, 27.685163024329068, -0.909238940953, 0.378458801001, -0.173359407587, -0.11011250898, 0.182958467252, 0.976934713595, 0.40144711186, 0.907356123694, -0.124679914879,  
782, 697850.7293382038, 55.02473704567672, 101.2795507433415, 80.37623101511076, 20.46560198434779, -0.814908810825, 0.573496066545, -0.0838205923284, 0.312757614435, 0.556875214899, 0.769462584954, -0.48796137619, -0.600826311581, 0.633167780812,  
800, 1379453.010201707, 69.0567444721425, 127.1107003165949, 94.2061338053526, 27.501539745369726, -0.989339975183, 0.122026120022, -0.079473514689, 0.141588789179, 0.933632087183, -0.32906494885, -0.0340445044515, 0.336809667046, 0.940957076546,  
803, 598588.1113904697, 52.28131379449513, 126.20415781691821, 72.60413502816306, 15.59568514732212, -0.971120070799, 0.127555418892, 0.201631900259, -0.0721474835717, -0.96252405893, 0.261423366583, 0.22742152208, 0.239326244053, 0.943929234743,  
816, 2979178.8259814885, 89.26255652785929, 120.69508737102132, 83.93500015647088, 70.2061688616355, -0.382884303389, -0.504149780192, 0.77410116222, 0.108885185498, 0.807486657517, 0.579749354731, -0.917356869815, 0.306265076469, -0.254279524024,  
817, 2336572.9119883357, 82.31839788733167, 136.2360153551106, 68.80311321290114, 59.51010352006705, 0.642691127565, 0.225574322426, 0.732164147996, 0.599816834795, 0.44638839187, -0.664046058869, 0.476621316398, -0.865940892132, -0.151586582814,  
821, 2013149.3392160384, 78.33018059841864, 119.1031321101396, 77.76170982466411, 51.89175987989555, -0.78096051985, -0.623574762747, -0.0354285435905, -0.597831605772, 0.762733338094, -0.246647980126, -0.180825987006, 0.171442031674, 0.968457325957,  
841, 2905912.5450647515, 88.52473666079297, 122.33177822125766, 108.61832849040867, 52.20973953638948, -0.887584187089, 0.250355418496, 0.386673603002, 0.375581671254, -0.0926983152478, 0.922141762729, -0.26670717847, -0.963705964898, 0.0117513477023,  
844, 1958456.4699545074, 77.61430469917177, 122.94951696227105, 86.22672620897187, 44.101827828812276, -0.437148488914, 0.732703280292, -0.521581347145, 0.0516342671747, 0.599417407421, 0.798769474964, 0.897905953368, 0.322249398339, -0.299867010817,  
850, 1496623.1988330225, 70.95907646698954, 103.60965090930864, 71.511640208288, 48.222188221705544, 0.795694672652, 0.0286126915847, -0.605021736629, -0.552919895442, 0.442120517694, -0.706264141139, -0.247284405367, -0.896499169946, -0.367613467039,  
855, 113871.5042045112, 30.06829594385031, 110.5233098079222, 38.3050460830318, 6.421205617979402, -0.594224449746, -0.505831524045, -0.625325333411, -0.136233354569, -0.702944201774, 0.698075871446, -0.792677599296, 0.500003918459, 0.348795506134,  
868, 649656.3581584122, 53.72771383340871, 127.61051963617385, 112.12567420857361, 10.839357476209079, 0.798429563645, 0.566850189102, -0.202955894255, -0.371653376757, 0.729207396688, 0.574569700001, -0.47369188239, 0.383324191423, -0.79289253044,  
878, 1416702.098491604, 69.67280722788654, 138.61122882191148, 75.68348539805537, 32.23965532650376, 0.375721016882, -0.433513933121, -0.819084481152, -0.853460961284, -0.506307897001, -0.123518018925, 0.361162158922, -0.74546494433, 0.560217736008,  
889, 2861322.5417055227, 88.0696091557781, 134.0337804572967, 87.80605080487011, 58.04161594761964, -0.404128539442, 0.593856560353, -0.695711513009, 0.909695141314, 0.181464848278, -0.373530800216, 0.0955765320487, 0.783839839869, 0.613563551685,  
893, 2177049.06382582, 80.40070726753557, 110.6865122326308, 90.89833124742466, 51.6569778169909, -0.270002845089, -0.373040125811, -0.887659578994, 0.949041334405, -0.258730628402, -0.179941678101, 0.162539254442, 0.891010396383, -0.423888504566,  
911, 1068841.8937354074, 63.42711427002593, 107.78235025155651, 83.96631525885654, 28.19500097409824, -0.212754047249, 0.739423532378, 0.638739818036, -0.947240228057, -0.316466754096, 0.0508403766917, 0.239732487846, -0.594223555001, 0.767741298194,  
915, 824059.4034727988, 58.15985343522754, 130.5703629565606, 50.28786755269611, 29.961398369452393, 0.0620256184619, 0.92726518194, -0.369231776824, 0.680911225623, 0.231168522493, 0.694925188081, 0.729734695266, -0.294517226272, -0.617046900935,  
918, 882067.527043126, 59.49371311345079, 99.55311994883485, 61.90212167602154, 34.170616548392786, 0.386445253082, -0.465270102464, 0.796356577246, 0.299360076735, 0.879963058177, 0.368847611759, -0.87237813523, 0.0958579573979, 0.479340840297,  
922, 3597286.802850148, 95.05219530959243, 119.16567134402624, 110.40745758083976, 65.27349721252854, -0.162128038863, 0.241113888921, 0.956858710356, -0.588445373463, -0.802027152829, 0.102393791686, 0.792115232441, -0.546458176529, 0.271913441816,  
935, 1468723.8942506488, 70.51537995595534, 101.41794401177992, 78.56499448326828, 44.00557140411122, 0.633165523502, -0.383385717977, 0.672396319963, -0.690877858406, 0.111745167527, 0.714283418748, 0.348983100754, 0.916803364297, 0.194119516283,  
938, 1573497.1522114186, 72.15378488819341, 105.64458652509047, 84.8061173739847, 41.927881920723046, -0.463691015268, 0.789417232131, -0.402257474728, 0.305798639096, 0.568712590223, 0.763579191734, -0.83155146244, -0.231055022314, 0.505109633621,  
963, 723185.2555592188, 55.682704140640766, 109.51549046215224, 62.43388942602893, 25.25021093096928, 0.713277809465, -0.0307940605817, 0.700204607495, -0.372890487045, -0.862580525297, 0.341917419929, 0.593453832405, -0.504981745424, -0.626742359819,  
968, 1666101.0752268177, 73.5423627151872, 109.75610974701753, 74.70749094545154, 48.50872716893983, -0.345080550903, 0.931303556107, 0.116589449657, 0.938465728965, 0.340489980204, 0.0578675119523, -0.0141946802585, -0.129384155766, 0.991492940615,  
969, 1970464.1029043472, 77.77260382926019, 125.66410336386897, 89.0948901249918, 42.016114195281325, 0.906114043304, 0.18173073664, 0.382009528529, -0.311722522579, -0.323637770791, 0.893357522068, 0.285983232802, -0.928564770319, -0.236603165402,  
977, 232363.04641776218, 38.13813784685653, 129.20683995927106, 74.62271369881731, 5.753364761858872, -0.0901705413168, 0.272627981704, 0.957884782774, 0.08093485618, 0.960627568529, -0.265789811012, -0.992632269541, 0.0535598559954, -0.108685414348,  
990, 2066924.575930965, 79.0215128554208, 125.7768719025788, 85.15238869862598, 46.07214103124921, 0.714790911721, 0.201008713132, 0.669827925489, 0.472516871856, 0.567287229853, -0.674472389841, 0.515559655454, -0.798611730499, -0.310511747889,  
1000, 2298493.1543641863, 81.86875797198537, 131.86738897024466, 90.66134736278963, 45.89813396615161, -0.530363939951, 0.539672135224, -0.653810429454, 0.124940358444, 0.812547423646, 0.569347513525, 0.838512968315, 0.220274081064, -0.498372683019,  
1027, 770474.3161260714, 56.87086740481092, 131.60469248469974, 42.80469450413842, 32.65177387191804, 0.194852789791, 0.803757704359, -0.562144058934, -0.677033052735, 0.524910251947, 0.515844427037, 0.709689112087, 0.28007638259, 0.646450759223,  
1028, 3282531.9947827803, 92.19487634866492, 122.8729624714896, 106.1617818933166, 60.07528362666427, -0.0363024130458, -0.069686500438, 0.996908183567, 0.657664278965, -0.752765332213, -0.0286714281453, 0.752435931479, 0.654590059713, 0.0731575200807,  
1036, 2825813.605166573, 87.70377780246321, 138.99841706380235, 99.75102023321232, 48.655025188537515, 0.884718548884, -0.151214143011, -0.440916513882, -0.234356030126, -0.961968516134, -0.140334689621, -0.402927214773, 0.22748814677, -0.886509335921,  
1051, 1854150.0674959233, 76.2111925193135, 116.73444362499433, 70.54619639380597, 53.75064142233536, -0.474032361827, 0.877308780239, -0.0749841586957, 0.852474609427, 0.478590716992, 0.210328233698, -0.220409528429, -0.0357802979815, 0.974750947706,  
1067, 2295964.8802236505, 81.8387292257209, 96.52302647801515, 85.47557525122393, 66.43602935865293, -0.0135941400785, -0.986885398093, 0.160849029794, 0.952291761319, -0.0618278881832, -0.298860692574, 0.304886209394, 0.14911245177, 0.940643330944,  
1068, 2156221.2911036373, 80.14348807530136, 114.52449500824, 99.58498541109833, 45.13489861297484, -0.882101543389, 0.132307438967, -0.452096901941, -0.449493363214, 0.0506557437635, 0.891846237897, -0.140899196509, -0.989913499866, -0.0147878059642,  
1078, 2302782.637722856, 81.91965456984211, 123.65228724347222, 83.80521999405366, 53.050699234943856, 0.446942843401, -0.842790314924, -0.299910953124, 0.525000196913, -0.0243304201803, 0.850754267633, -0.724304416647, -0.537691840858, 0.431590774115,  
1102, 1395718.8319976958, 69.3271121215545, 123.8922548465555, 66.36344666182154, 40.526233120701185, -0.459951268594, 0.810102192957, -0.363564667544, 0.886208261122, 0.393219238987, -0.244976627477, 0.0554954812479, 0.434871322413, 0.898780943558,  
1103, 1118117.7606378605, 64.38721574467931, 87.62854181804336, 63.455859860358494, 48.00446328893717, -0.506953720592, 0.829269169651, -0.235181992176, 0.0547106930356, 0.303247511857, 0.951339942723, 0.860235238319, 0.46941835373, -0.199102345381,  
1104, 1487452.1245469921, 70.81383733122976, 128.7391344558036, 53.84547575745049, 51.22648813073047, -0.24322891243, 0.412406539191, -0.877929691143, 0.392692879279, 0.869485569626, 0.299645034624, 0.886922769311, -0.271874402333, -0.373433140782,  
1110, 306837.0624529787, 41.84141877535479, 73.67018860561826, 39.512649580226345, 25.164671899377623, 0.0425341902284, 0.985922016981, -0.161705346524, -0.827309183607, 0.125497281432, 0.547549036226, 0.560134231574, 0.110490763352, 0.82100026421,  
1118, 2165825.4640898886, 80.26230270981199, 114.24896480318834, 94.27740076907811, 48.00372863659061, 0.895642144852, -0.371983603472, -0.243830570505, -0.0280162897887, -0.594305124247, 0.803751520558, 0.443892144413, 0.713042507878, 0.542706316609,  
1121, 2170376.8855637773, 80.31848636479685, 100.89592687016795, 74.85419228782607, 68.60516030949918, -0.747291125721, -0.481208536809, -0.458251369361, -0.0299475042142, -0.66453171906, 0.746659722601, -0.66382160285, 0.571695669448, 0.482187661729,  
1122, 1025414.0348895316, 62.55617933681485, 94.65173744779385, 83.88008601689421, 30.833525911880074, 0.646357167314, -0.620588666022, 0.443950582685, -0.18572939673, 0.436364842598, 0.880392137252, 0.740085808168, 0.65150244186, -0.16678598502,  
1129, 2132703.2558527286, 79.85104564085182, 136.43577132574387, 70.41852437785577, 52.99399397215407, -0.256386582965, 0.499426117402, -0.827550284474, -0.0512449448354, 0.847940785332, 0.527608169193, 0.965214937568, 0.17767942432, -0.191807576672,  
1132, 824982.6624404488, 58.181565690828094, 101.01178886151972, 81.66147540812788, 23.876294545908102, 0.0248329123595, 0.942038065692, 0.334585727806, 0.301067553664, -0.326197884983, 0.896076597152, 0.953279421048, 0.078480714957, -0.291717539386,  
1134, 1671952.467619863, 73.62835638377312, 149.66632276526954, 86.86204904708899, 30.703024483547793, -0.269487064447, 0.879638951011, -0.391933716284, 0.941941669018, 0.156119641915, -0.297275208477, 0.200306301106, 0.449290522127, 0.870640805651,  
1143, 1918696.8976671367, 77.08548123836906, 146.16245086019867, 60.153869840326315, 52.09767901107643, 0.178280069492, 0.529534445406, 0.829342804847, 0.841394495085, -0.519033325847, 0.150531426289, -0.510168129603, -0.670967717397, 0.538080664723,  
1145, 2104091.613366554, 79.49235170166115, 127.54209251799767, 69.80476373602917, 56.42056573596428, -0.932734594848, -0.00176904895961, -0.360559351618, -0.334364298704, -0.369977331828, 0.866785607682, 0.134932173055, -0.929039097347, -0.344499149891,  
1162, 1692563.9530191426, 73.92967993734293, 112.51922061614414, 73.14269855926749, 49.09743268999506, -0.546113434852, 0.355436720949, 0.758567632895, 0.837693448263, 0.237609437223, 0.491743268464, 0.00545921345628, -0.903994741547, 0.427508718326,  
1182, 1728507.4151942746, 74.44934465930207, 105.53686017093773, 67.80577156270496, 57.664934913319506, 0.0908950342978, -0.278349807898, -0.95616916766, -0.933681818771, 0.310133651054, -0.179040162478, -0.346376029824, -0.909031629222, 0.231700546044,  
1188, 1159219.2933561301, 65.16669019094594, 129.30306746865085, 65.17712877281645, 32.837715722312005, -0.73160289351, 0.675744041643, 0.090150964449, 0.189953654989, 0.0750581292484, 0.978919754724, 0.65473262876, 0.733305030269, -0.183272795087,  
1205, 573645.0591603437, 51.54480282799572, 89.13613372973973, 84.05324840958241, 18.278744109622437, -0.0909418526081, 0.649913584989, 0.754547487896, 0.349967581232, -0.688502134548, 0.635206661496, 0.932336994617, 0.321834029849, -0.164835025708,  
1212, 2251688.2055894844, 81.30923616310977, 107.82087123171276, 87.08646745699973, 57.248766354635805, 0.640651714923, 0.659386716806, 0.393413952303, -0.590540055772, 0.0956659143797, 0.801317961458, -0.490742114246, 0.745692423541, -0.450682800625,  
1213, 1777875.6865997573, 75.15148969231225, 129.84967176064595, 77.16646542573166, 42.358767713747774, 0.204442720371, -0.704752050141, -0.679358316288, -0.82705665444, -0.495605501586, 0.265240413858, 0.523622444547, -0.507641344474, 0.684192809775,  
1220, 2813564.3416085243, 87.57686889751236, 117.05851106279637, 92.11117122483297, 62.294964346122455, -0.0680351370143, -0.852563987433, 0.518175518009, 0.967028135689, -0.184111295674, -0.175953447228, 0.245413538578, 0.48911928825, 0.83697940055,  
1222, 2085274.6716029693, 79.25467443348128, 122.95126355110757, 114.52065530268918, 35.35556958138304, -0.0159778812381, -0.465520263984, 0.884892982869, 0.837755348287, -0.48934133626, -0.242303596845, 0.545811949052, 0.737452330966, 0.397810728644,  
1223, 2730626.4121000413, 86.70774514599142, 128.38117676189367, 86.03060119307281, 59.022740075144, 0.398245606747, -0.760570656871, 0.512769648686, 0.324918754338, 0.639733364659, 0.696540756325, -0.857804313224, -0.110785820613, 0.501894672382,  
1224, 925188.7601392831, 60.447811169469446, 110.85226006386655, 78.17195605661207, 25.488613244833672, 0.0708088965497, -0.828230136001, 0.555896520936, -0.0356898858666, 0.554834934311, 0.831194578733, 0.996851208665, 0.078695854324, -0.00972781044062,  
1229, 1269063.9069448134, 67.16323832243019, 89.06279252105638, 78.45120914846828, 43.36096447290162, -0.3959655547, 0.638007110999, 0.660422747795, -0.411132360397, 0.519916760032, -0.748770154902, -0.821085538617, -0.56800835289, 0.0564362412111,  
1231, 1071636.3082187413, 63.48234146177141, 97.67666119132318, 64.4294834610025, 40.65213458111319, -0.705604736157, -0.0818616252982, 0.703861229658, 0.0220443563025, 0.990287915229, 0.137273053828, -0.708262665025, 0.112376684662, -0.696947256309,  
1237, 1115809.6983017987, 64.34288169044174, 114.53378022687487, 65.9234260196525, 35.27996601737644, 0.635404503775, -0.341284345127, 0.692665945716, -0.548221867781, 0.432335686107, 0.715918038748, 0.543795825903, 0.834632164663, -0.0876085009651,  
1240, 990144.5367280946, 61.83058118693937, 106.23625262582664, 51.87884738933696, 42.889099173420455, 0.443003414113, -0.732184036869, 0.517353371728, -0.605025832493, 0.181681158592, 0.775200424812, -0.661582736398, -0.656428589237, -0.362504882908,  
1242, 727654.7832902258, 55.797181231356745, 89.38824277977038, 63.10212681038735, 30.79728147417971, 0.59740826455, 0.761345286455, 0.251906173486, 0.741512865735, -0.40481211074, -0.535056842726, 0.305388335398, -0.506439048447, 0.806385425719,  
1244, 3423054.306391466, 93.4921312260917, 150.00920444682473, 79.97244244020091, 68.11878797956794, -0.031850564145, -0.558729231043, 0.828738310893, -0.948183849285, -0.245357339699, -0.20185926734, -0.316121700487, 0.792225613215, 0.521963263312,  
1248, 1808159.91091867, 75.575798127352, 119.86941821718325, 102.26086743181246, 35.21521603915738, -0.887292701118, 0.341325385026, -0.310175182888, -0.409980515565, -0.275676306211, 0.869435765914, -0.211252548859, -0.898609790583, -0.3845423317,  
1255, 1728101.44508192, 74.44351562725458, 94.16735406070813, 72.32408008341075, 60.57554608834333, 0.63459844064, 0.698173923803, 0.331418151674, 0.70960131361, -0.696271032495, 0.10803992332, -0.306187515845, -0.166612788916, 0.937277644943,  
1271, 2982542.1746875225, 89.29613493027216, 119.9330227447236, 87.30963554698975, 67.9981393654673, -0.0803737762998, 0.399921338121, 0.913018608462, -0.0344421358216, -0.916549283905, 0.398435878723, 0.996169561552, 0.000577485265943, 0.0874406721578,  
1273, 769001.9007341041, 56.83461660116167, 105.20653565364441, 76.18261969993932, 22.90552135654051, -0.749926799885, -0.561885952361, -0.349133171375, -0.647554045787, 0.515649738727, 0.561051784362, 0.135216687579, -0.646830366858, 0.750551080147,  
1279, 2733552.313934227, 86.73870358464146, 114.35022066243889, 99.87906008447617, 57.13830153932639, -0.917640005422, 0.000680530406376, -0.397412074965, -0.131279907849, -0.944380925293, 0.301513272906, 0.375103194128, -0.328852861964, -0.866691057375,  
1282, 2215065.5166636556, 80.8660051214493, 127.9036328048658, 82.03919291226958, 50.395726220568804, -0.95211864838, -0.26801596473, -0.147096981809, -0.268979392582, 0.963048788267, -0.0136791002572, -0.145327787341, -0.0265419303698, 0.989027482004,  
1286, 1515376.3261827317, 71.25422644859675, 102.61375085423421, 97.38130103370372, 36.20351628929757, 0.976515728812, -0.170617160035, -0.131555372691, 0.194967239206, 0.439986335569, 0.876584166038, 0.0916777345865, 0.88164721358, -0.462918333799,  
1287, 877475.0220577613, 59.39028160114586, 133.67903875750054, 64.71768541637485, 24.213627827020662, -0.155150473598, -0.362389907831, -0.919022244151, -0.964112415056, -0.147336125224, 0.220860402378, 0.215442757309, -0.920307351327, 0.326525339624,  
1292, 4018994.5544885607, 98.63012937929079, 112.21202252529885, 111.01570198012396, 77.0202650441617, 0.338508462854, -0.507188032538, 0.792573227044, -0.930304958308, -0.306810162281, 0.200998032001, 0.141225724014, -0.805374337791, -0.575697377886,  
1299, 1452677.2685911153, 70.25763240032497, 116.25383489446442, 78.10228714870063, 38.195261835001936, -0.980124237997, 0.140336503851, 0.140221766419, 0.121386703475, -0.134825100814, 0.983406050627, 0.156913180805, 0.980881163994, 0.115110363618,  
1307, 2378392.9512111926, 82.80660893245138, 135.51469730488535, 73.56237678992798, 56.957752963222205, -0.0641967826124, 0.418025178746, 0.906164291415, 0.996493533751, 0.0756785609141, 0.0356846270747, 0.0536601369147, -0.905277695159, 0.421417707689,  
1308, 1943150.596419709, 77.41158332340851, 102.81125725245873, 76.9453800695538, 58.64009047384277, -0.225904888966, 0.472818119177, 0.851710048854, 0.144200708327, -0.848448854202, 0.509255041723, 0.963417426072, 0.237860395989, 0.123488036507,  
1316, 3211211.172156952, 91.52226346843382, 142.86478776051305, 78.02600326155337, 68.77263981518773, 0.368287438899, -0.884628817589, 0.286000380139, -0.782858712413, -0.129142268223, 0.60864974407, 0.501494365619, 0.448055944776, 0.740100852319,  
1317, 871065.3786214973, 59.245319755478974, 137.40764354654132, 69.1425194012122, 21.88799855002624, -0.0335633539586, -0.965017176906, 0.260029516685, -0.968796913232, -0.0325142563855, -0.245713988295, -0.245572885684, 0.260162778675, 0.933814374707,  
1320, 751018.4337440443, 56.388082853124786, 103.53405239419736, 51.07926146290937, 33.90269052946583, -0.911486129197, -0.300891279744, -0.280459398231, -0.376298123386, 0.334621068655, 0.863960915058, 0.16611068183, -0.893024735484, 0.418227286527,  
1321, 2634174.897951076, 85.67458298169524, 101.47844131285468, 90.79593028598602, 68.25206990518087, -0.460236497819, -0.768028007644, -0.445326111462, -0.88527612537, 0.434786886311, 0.165065276004, -0.0668471983348, -0.470205639021, 0.880021652636,  
1324, 148476.35125745082, 32.849055911777306, 73.26347948335568, 34.38088041203127, 14.07226946602268, -0.147952179788, -0.790429780925, 0.594416448227, -0.146369125083, 0.611912670907, 0.777263766302, -0.978103384984, 0.0279936530328, -0.206228328975,  
1330, 666420.6379873536, 54.1859397259235, 125.32329376204707, 37.37090699588624, 33.96990949728432, -0.146919972484, -0.978609572636, 0.144006340246, -0.891360468288, 0.0678688298662, -0.448185606089, -0.42882518263, 0.194208975793, 0.882265173553,  
1333, 605671.7790710431, 52.48673724488044, 124.22313530938088, 39.945370793397, 29.139345035904466, -0.515407013799, -0.796999065026, 0.314877913602, 0.0412524177824, 0.343940670305, 0.938084779397, -0.855952012763, 0.496484950082, -0.144391295403,  
1336, 4568020.875870969, 102.93107066336555, 111.21330757231677, 110.49720541176386, 88.74245092295722, -0.819153307213, 0.381061376218, -0.428695797549, -0.542916890029, -0.274042839302, 0.793814696733, -0.185011107242, -0.883002123317, -0.431367755419,  
1337, 151992.83553441137, 33.106365285457585, 118.12114996739253, 81.3606503490555, 3.7756560971831172, -0.0938574990779, 0.972088749686, -0.215021470091, 0.384797887875, 0.234611103187, 0.892685955837, 0.918216398979, 0.00104546373807, -0.396077709108,  
1343, 2851712.794162084, 87.9709046893414, 116.8098428326431, 98.18971997598075, 59.35696868012776, 0.488099717969, -0.161112427092, 0.857788698431, 0.515384912164, 0.846370312677, -0.134297007164, -0.704369972126, 0.507641684317, 0.496148025,  
1347, 746259.6530898147, 56.26873057122726, 130.76438484091238, 64.03066002758634, 21.277661667589683, -0.794403127487, 0.588280519964, -0.151161175139, 0.556104932994, 0.804531403496, 0.208510249841, -0.244276430584, -0.081579719415, 0.966267962235,  
1349, 1902361.4954271098, 76.86609398430068, 118.69500358473462, 77.04039414695559, 49.66535039803126, -0.14659358824, -0.982021976413, 0.118925008847, -0.716173248851, 0.0224321303826, -0.697561952199, 0.682353425665, -0.187429019548, -0.706586275776,  
1351, 1414821.0026043013, 69.6419564038104, 125.76898658543095, 83.8990966899497, 32.009732320574344, -0.732219514506, -0.667942317597, -0.133070067781, 0.0176418303047, -0.213919891743, 0.976691888847, -0.680840178309, 0.712805261119, 0.168420044295,  
1352, 2268875.31630637, 81.51558951402886, 150.13019981993034, 101.918310975658, 35.39987598825119, -0.998513218249, 0.053809297926, -0.00871277449394, 0.0398925918105, 0.830281133535, 0.555915299676, 0.037147464265, 0.554741199797, -0.831193279055,  
1355, 2982635.2280388554, 89.29706358081211, 108.04110534724231, 103.70303280569911, 63.55226851778948, -0.518492739119, 0.176631348467, 0.836640093601, 0.854628052891, 0.0751676123935, 0.513771078652, -0.0278598401569, -0.981402668014, 0.189927966662,  
1358, 1924196.1273513115, 77.15905659337807, 115.3341579869048, 65.127073512668, 61.15630163641266, -0.906889489959, 0.41405695652, -0.0781555484838, 0.368091070937, 0.688200485986, -0.625211207981, 0.20508636351, 0.595765833064, 0.77653245628,  
1360, 2610566.9001777438, 85.41787034381495, 111.27221102102034, 85.19388481636825, 65.7432361153649, 0.543155083874, 0.82248921191, 0.168801810278, -0.497263326292, 0.153117508981, 0.853981389006, 0.676543966928, -0.547783282635, 0.492160274787,  
1361, 1714676.450622247, 74.25023935528475, 122.93887608778874, 83.16193071032646, 40.03868192456639, 0.258000262804, 0.89642020892, 0.360370189433, 0.912986534884, -0.348229237749, 0.212584065954, -0.31605608919, -0.274166385641, 0.908262815197,  
1363, 206554.0597155563, 36.67034889179023, 95.77728816399147, 60.66040629070522, 8.487450899234107, -0.0987448902003, 0.035219247184, 0.994489341968, 0.727424212357, -0.679398739123, 0.0962879460512, 0.679045993977, 0.732923568939, 0.0414678207543,  
1364, 2085711.0663434332, 79.2602027077103, 120.06587814493076, 88.72328298682625, 46.74211193493637, -0.106420938433, -0.453765314326, 0.884743817937, 0.612166241213, -0.731068984724, -0.301314839817, 0.78353498772, 0.509544089446, 0.355580854277,  
1366, 2555275.2325111288, 84.81051337040815, 115.69628589056782, 82.77172790353988, 63.701203489901395, -0.204428730887, -0.952240593634, 0.226818751039, -0.976461863032, 0.214655269832, 0.0211032030235, 0.068783166782, 0.217165759198, 0.973708328505,  
1367, 1278696.5225401307, 67.33274059539178, 94.05731456951807, 68.82846301623081, 47.153966233678695, -0.995562519651, 0.0612820901794, -0.0714127081803, -0.0714684810883, 0.00128415411971, 0.997442031979, 0.0612170374759, 0.998119660347, 0.00310128219199,  
1379, 3004974.62785872, 89.5194489253898, 109.82984895414323, 92.42097636171601, 70.67425865226265, -0.0559543529185, -0.577493780011, -0.814475318495, -0.0466192113393, -0.813352456618, 0.579900362518, 0.997344353533, -0.0704181465455, -0.0185883058273,  
1381, 1414493.0103664265, 69.6365743834133, 133.35023587320325, 75.59617749650273, 33.497976393688155, 0.813540878465, -0.24059149383, -0.529402467092, 0.161743240349, -0.780849984457, 0.603417290086, -0.558560975426, -0.576531902733, -0.596339334492,  
1383, 1845560.2050789634, 76.09332050541879, 107.806254610641, 78.591223119335, 52.00218619487492, -0.347216294119, 0.930434638115, 0.117184594954, 0.18523084481, -0.0544526433997, 0.981185223981, 0.919309729759, 0.362389698837, -0.153438349012,  
1388, 2647358.251571012, 85.81727146942133, 100.82239723052929, 87.33285462742052, 71.77768234054051, 0.099379670521, -0.912767103018, 0.39620688628, -0.814591912442, -0.303302956154, -0.494416153632, 0.571457520093, -0.27361201077, -0.773674847912,  
1389, 1693267.6549343, 73.93992420788078, 147.0127888722201, 62.982775785239575, 43.65762336069715, 0.0396390503763, -0.800420647155, 0.598126686658, 0.380384975397, 0.56561366192, 0.731702436747, -0.923978363479, 0.198514415238, 0.326888376614,  
1390, 1578105.4482582065, 72.22415508772553, 108.09038107563424, 84.06484134995681, 41.461591098546926, 0.638494618905, 0.728767598156, 0.247431625922, 0.678477083619, -0.684758238309, 0.266035715781, -0.363309053882, 0.00198568501238, 0.931666565045,  
1395, 2160610.824142661, 80.19783531678031, 99.22944118574082, 89.10409535060072, 58.33775701834963, -0.397803610977, -0.517220103594, 0.757783380348, -0.142174028593, 0.850723201486, 0.506020335607, 0.906387793766, -0.093559600747, 0.41195602729,  
1399, 3227957.934483612, 91.68108670897475, 130.57352516057787, 89.60693564665685, 65.86315072125724, -0.862986640676, 0.175185283005, 0.473882026071, 0.470075370601, 0.622164000953, 0.626051996141, 0.1851572412, -0.763034778065, 0.619269507964,  
1400, 2833412.1676207376, 87.78231874488579, 111.63769579073613, 91.44754415187086, 66.2579865449521, 0.477604078948, -0.868922889853, 0.129874382628, -0.572103530323, -0.195397624052, 0.796565954022, -0.666777244936, -0.454744741591, -0.590436555127,  
1402, 1849404.469747997, 76.14611748111349, 128.4394693016166, 70.48267104878845, 48.77108722956556, -0.328528455006, 0.746104954329, 0.579134225701, 0.891624532696, 0.0427234397135, 0.450755366461, -0.311568205929, -0.664456247488, 0.679281346887,  
1403, 870675.4880293938, 59.236478995402116, 110.14781312248348, 75.79510161464445, 24.897210438430253, 0.38508238548, 0.922732725888, 0.0166094241061, 0.454845173512, -0.205417945598, 0.866556019977, 0.803011472226, -0.326140742935, -0.498803359323,  
1404, 2377528.1355861956, 82.79657118396177, 107.50065762103202, 74.98015390703041, 70.41733863262031, 0.947907014317, -0.0391787053608, 0.316128646686, -0.159442080911, 0.80079287647, 0.577329188444, -0.275772578485, -0.597658596559, 0.752830450311,  
1407, 3204815.9028122756, 91.46146620933023, 100.83461063808842, 95.50796110177754, 79.44476380108533, 0.988926207412, -0.126417081409, -0.0777410948119, 0.138395485202, 0.596407156151, 0.790661238311, 0.0535877408573, 0.792664636287, -0.607298220325,  
1415, 3814935.2088734154, 96.93177950523703, 123.32164043635595, 94.82634215694857, 77.88077520387188, -0.495360210062, -0.801611083582, 0.334720679025, 0.0706778109796, 0.346848938205, 0.935254222712, -0.865807663008, 0.486945053107, -0.115159046244,  
1430, 3392111.356327091, 93.20956843685204, 134.89260945966956, 111.8881172207545, 53.65489750671409, 0.923937226642, -0.29091479239, -0.248412126906, 0.147756626002, -0.327585537081, 0.933196493439, 0.352856884158, 0.89891951779, 0.259683884441,  
1432, 1611682.7088017592, 72.73280091305273, 114.78228930441702, 64.6466285429582, 51.85255662134029, -0.980923881639, -0.111142606883, 0.159485608649, -0.0690469923686, 0.96613992885, 0.248608428509, -0.18171640343, 0.232853943098, -0.955383791943,  
1437, 2169661.7998248027, 80.3096644080398, 99.10860317774402, 83.0999073749984, 62.89143994563799, -0.450876511654, -0.785604020789, 0.42371770527, -0.877596878064, 0.303539846306, -0.3710623685, -0.162892881522, 0.539156641641, 0.826302623089,  
1439, 907642.3050396856, 60.063233253404306, 126.48903596554108, 54.241396535005826, 31.582199712994655, -0.414042566951, -0.90526801212, -0.0951765674114, 0.252687014637, -0.214758488467, 0.943412987119, -0.874481575213, 0.366563252199, 0.317668627268,  
1447, 2252309.5596858854, 81.3167145786945, 119.00139503705634, 76.602899038181, 58.98508538503147, 0.608813429824, 0.62959886144, -0.482650475333, 0.37240344028, 0.310382632709, 0.874630378492, 0.700472615691, -0.712227418024, -0.0454996668192,  
