# Void_ID, Void_Volume, r = (a*b*c)**(1/3.0), a, b, c, vector_a, vector_b, vector_c 

0, 2261788.9752712157, 81.43063557320664, 151.42849077454972, 70.64166311249902, 50.477166062359494, -0.943392406915, 0.0015678228647, 0.331675004345, 0.307888320278, -0.367756381499, 0.877473661202, -0.123351322701, -0.929920849212, -0.346455863552,  
2, 3099688.7032748116, 90.45026086690694, 120.10758928896183, 101.96516319279606, 60.42368426585622, -0.163732648546, -0.257565790373, 0.952287500406, 0.98464707156, -0.101881042188, 0.141740600078, -0.0605125133172, -0.960874662415, -0.270292654099,  
4, 573931.1418611296, 51.55337004536468, 141.11387868539762, 36.39083180301064, 26.68145257381473, -0.562597821487, -0.533267907505, -0.631750765795, -0.263832887071, -0.608389464203, 0.748501481326, -0.783502328623, 0.587781931223, 0.201584975557,  
7, 1541922.8608193945, 71.66790005500663, 116.61388982161043, 99.27581760452387, 31.796570717536316, 0.306842767347, -0.728364772029, -0.612643677021, -0.355650142925, -0.684812689473, 0.636038171947, -0.882813962261, 0.022723098476, -0.469172856026,  
8, 1900638.9429898942, 76.84288671241947, 124.35635753725619, 80.462887644632, 45.346879499394035, -0.281302676414, -0.664491107561, -0.692329670182, 0.0870853069642, -0.736163105355, 0.671178092331, -0.955659433874, 0.128512451875, 0.264952063891,  
9, 1958247.964302137, 77.61155021780317, 150.45851101263983, 60.96861138403713, 50.96312037642806, 0.725914518303, 0.686662035539, 0.0392856343439, 0.539961931684, -0.604345721362, 0.585839023455, -0.426015521371, 0.404056305507, 0.809474692335,  
10, 2107728.0014391113, 79.53811946073935, 99.88637837715973, 87.22388982774972, 57.75428855614571, -0.401965963005, 0.820281959252, -0.406891720131, 0.289090154272, 0.535333984213, 0.793627373551, -0.868821182574, -0.201382801332, 0.45232147864,  
12, 1177454.6398697942, 65.50662010299283, 156.65975829694543, 81.63878110130277, 21.97868030983905, -0.257868343782, -0.401465595129, -0.878822674493, -0.965040273086, 0.15119124969, 0.214099223119, -0.0469168263865, -0.903308685857, 0.42641790471,  
15, 168371.9278795741, 34.25524082692854, 83.16176060469661, 59.29410455722207, 8.151656773365254, 0.067881906626, 0.897542261523, 0.435671820908, 0.857650249171, -0.275600367925, 0.434143394856, 0.509733358581, 0.344183564366, -0.788485622678,  
16, 2964197.71167435, 89.11268297442753, 133.25618362007378, 74.80888157505453, 70.9868696566994, -0.725823995577, 0.172805208386, -0.665821212789, -0.00977724541346, 0.96524212588, 0.261174355364, 0.687810971792, 0.196076511551, -0.698906337574,  
18, 287791.63689448696, 40.957161758452074, 105.50335852456139, 67.18821034438322, 9.692374849401226, 0.558468937882, 0.570081449444, 0.60259404778, 0.682062053805, 0.0978776954696, -0.724714641421, 0.472126889915, -0.815737149901, 0.334169271613,  
20, 1623273.2041047325, 72.90673845275202, 117.63740024814985, 81.34481075013531, 40.49745570889119, -0.0769862321456, 0.20855534458, 0.974975788575, 0.432913813414, -0.873895196077, 0.221117200662, 0.898141831904, 0.439103466759, -0.0230085910936,  
21, 283005.00031612074, 40.72882050545083, 133.59196414164975, 49.10633885713645, 10.298823331492157, 0.186372087303, -0.66333437649, -0.7247433684, 0.58579349104, -0.517178443885, 0.623997149862, -0.788740407821, -0.540845599174, 0.292189334036,  
22, 890126.7185648618, 59.67435624960892, 106.86088069833282, 93.59005321205981, 21.247839866085542, -0.620127074938, 0.778605671695, 0.0959980152585, 0.266766466157, 0.0942107823435, 0.959145443102, -0.737752033859, -0.62040110936, 0.26612854045,  
23, 310500.95548293134, 42.007300856631225, 122.79594958144546, 31.407897761486556, 19.21991316593084, -0.869518771761, -0.333156127187, 0.364615003082, -0.472118613403, 0.777476468374, -0.415492907284, 0.145055577048, 0.533420412098, 0.833319592668,  
24, 1196193.3565757524, 65.85229660125529, 96.54341759160857, 73.31814617215102, 40.343970054867505, -0.0317401400255, -0.460347679226, 0.887171109619, -0.990243395873, -0.106014200453, -0.0904378583998, 0.13568559408, -0.881385842598, -0.452491343592,  
25, 383106.536979044, 45.0550681616013, 79.20247446555092, 62.40594574260574, 18.504026163399242, -0.441564569729, -0.891102682097, 0.104674451132, -0.897042901162, 0.440837169713, -0.0312509723674, 0.0182965634836, 0.107696795488, 0.994015410347,  
26, 755369.0287833493, 56.49675729258957, 87.47024440330254, 69.96738803929274, 29.46555076984813, -0.179832871895, -0.820255294892, 0.542992992025, -0.358054498849, -0.459545891881, -0.81278198129, 0.916218922551, -0.340586001558, -0.211054641036,  
28, 2550144.6562234056, 84.75371344140461, 98.16852526262863, 85.89526358467012, 72.1995886913395, 0.583359541302, 0.811489158755, 0.0343072994273, -0.361993510166, 0.221951833779, 0.905371792183, 0.727084825979, -0.54057629314, 0.423231528984,  
30, 515591.7007682364, 49.74381653463424, 129.83333639543417, 35.715259817603354, 26.544666749928375, 0.468175166674, 0.866177203791, -0.174782908041, -0.602207373554, 0.457513940861, 0.654237933137, 0.646651600591, -0.201042397398, 0.735814964446,  
31, 1150779.2172467825, 65.0081489782004, 120.62282648581757, 65.92428541952276, 34.54844214012818, -0.546388272791, 0.678769507762, 0.490644281215, 0.798719192702, 0.246024872578, 0.54910783393, -0.252006957378, -0.691913085152, 0.676571338462,  
32, 1134425.9780056803, 64.69874422600445, 139.42047083606917, 58.240703376922895, 33.35296114002304, 0.871703824883, -0.340300965439, 0.352601325304, -0.333918143531, 0.11413314421, 0.935666766971, 0.358651802039, 0.933364279536, 0.0141423682671,  
33, 2381787.9931142135, 82.84599102104062, 132.72534913350816, 77.16029586207758, 55.52220836911339, 0.374251222948, 0.895979124445, 0.239076202663, 0.645670630882, -0.436823419344, 0.626334364959, 0.665616600257, -0.0800419194576, -0.74198910544,  
34, 1173576.5589718933, 65.43462316481178, 100.53649211474657, 81.57660172101407, 34.161228427047156, -0.564657435879, -0.576604102391, -0.590499525158, -0.80313570098, 0.219094206642, 0.554049433199, 0.190092151123, -0.787099382366, 0.5868045129,  
36, 287276.9155125597, 40.93272960575316, 142.03814539839513, 77.36567371765541, 6.241066569508566, 0.0299237953871, 0.672329624797, 0.739646836058, -0.149534488248, -0.728639645599, 0.66837392505, 0.988303598746, -0.130602995689, 0.0787328027119,  
37, 1245728.9180430844, 66.7490330832822, 114.90219767087197, 81.89528521558262, 31.604411063978784, -0.749403493898, -0.630950598725, -0.200738001637, -0.0418689896541, -0.257412422304, 0.965394133268, -0.660788461641, 0.731874433774, 0.166488504557,  
38, 3501870.7021232345, 94.20425061798669, 122.53480212696256, 101.95018255636809, 66.92124869046428, -0.264901564613, 0.437499012815, 0.859314712344, 0.963864725339, 0.146144189457, 0.222725542171, 0.0281416472956, -0.887263483794, 0.460403690269,  
39, 758242.1985641526, 56.56829821884507, 97.43788119392727, 71.63072826148962, 25.93535178708413, 0.684581172275, 0.0536489217788, 0.726959704356, 0.674715567748, 0.330800460544, -0.659795390968, 0.275875916318, -0.942174531865, -0.190262004351,  
44, 1100036.289136695, 64.03825183137901, 121.73246257708026, 66.38526095595002, 32.496779876832534, -0.360972583689, 0.814147625627, 0.45482132482, 0.932028648046, 0.298233676826, 0.205862267617, -0.0319592403864, -0.4982171391, 0.86646309169,  
46, 1162873.3640627346, 65.23509080308425, 124.44784585916577, 80.2721187701949, 27.790202020038077, -0.395148988283, -0.415109427313, -0.819476320839, -0.888091810539, -0.0554273033099, 0.45631211917, 0.234840825055, -0.908081481699, 0.346753240048,  
47, 658543.5772097941, 53.97160124636356, 119.9146021652347, 75.39365565080924, 17.3895777421314, 0.118718216223, -0.458683840464, 0.880633362776, 0.890576362547, -0.342995571543, -0.298710194627, 0.439066882842, 0.819733598433, 0.367773163774,  
49, 459602.0117536553, 47.87378560741724, 114.40642630400814, 79.94144318466324, 11.996951621887215, 0.496473471719, -0.460414944048, 0.735888694829, 0.461213956148, 0.858099268357, 0.225715157443, -0.73538818221, 0.227340548391, 0.638373320654,  
50, 3014748.399208138, 89.6163988003166, 138.67051794203235, 82.7068866052554, 62.753312229709266, 0.568278343821, -0.819522566193, -0.0737732163098, -0.630245693902, -0.375874407212, -0.679344386391, -0.529008590915, -0.432551954687, 0.730101854014,  
54, 2722112.165136919, 86.61753143930711, 104.46857267036009, 84.70409784341076, 73.43909641978756, 0.349051112289, -0.73510782774, 0.58118826778, -0.882616930294, -0.0494955010155, 0.467479999291, 0.314882002293, 0.676141018557, 0.666095074038,  
55, 3765736.210459419, 96.51328437704366, 102.6187152326988, 100.99546298335639, 86.74268233423442, -0.689074278792, 0.723436604155, -0.0426159368746, 0.499185467906, 0.516460385821, 0.695760403091, -0.525347986518, -0.458157341583, 0.717008607629,  
56, 3111444.994440947, 90.56446782806385, 101.85183694576277, 94.6498670709372, 77.05212915876423, -0.633831293511, 0.768007559706, -0.0917729786008, -0.70158514292, -0.620814043262, -0.349811679227, -0.325631968027, -0.157335030822, 0.93231406161,  
57, 3534694.273101978, 94.49766607056218, 95.78357373538881, 94.70669128651282, 93.02325801135214, -0.199180587592, 0.979958454662, 0.00291901733012, 0.907060983117, 0.183234847721, 0.379032140442, 0.370900884919, 0.0781435711788, -0.925378903936,  
58, 3713315.1705497387, 96.06335144898235, 100.67338526660987, 96.68228921244526, 91.07760569460997, -0.119038393824, 0.43081450874, 0.894555040148, -0.972672845463, -0.231484967882, -0.0179511933874, 0.199342410177, -0.872246277552, 0.446597172854,  
59, 3490774.3592123636, 94.10464397851949, 102.30201871868883, 93.861852203134, 86.78803276256046, -0.153260226263, -0.67009877658, 0.726277448825, -0.0884212393254, 0.741311516562, 0.66531114514, 0.984222021437, -0.0377473845205, 0.172864535056,  
60, 3540735.280037183, 94.55146951232958, 100.38850574372798, 98.12232474896949, 85.81298911823994, 0.4621239458, 0.840074112495, -0.284107275926, 0.246258460391, 0.186205476846, 0.951148932123, -0.851937925793, 0.509512517911, 0.120825347868,  
61, 3379389.1761017144, 93.09289434689104, 102.57428793362881, 90.33579176794223, 87.06652941346448, 0.143577886889, 0.938480380252, 0.314070002195, 0.827106126993, -0.288051360765, 0.482619796788, -0.543397501914, -0.190475692526, 0.817580678264,  
62, 3130954.7168439985, 90.75336264100342, 102.8352720226447, 87.53124630118643, 83.0391631444212, 0.550931572178, 0.574103880528, -0.605705487131, -0.397002509603, 0.818696050332, 0.41488044608, 0.734073164028, 0.0118958620469, 0.678966183487,  
63, 3598760.4718689085, 95.06517327137209, 100.46062852740924, 96.72977228601836, 88.4114016791237, -0.476750059029, -0.264303310227, 0.838363370752, 0.736472513893, 0.400593112405, 0.545099435492, -0.479914177219, 0.877307767261, 0.00366933332797,  
64, 3321538.4872437185, 92.55862476518051, 99.00189055415115, 91.38278360114835, 87.64816109683059, 0.851145617243, 0.524883383386, 0.00696936821663, 0.226541583, -0.379269524086, 0.897125152513, 0.473529354338, -0.762005289971, -0.441721505742,  
65, 3254477.34719987, 91.93147210487605, 98.48768188048469, 91.75717588269855, 85.97470411387542, -0.114467307171, 0.272444603424, 0.955338250911, 0.443221248552, -0.846637165437, 0.294551243307, 0.889073765455, 0.457142700004, -0.0238409608121,  
66, 3527538.6329438523, 94.43385592179257, 101.2706556140285, 94.3259689847518, 88.15932831182006, 0.0471424897358, 0.410505384664, 0.910638740019, -0.573580412076, -0.735246663283, 0.361134123303, 0.817791597257, -0.539349305453, 0.200796489418,  
67, 3598158.095176991, 95.05986883016888, 103.92554174877671, 101.48320098907497, 81.44701602163602, 0.135073123491, 0.412756927708, 0.900770209287, 0.48485421973, -0.820355970431, 0.303203673111, 0.864101635758, 0.395787569799, -0.310934981423,  
68, 3931341.1877245554, 97.90781886261038, 112.1395008633649, 99.49269153120576, 84.12059358985874, 0.71647723472, 0.0294634218755, 0.696988004846, 0.608153797392, 0.463103642987, -0.644735585004, 0.341773800701, -0.885814270953, -0.313884925618,  
69, 3744051.0259031947, 96.32766873272853, 101.34803640644614, 97.77705540846154, 90.19882012503938, 0.201354908442, -0.713256888179, 0.671357440051, -0.925983095366, -0.362094797931, -0.106970390329, 0.319392404328, -0.600126627285, -0.733373385992,  
70, 2848014.266395308, 87.93285695939497, 105.0825996003975, 96.01298324980918, 67.38958455809181, 0.459855771018, -0.856655472752, -0.233824872214, -0.475838607002, -0.460042810846, 0.749625394631, -0.749740148284, -0.233456662346, -0.619183088317,  
71, 3713406.77179468, 96.06414134963502, 118.82766957838179, 101.68132799633614, 73.37111622126922, 0.208565641944, 0.927384138127, 0.310578546186, -0.852296752824, 0.0165959782182, 0.522795197599, 0.479677618955, -0.373742202403, 0.793867840397,  
72, 2393366.670387558, 82.98002152986172, 128.6780705039335, 79.90630794703019, 55.56931262501466, -0.1783381484, -0.469255967454, 0.864866661303, -0.977714424897, -0.0144393309623, -0.20944213776, -0.110770068941, 0.882944133414, 0.456223244801,  
73, 3616671.2444380326, 95.22262320191454, 96.76607684909273, 96.23628735375544, 92.71679904911475, 0.18305032639, 0.732327700224, 0.655887732385, 0.923869911154, -0.356221198719, 0.139895835705, 0.336090709888, 0.580346962659, -0.741781934034,  
74, 3339452.2507991237, 92.72472263858428, 109.9496552944615, 87.26807076867706, 83.08782327080819, -0.0354880531455, -0.99918677932, -0.0191410061507, -0.34983594322, 0.0303617720977, -0.93631884293, 0.936138563951, -0.0265319209181, -0.350628929578,  
75, 3692193.195122111, 95.8808633801373, 101.65827947034447, 98.55101987199662, 87.98161508198295, -0.459600477468, 0.657613527573, 0.596918628847, -0.391628916018, -0.753300930691, 0.528360199067, -0.797116172995, -0.00906400420023, -0.603757940385,  
76, 3537401.3459242657, 94.52178383637994, 102.75477629778133, 94.3708507529809, 87.08750311704732, -0.917938253255, 0.0107720660232, -0.396577011191, -0.372675406845, -0.366154723587, 0.852668610615, 0.136023543344, -0.930491634024, -0.340121911478,  
77, 3641388.4253945234, 95.43905549106974, 102.75087904248461, 95.30970856034764, 88.76785191773405, 0.122653871561, 0.749996804591, 0.649969861528, 0.724569097827, -0.51521373765, 0.457771151353, 0.678200302466, 0.41480067218, -0.60661746768,  
78, 3066855.055651486, 90.12975985340854, 94.47793952451123, 91.4541953728167, 84.73651439098478, 0.678968917451, 0.161107832043, 0.716271928523, -0.527194543018, -0.572000299898, 0.628396030166, -0.510947280008, 0.804276024367, 0.303435254513,  
79, 3510632.8160739094, 94.28275540992696, 105.088168739864, 97.78656577037425, 81.55747667708195, -0.593041783948, -0.771170495934, 0.231511357591, 0.612966271609, -0.245970305949, 0.750846827563, -0.522086000924, 0.587192195787, 0.618572172706,  
80, 2991021.841092209, 89.380680811221, 95.88122040317495, 89.08079757675404, 83.6013566465685, 0.29434609477, 0.33740153123, 0.894159148707, 0.835293275051, 0.363789758222, -0.412240411007, -0.464376486429, 0.868226478827, -0.174749135378,  
81, 676555.0511447781, 54.45923175016404, 126.83798950191252, 38.883851934183014, 32.74883848836603, -0.815943674126, -0.277968747921, 0.506921390191, 0.238426279062, 0.636996783797, 0.733067532281, -0.526677159279, 0.719005196512, -0.453478441916,  
82, 3748733.9777696338, 96.3678132971873, 101.56344389834176, 96.80403359254407, 91.02593334292104, 0.602906043556, 0.117302828664, 0.789141526617, -0.598156566884, -0.588072230002, 0.54440772753, -0.52793278373, 0.800256895433, 0.284386844237,  
83, 3392804.5346576627, 93.21591713295672, 114.17636853627707, 99.61954668584615, 71.21138682074972, 0.00935726433715, -0.960502074804, 0.278115454266, -0.461202584594, -0.250923799548, -0.8510754507, 0.887245522709, -0.12030382836, -0.445333999728,  
84, 3214994.361845081, 91.55819074329474, 99.32756772440655, 89.15393795049056, 86.67249022706017, -0.828464539693, 0.557300007395, 0.0553462575823, 0.556924997036, 0.83023261831, -0.0234168138371, 0.0590004588707, -0.0114237144434, 0.998192588933,  
85, 3655321.027552027, 95.56062286435686, 101.50355109228165, 96.18017831242922, 89.38612311016917, -0.477789263192, -0.867259587315, 0.139922221927, -0.875330308098, 0.456537457629, -0.159280888708, -0.074258142344, 0.198580860085, 0.977267297265,  
86, 3346970.190735312, 92.79425264748635, 101.26475578655004, 94.81198778267658, 83.22267355470878, -0.444709639733, 0.535005403234, 0.718333178156, -0.748205742954, 0.218971400573, -0.626290421404, -0.492363181543, -0.815978396921, 0.302915422551,  
87, 3625696.8072725683, 95.30176815582689, 99.27465966231256, 94.53175704944339, 92.23308557730589, 0.504429516393, 0.801131551538, -0.322085547831, 0.675517152599, -0.133819201688, 0.72509930203, -0.537798697969, 0.583335802424, 0.608680459743,  
88, 3520020.9823056986, 94.36672453825064, 101.32307346276339, 97.54880770164998, 85.02102226590557, 0.159647055047, 0.980501929832, -0.114580903342, -0.679185118337, 0.193328195064, 0.708047868455, 0.716394020665, -0.0352161126354, 0.696806596242,  
89, 3564195.5613080906, 94.75983705062593, 102.28612597135266, 97.07213197518381, 85.69621042511952, -0.379424509492, 0.912173314487, -0.154844715552, -0.831975154916, -0.409593076371, -0.374233688211, -0.404789307171, -0.0131664773754, 0.914315186724,  
90, 3114439.5151379593, 90.59351223436873, 104.03972711267026, 85.43208678163904, 83.65098757853148, -0.884319577494, 0.174624506753, 0.432995573306, -0.0217529844868, -0.941822942044, 0.335404760708, 0.466375055644, 0.28718605029, 0.836671070369,  
91, 3619231.8049695, 95.24509006490202, 98.468676072115, 95.85408088378227, 91.54172341103569, 0.722971206167, 0.457701899152, -0.517514837049, -0.266867343792, 0.875939405644, 0.401885529048, -0.637255408663, 0.152443855741, -0.755424658703,  
92, 3851889.1849638326, 97.24375602133269, 107.87490089354698, 97.93834819173458, 87.03861873738475, 0.813125738954, 0.417763866059, -0.405339221969, 0.51425843346, -0.841806646536, 0.164011686967, 0.272699094729, 0.341811237472, 0.899333242837,  
93, 3469468.1707374384, 93.91279500694158, 116.49002013858379, 91.16247734258029, 77.99548433689836, 0.536235082663, 0.293020109031, -0.791575108139, 0.24302189846, 0.844500405848, 0.477241470738, 0.808326847872, -0.448283705065, 0.381640441754,  
94, 3775058.775389963, 96.59286243261808, 102.30056974578616, 95.87003732964652, 91.89125004317928, 0.541587722272, -0.818541540457, -0.191500615221, 0.517167329618, 0.144834318487, 0.843540736043, -0.662737272424, -0.555889167672, 0.501763431316,  
95, 3679310.1074410006, 95.76921509989172, 104.88825458839244, 96.17451895868795, 87.07448267866867, -0.193960717732, 0.561965760941, 0.804098080775, -0.424208599304, -0.787114132045, 0.447770485195, 0.884548644368, -0.254255435862, 0.391059930294,  
96, 3875346.120372738, 97.44075249893623, 106.02580653235884, 99.15264814600037, 88.00472396354239, -0.133615285611, 0.776674342409, 0.61556796643, 0.990856895932, 0.116414181067, 0.068193476451, 0.0186967172239, -0.619051455285, 0.785127842122,  
97, 3769779.0630109264, 96.54781055424064, 104.80629791172434, 95.97037133339477, 89.47521136091422, -0.922513096342, 0.135464781286, -0.361412340835, -0.045010014786, 0.892237329304, 0.44931797957, 0.383332343595, 0.43076889538, -0.81700334952,  
98, 3675534.7207593606, 95.7364472214695, 105.82302139607089, 95.78001253106423, 86.57188497208793, 0.0860437260573, -0.854207311155, 0.51276344134, -0.821373794621, -0.352105491806, -0.448739135969, 0.563863074439, -0.38255926627, -0.731919969037,  
99, 3500885.4405690073, 94.19541490889446, 107.96442272495354, 89.94759527549753, 86.06351236157583, -0.865774360096, -0.49591836369, 0.0670800563132, 0.141094444825, -0.113291271894, 0.98349247346, -0.480132393242, 0.860947190173, 0.168056004632,  
100, 3560900.4389725607, 94.73062601511793, 101.13230610166728, 94.18009105832087, 89.25287313930491, -0.135743343111, 0.820350841213, -0.555516194294, 0.97885008174, 0.0244267542604, -0.203115364148, 0.153056402276, 0.571338630759, 0.806316257262,  
101, 3733106.8580557937, 96.23371924365856, 98.84476737321559, 97.22461700929618, 92.73675336513554, 0.291569686752, 0.560388792084, 0.775210629103, -0.908878809225, -0.0903488975214, 0.407156464836, 0.298205345205, -0.823286996389, 0.482982498304,  
102, 3481003.5256626867, 94.01676089550325, 104.55701003322356, 91.8813640871989, 86.50381560526922, 0.146136854557, 0.950111573585, 0.275557648198, -0.545801344467, -0.154880196779, 0.823476178783, 0.825072670811, -0.270739953434, 0.495938469466,  
103, 3389694.5510735363, 93.18742658358983, 104.867098958138, 89.22551679049748, 86.48556561171286, -0.107697167511, 0.544867542599, 0.831577224996, 0.0747745577652, -0.829633704853, 0.553278122902, 0.991367785245, 0.121767305929, 0.0486069705462,  
104, 3625183.6414796533, 95.29727174060883, 101.41932030854758, 96.93111165959773, 88.03543471866087, -0.174525593578, 0.413478918939, 0.893630796683, -0.938724512761, -0.343814153711, -0.0242511205787, 0.297215588972, -0.843105575418, 0.448147165974,  
105, 3566429.577076063, 94.77963120914839, 103.70062718941178, 95.16580468157031, 86.2745566745512, 0.222144477106, -0.509562570258, -0.831262785335, 0.308392421884, 0.845516174854, -0.435885893537, -0.924957266805, 0.159525499694, -0.344971983691,  
106, 3435095.33808941, 93.60162645153291, 100.7759935414566, 94.56180496410767, 86.05524471195652, 0.0495697737123, -0.895410535667, -0.442473513503, 0.176277321982, 0.443906878163, -0.878563025215, 0.983091625073, -0.0344478756565, 0.179844934802,  
107, 3559648.933831991, 94.7195267852754, 102.0634400722922, 99.8763613432347, 83.36536285998712, 0.0275406604151, 0.975085443879, 0.220113355248, -0.917982724698, -0.0624861465181, 0.391667203949, 0.395663024782, -0.212847031053, 0.893390682844,  
108, 3847974.5672062286, 97.21080239383066, 99.54632683185936, 98.45697091069489, 93.72854466898623, -0.855138019829, -0.372743528132, 0.360279376703, 0.303397554952, 0.203670069667, 0.930842858044, 0.420343776797, -0.905307000391, 0.0610765450141,  
109, 3260028.9447183223, 91.98371568118964, 101.66906824768812, 91.03943803120912, 84.08420745348468, 0.413136143794, -0.228720135018, 0.881479226374, 0.815795863124, 0.52312352434, -0.246614857607, 0.404716736004, -0.820992617579, -0.402710175535,  
110, 3299363.9562649936, 92.35219146370943, 97.61153625531682, 91.69432395046024, 88.00310904817485, -0.470058693868, -0.874093435356, -0.122496900312, -0.875538317322, 0.479330858332, -0.0606183400621, -0.11170263748, -0.0787565522226, 0.990615932772,  
111, 3849632.741349301, 97.22476378987876, 107.5010667606649, 100.5592092209752, 85.01509935492693, -0.611167088557, 0.744931609491, 0.267491470978, 0.617086296668, 0.236818266241, 0.750414293067, -0.495660460728, -0.623693839922, 0.604422618467,  
112, 3436384.260472785, 93.6133321086938, 105.60723868990692, 96.22956640769424, 80.72552825509476, -0.831099358932, 0.354347219551, -0.428616266117, 0.549062997373, 0.40040410754, -0.733625500907, 0.0883384429265, 0.845053015297, 0.527334543567,  
113, 2822522.0912019005, 87.66971205401343, 101.11904339641147, 85.84721917592856, 77.62284499009891, -0.591584469578, 0.317466453614, 0.741109213398, 0.801058335491, 0.127366142258, 0.584878969486, -0.0912872307336, -0.939677027832, 0.329656980616,  
114, 3188088.04397764, 91.30205776434465, 98.37451525282842, 93.3188893970394, 82.9066811910282, 0.938928424909, 0.33624002999, 0.0731850745107, 0.307711087977, -0.915599098038, 0.258828472173, -0.154036681457, 0.220501550797, 0.963146804418,  
115, 3338694.871170154, 92.71771219489585, 108.53865209675271, 93.46045255294815, 78.57344901806756, 0.776096164736, -0.619413788545, 0.118327095979, -0.1313771772, 0.0247067972177, 0.991024526176, -0.616777739866, -0.78467581378, -0.062201984494,  
116, 3330203.634230249, 92.63904308723292, 95.58591473453994, 94.4355576015435, 88.07501615754708, 0.56755419943, 0.461198846922, 0.682039481487, 0.806177165071, -0.143055013499, -0.574119884372, -0.167214261436, 0.875688807003, -0.452999452606,  
117, 3478336.078035667, 93.99274015274044, 99.90029877031039, 96.54355842926418, 86.09795632389154, -0.864390848712, 0.498474118152, -0.065969797609, -0.408966636134, -0.620641546647, 0.668992048611, -0.292531624262, -0.605250050895, -0.740336156552,  
118, 3701909.0044226865, 95.96489150926334, 104.78360838053004, 96.26497604185528, 87.6143963227978, 0.83385615305, 0.340004547756, -0.434834248335, -0.284197728243, 0.939782539407, 0.189843171824, 0.473197175902, -0.0347229914004, 0.880271973078,  
119, 3455772.480475484, 93.78905878078983, 101.03609686239396, 92.82312142199383, 87.9678147024798, -0.551993499788, 0.0227879596003, 0.833536972838, 0.831101551145, -0.0660362246446, 0.552186045387, -0.067626828082, -0.99755697879, -0.0175124581832,  
120, 3807579.0038314243, 96.86943603900177, 101.33581758375445, 96.3163662978127, 93.13163953344868, 0.02929309388, -0.214365879847, 0.976314080718, 0.953874241984, -0.285952744418, -0.0914054617612, 0.298773903029, 0.933958402455, 0.196101650559,  
121, 3337366.5459618964, 92.70541441427498, 108.72711942333908, 90.84044541792382, 80.66741901579093, 0.354723353859, -0.819684786346, 0.449764597606, -0.483191298772, 0.251111353819, 0.838730741522, -0.800435825671, -0.514839721676, -0.30698949488,  
122, 3629626.902528163, 95.33619002451651, 102.98397396424295, 94.70203688315155, 88.8473357911216, 0.666340353435, 0.737164841704, -0.112154043794, 0.471895512257, -0.300449198385, 0.828881719367, 0.577325868895, -0.605242327787, -0.548066205635,  
123, 3262640.6683873422, 92.00827291939979, 95.1308626264773, 94.08234091396724, 87.0264135916387, 0.836004263026, 0.542075383487, 0.0851536894052, 0.420304332286, -0.732360297796, 0.535716961159, -0.352762158492, 0.412071198737, 0.840092963134,  
124, 3690396.457802783, 95.86530797550036, 109.64308869399967, 91.15731918382444, 88.14782676220025, 0.195072508852, 0.210592879518, -0.957913020784, -0.702670779517, 0.711390774896, 0.0133019174123, -0.684251775229, -0.670502650621, -0.286750246044,  
125, 3526165.456412772, 94.42160080587183, 98.1266241912038, 96.08925882177584, 89.27962872680914, 0.220905900115, -0.19761889884, 0.955064057598, -0.377295847135, -0.920328849524, -0.103163232151, 0.89936000969, -0.337552336023, -0.277866862754,  
126, 2586172.2815565146, 85.15097291051082, 128.96961973247025, 81.43766787914034, 58.78358866741339, 0.372816761134, -0.624780120315, 0.686044797281, -0.877870998894, -0.476992985567, 0.0426638139455, -0.300583053278, 0.618164616408, 0.726307328273,  
127, 3372312.242914057, 93.02786557217613, 106.63353779904027, 90.96146282730628, 83.00187742230055, 0.373990077589, -0.798050656913, -0.47248975742, 0.640562019502, -0.146146703376, 0.753870970567, -0.670680043714, -0.584599255981, 0.456543523522,  
128, 3552249.120479265, 94.65384680048952, 109.30770834123125, 93.62645044126022, 82.86391687561184, -0.229689716636, -0.582567912141, 0.779652013283, -0.821017467521, -0.314209146437, -0.476658085341, 0.522659499194, -0.749591382047, -0.406127822075,  
129, 1632232.961490594, 73.04063017160686, 104.49062770800207, 92.83139076840595, 40.171804400406714, -0.638200682593, 0.420101794763, 0.645146782349, 0.715111790885, 0.633873536918, 0.294651430901, -0.285157877808, 0.649398815237, -0.704958270745,  
130, 3639706.9961043177, 95.42436340929446, 104.02308000826696, 94.66042924792207, 88.2428723274106, -0.0768231118254, -0.988638418489, -0.129198633806, -0.441305452817, 0.149913681889, -0.884745943928, 0.894062473658, -0.0109528749923, -0.447808360491,  
131, 3922496.4336871966, 97.83433920519563, 109.60237329945788, 101.58754415696806, 84.1033951766889, 0.215879358645, -0.859070249293, -0.464106032378, 0.953789261626, 0.287272971569, -0.0880924753538, 0.209002743807, -0.423642002857, 0.881388283616,  
132, 3491674.456321009, 94.11273158602667, 104.06815521751722, 93.87325600921044, 85.32678823369952, 0.065040122662, -0.075818792972, 0.994998137223, 0.975346766336, -0.205881942668, -0.0794437604967, 0.210875479472, 0.975635247578, 0.0605590277477,  
133, 3188600.0823433814, 91.3069455061698, 97.26249932247681, 92.20605238434274, 84.88023814864206, 0.632002022812, 0.726448406041, -0.269900271436, 0.553946763136, -0.179915045012, 0.812879794428, -0.541956111481, 0.663252056113, 0.516120415494,  
134, 3205277.4318456943, 91.46585648708708, 102.1547195386967, 87.73461401254163, 85.37832117544988, -0.134655925323, -0.74555662865, 0.65269678661, -0.988384482362, 0.0542250088271, -0.141970995076, -0.0704549274392, 0.664232611285, 0.744198321219,  
135, 3723647.372158347, 96.15236685360235, 103.60249318475317, 93.8072594443839, 91.46886335263974, 0.364233909465, -0.139254447176, -0.920837585103, -0.700618420859, 0.610447452338, -0.369442466817, -0.613569464323, -0.779719248753, -0.12478143121,  
136, 3772524.558769719, 96.57124316361875, 105.4929509506009, 95.9746256637095, 88.95361425056237, -0.764386498336, -0.642300786595, -0.0562403831943, -0.632101546821, 0.763723473342, -0.131049955254, -0.127125590138, 0.0646231831926, 0.989779232216,  
137, 3612232.9518458256, 95.18365561437888, 97.33873839706516, 96.42128433860364, 91.88159289225109, 0.844376758009, 0.529524181732, -0.0814372856562, 0.47790996051, -0.67576424315, 0.561199391772, -0.242136243011, 0.512783412993, 0.82366450159,  
138, 3329104.6300785104, 92.62885132863434, 103.69658580912024, 89.42962057705098, 85.7024011256548, -0.233935501526, -0.523413225797, 0.819336790451, 0.121371330801, 0.820406618646, 0.558750373728, -0.964646661315, 0.230155545537, -0.128394874014,  
139, 2755974.787051155, 86.9752215335427, 103.55217761935178, 89.03761363176703, 71.35984253198173, -0.39513677446, 0.45739101947, -0.796655750483, 0.917349715064, 0.150837533252, -0.368398614051, 0.0483366293984, 0.876379765781, 0.47918897774,  
140, 3415695.448028305, 93.42508691461997, 97.41884675899027, 94.44244746004487, 88.62991123177582, 0.385467473254, 0.895945064448, 0.220674576139, 0.835466043225, -0.237371169383, -0.495632342129, -0.39167756852, 0.37541626155, -0.840030542827,  
141, 4296455.830075597, 100.84953823369882, 103.0703621871518, 101.91863986914686, 97.64147259093133, 0.469240313383, 0.657954409218, 0.588990257718, -0.675595842644, 0.696990692348, -0.240362709633, -0.568668432128, -0.285131496278, 0.771567394419,  
142, 3756701.680373746, 96.43603959537585, 102.7031205046818, 98.41279281679779, 88.73253802772587, 0.0434471357721, 0.272935267407, 0.961050823942, 0.606159305063, -0.771868983375, 0.191805029622, 0.794155679498, 0.574216520407, -0.198977748538,  
143, 3101831.8448718046, 90.47110199822043, 107.05788043075097, 87.14157267334639, 79.37534148126683, -0.129529682376, 0.988052770051, -0.0835091909842, 0.98605567552, 0.137225007956, 0.0941461734023, -0.104480936817, 0.0701499877903, 0.992049753316,  
144, 3613431.241985983, 95.19417957815371, 100.34183417379955, 98.13654874607856, 87.60287712089466, -0.878741065643, -0.345654588909, 0.329145932254, 0.264149479552, 0.222181776177, 0.938541587138, 0.397541434326, -0.911678761133, 0.103935771,  
145, 3595308.380915271, 95.03476663404183, 109.2765131265844, 96.3787080504132, 81.49662217429231, -0.978148312079, -0.0931785083489, 0.185859207896, 0.131511494019, 0.415089380712, 0.900225267898, -0.161029831146, 0.904996448392, -0.393764932262,  
146, 3413312.8365189037, 93.40335903442083, 104.20044596704003, 94.26045740310471, 82.96374809008348, 0.751959335502, 0.415225049429, -0.512001285232, -0.37201431284, 0.908488488443, 0.190404877586, -0.544208148408, -0.047295081073, -0.837616061518,  
147, 3861957.617709721, 97.32841061771578, 102.27829724232826, 101.44572885734358, 88.85904433489998, -0.148847764727, 0.810556711397, 0.566429307633, -0.660176626439, -0.507916468078, 0.553342284087, 0.736214075415, -0.291579627314, 0.610712826209,  
148, 3177385.891829268, 91.19977870511512, 98.905556709399, 95.83410716086125, 80.02774150336421, 0.629573365831, 0.676297655144, 0.382438045549, 0.339275513604, -0.682133075011, 0.647755041543, -0.698948855714, 0.278057457413, 0.658904050278,  
149, 3809766.6119679497, 96.88798429018888, 105.8428176844928, 98.27556685383357, 87.43852275405202, 0.583069802235, 0.807404224076, -0.0901555581584, 0.687629353829, -0.549557372274, -0.474502440807, -0.432660926679, 0.21467443612, -0.875625153249,  
150, 2599558.3813370885, 85.29763476157588, 101.40857405949329, 81.58261049855845, 75.01337267123886, -0.0969621578219, -0.987147192497, -0.127038420549, -0.625613652006, 0.159721229327, -0.763607678934, 0.774083909131, 0.00543592194579, -0.633059675211,  
151, 3158686.183546582, 91.0205154277517, 101.60066828885961, 89.53656547776674, 82.89357604000445, -0.33922216356, 0.810982555838, -0.47669237237, 0.940554867277, 0.301488033771, -0.156401749143, -0.0168779558019, 0.501410270755, 0.865045013274,  
152, 3476225.2509189383, 93.97372315081229, 98.07985089109368, 94.71765207713581, 89.33231316897181, 0.930217432447, -0.187690611078, -0.315385102509, -0.141430321371, -0.976292173125, 0.163862921039, 0.338663538883, 0.107823129279, 0.934709142046,  
153, 3474880.765300819, 93.96160630927145, 104.77980367906044, 92.65654016091857, 85.4471610430677, -0.945817779342, 0.214121748472, -0.244091386803, 0.267924786919, 0.0899897362401, -0.959227895719, 0.183425834697, 0.97265293101, 0.142482416328,  
154, 3644637.0552082076, 95.46742873491233, 113.66435059488664, 99.12113932822876, 77.22805847423977, -0.950524003346, 0.0626330917551, -0.304271613662, -0.149376403931, 0.766645596809, 0.624452735475, 0.272379898326, 0.639008313491, -0.719359135813,  
155, 3301781.925066943, 92.37474633515467, 100.0206543257725, 92.89941792673847, 84.83148943651841, -0.442036116814, -0.714399180683, -0.542436984425, 0.0664862998407, -0.629156393891, 0.77442998648, 0.894529844871, -0.306261395977, -0.325607607357,  
156, 2891902.6629128424, 88.38224331687191, 108.57717550479313, 85.88020033585173, 74.03949930415715, -0.319499591852, -0.422006649465, 0.848428192962, -0.940227715982, 0.252551102133, -0.228450832589, 0.117863704785, 0.870705649814, 0.477472322209,  
157, 3215192.695134874, 91.56007344890641, 104.5812991612344, 92.28036213546505, 79.53441196314638, 0.656360450191, 0.51325376439, -0.5529570804, 0.285730322196, 0.509221104716, 0.811820207614, 0.698247192907, -0.690843281687, 0.18758043007,  
158, 3260157.460654777, 91.98492438395716, 95.23685575597176, 93.54637384069825, 87.36107324836775, -0.0258922292495, 0.944635553155, 0.327098248514, -0.973951870382, -0.0975730142563, 0.204688204517, 0.225271717364, -0.313278117023, 0.922555946678,  
159, 3231675.3444688874, 91.7162674069557, 99.5318926810528, 96.8005196926043, 80.07540871778657, -0.915020009666, -0.0785772485795, 0.395681687617, 0.152274111234, 0.841009020779, 0.519149710601, 0.373565224503, -0.535284450526, 0.757574801632,  
160, 2835746.1784002795, 87.80641556221488, 96.16259840081119, 90.54684633829211, 77.74979050091851, -0.480366970417, -0.474332540765, -0.737737225917, 0.0388629505233, -0.851825855419, 0.522381453649, 0.876206165699, -0.222264150982, -0.427622967554,  
161, 3609913.8137679435, 95.16328120877124, 110.38790342580187, 90.3780274575435, 86.38212443079833, -0.901025319842, 0.177111695945, 0.395960629562, 0.363124023425, -0.191328980226, 0.911884951591, -0.237264233747, -0.96541424709, -0.108078743976,  
162, 3315000.217607798, 92.49785264942429, 100.47287111756647, 90.87952782000373, 86.67225124356804, -0.0154596249774, 0.251740336102, 0.96767133014, -0.526412870147, -0.824852127079, 0.206175795371, 0.850088519002, -0.506207241782, 0.145271257406,  
163, 3711507.713004977, 96.04776262870048, 102.1808559587254, 100.85395722199989, 85.98036379476397, -0.779722468464, -0.379690352415, -0.497863544011, 0.279434156297, -0.922591551602, 0.265972519648, 0.560311899273, -0.0682646701921, -0.82546381528,  
164, 3190428.317790517, 91.32439294350633, 123.58443423601405, 95.67606119573206, 64.41593580791462, 0.384020282902, 0.515438188291, -0.766062592985, 0.439399649113, 0.627687725557, 0.642601017386, 0.81206919082, -0.583379459046, 0.0145614588682,  
165, 3278316.308824992, 92.15539146833342, 102.69425742085983, 93.50196857354712, 81.5070793884253, 0.0745648985823, -0.997211986571, -0.00288612880021, 0.623143216171, 0.0488536711472, -0.780580457708, 0.778545186896, 0.0564054310815, 0.62504865355,  
166, 3749740.164706698, 96.3764344620465, 112.64585781854308, 96.34426219067554, 82.48433616430412, 0.634430605408, 0.628513685616, 0.449964836309, 0.560687063074, 0.026530930374, -0.827602638369, 0.53209757021, -0.777345905454, 0.335567458271,  
167, 3743560.4593643085, 96.32346141871224, 102.73531371044697, 96.61508750679896, 90.03918166424361, 0.031887476865, 0.277735191779, 0.960128299795, -0.826859590879, -0.53233398102, 0.181449027615, 0.561503700603, -0.79967724483, 0.212673219543,  
168, 2958861.2366368957, 89.05917403001986, 108.94909220459313, 89.92802018583058, 72.0970243914046, 0.743268230202, -0.668710665622, 0.0194520861436, -0.478430877134, -0.510999978676, 0.714130882681, 0.467606922294, 0.540097275938, 0.699741880086,  
169, 4176704.1817271933, 99.90372983468387, 110.17924626148248, 100.08514102621035, 90.42233241402964, 0.666937144856, -0.109107619523, -0.737082337445, 0.577606490161, 0.700621488302, 0.418927526732, -0.470707539067, 0.705141870471, -0.530291764195,  
170, 3069283.3440525853, 90.1535413612043, 107.97132521386548, 86.09948044937617, 78.82054087158087, -0.53495063064, 0.663197077045, -0.523447666703, -0.259430330349, 0.460680972997, 0.848804420826, 0.804066991284, 0.589866661305, -0.0743881402441,  
171, 3607754.3496212475, 95.144301745052, 103.42398350557289, 92.79382062116963, 89.7445392236851, -0.28968244112, -0.0165219911379, -0.95698020205, -0.910608911282, -0.303147132838, 0.280879380778, 0.294746491074, -0.952800524591, -0.0727713290968,  
172, 3544259.510479441, 94.582829352024, 98.7119504153956, 97.85121213641719, 87.59936563305742, -0.241467101667, -0.640088855233, 0.729369519667, -0.868140180604, -0.193363400629, -0.457103076032, 0.433619955298, -0.743570341463, -0.508995954467,  
173, 3483686.386143934, 94.04090805863633, 100.92069366893014, 92.97653654872107, 88.63328602207287, -0.222242458965, -0.935463657132, 0.274801811527, -0.711980034885, -0.0368456117649, -0.701232365781, 0.666102634253, -0.351497008634, -0.657842787878,  
174, 3827664.747310696, 97.03947263557028, 111.7894685461747, 100.40332812630567, 81.4134731997117, -0.0142573305764, 0.903640611311, 0.428054171938, 0.718936720659, -0.288263554857, 0.632482501441, 0.69492929152, 0.316761374744, -0.645550548956,  
175, 3492061.6847623135, 94.1162105070726, 119.21918439063379, 88.60275119946859, 78.92233822325151, 0.694830634375, 0.652610963653, -0.302174319977, 0.552126344624, -0.21482960701, 0.805608304031, -0.460832821211, 0.726599731676, 0.509593897945,  
176, 3336315.1894839127, 92.69567852688682, 105.10340212320024, 99.69953817857169, 76.00961674553743, -0.639602438377, -0.47838534963, 0.601711042014, -0.766693593438, 0.34039820632, -0.544343636791, -0.0555846615804, 0.80949151842, 0.584494505538,  
177, 3494732.5630826, 94.14019909501896, 102.38045411079594, 93.7429111987248, 86.93003397182872, 0.352943147689, 0.315528706872, -0.880836403448, 0.697596193946, 0.538639462803, 0.472469130529, -0.623530820964, 0.781222864649, 0.0300025175235,  
178, 3287364.0553173004, 92.24009274536223, 111.41288021129458, 94.23110614535608, 74.75315070561095, 0.790739953782, 0.569551246622, 0.22436956782, 0.563634513854, -0.820407769619, 0.0961624996644, -0.238844008268, -0.0504229017418, 0.969747941836,  
179, 3146754.981612132, 90.90576789096345, 104.76512061051726, 97.61801200368903, 73.45606213963805, 0.369092128094, -0.794945686299, 0.481489726592, 0.815961492177, 0.525193834629, 0.24161597495, -0.444947012871, 0.303698521402, 0.842489978478,  
