# Void_ID, Void_Volume, r = (a*b*c)**(1/3.0), a, b, c, vector_a, vector_b, vector_c 

7, 514585.79984515376, 49.71144600670816, 115.38518472456605, 92.14635628716402, 11.554229026984396, 0.408550588085, 0.909368242975, -0.0783314473434, 0.821450245972, -0.403744266691, -0.402753101175, -0.397876752735, 0.100199629651, -0.911950724464,  
9, 1575450.271605685, 72.18362641845023, 104.5474429112685, 75.34099805704716, 47.74977241505946, -0.849955200305, -0.472649575709, 0.232762832208, -0.477966617241, 0.505895580496, -0.718065160301, -0.221639505229, 0.721576080685, 0.655899298296,  
19, 2632169.5209989445, 85.65283633004057, 105.08807205200019, 78.03677471150732, 76.62535693563095, -0.911698759327, -0.277799410232, -0.302709200252, -0.163191826894, -0.431312460801, 0.887320679795, -0.377059411602, 0.858368830301, 0.347892442129,  
22, 1686032.295145534, 73.83445835267673, 121.44293528784873, 65.42319227835793, 50.66094571675893, -0.0330879354987, -0.278385143848, 0.959899421924, 0.0142011647052, 0.960197398231, 0.278961078562, -0.999351547477, 0.0228619359653, -0.0278175562994,  
26, 877736.6870993377, 59.39618445332439, 118.12200593117414, 47.05992605950193, 37.695854099035344, 0.120635595404, -0.772328794894, 0.623662798072, -0.731149335558, 0.35582575954, 0.582072742843, 0.671466828842, 0.526209332324, 0.521762432857,  
28, 1155262.0923463665, 65.09245296117652, 116.09582917584763, 60.61618810296875, 39.19102969165563, 0.427715750825, -0.359291732611, -0.829438778557, -0.723726189667, 0.413637842594, -0.552380428296, -0.541552988069, -0.836548376396, 0.0831094162064,  
39, 728904.2171576835, 55.82909885025549, 150.48823401309446, 59.09570817710244, 19.5669604157395, 0.916391210955, -0.400037063659, -0.014053333553, 0.148101070304, 0.306229707376, 0.940366651522, -0.371877965816, -0.863825048271, 0.339872129662,  
40, 2272416.486273191, 81.55797622853888, 120.8087279637106, 90.40074103742515, 49.67398708628652, -0.394654125439, -0.0837548224377, 0.915004508728, 0.893011853225, -0.269372096315, 0.360511447428, -0.216282110388, -0.959387202044, -0.181102858291,  
61, 1147598.7568754593, 64.94820507091548, 100.16234927481084, 61.43894661775828, 44.51979917278273, 0.212369394986, 0.226888687116, -0.950484488949, -0.753052337623, 0.657864970005, -0.0112186470311, -0.622745065716, -0.71814706356, -0.310569441875,  
64, 254114.4707256376, 39.29285593168128, 98.87985218979395, 79.08805374371771, 7.75750547690165, 0.625810531355, 0.43014603147, 0.650642429031, 0.708607123938, 0.0350461867413, -0.704732366718, -0.325940366862, 0.902078797226, -0.282872269486,  
70, 1047604.4865169931, 63.00421141340892, 117.54046924156107, 50.85798217014307, 41.83715990691463, -0.814560783708, -0.438763244013, -0.379443731466, -0.57928902811, 0.581175103363, 0.571541530549, 0.0302481661768, -0.685362907469, 0.727573180861,  
73, 1460673.4631624795, 70.3863065530943, 120.58186238496808, 89.97443684478569, 32.14129757475126, 0.525483383673, 0.0736752046312, -0.84760791508, 0.261940573655, 0.933843589889, 0.243563719582, -0.809477825117, 0.350011591016, -0.471420764071,  
77, 1519542.348257065, 71.31946328402002, 97.2161667658486, 82.38583003963417, 45.293218692047695, -0.741870363372, 0.464920555614, 0.483194827081, 0.668880414549, 0.462381313331, 0.582067446363, -0.0471948618279, -0.755018144186, 0.654003246909,  
82, 498204.9435612215, 49.17825800870081, 117.14262883830148, 82.67009383804191, 12.281630486626112, -0.0620104870719, 0.160903769757, 0.985020140084, 0.984276377641, -0.15368517181, 0.0870682512986, 0.165392599326, 0.974931200056, -0.148843687286,  
83, 605415.8603256152, 52.47934367367421, 133.57260383206338, 52.086304545067605, 20.77419705663843, 0.659994249879, -0.349019496142, -0.665276620241, 0.370482592832, -0.619166145421, 0.692369794816, -0.653567317524, -0.703433490586, -0.279340447818,  
87, 3040961.9565086965, 89.87539095606014, 138.61740234890055, 83.72355226164971, 62.55427214125266, 0.692125833332, -0.434203788914, 0.576566475376, -0.400913249337, 0.432981145502, 0.807338772849, -0.600191967074, -0.789933160041, 0.125599384259,  
88, 1426087.449361825, 69.8263245746436, 100.88775971292597, 75.89454033845453, 44.46400058997428, 0.202863669543, 0.149527169392, 0.967723078775, 0.93009782203, -0.338468652178, -0.142678004432, 0.306209688017, 0.929021311438, -0.207737887392,  
100, 2506045.0898449593, 84.26232221169975, 109.44753327393042, 99.98613525866176, 54.67068450637273, 0.501012672166, -0.198546110562, 0.84235725456, 0.83625750849, 0.361689763968, -0.412133345089, -0.222844523878, 0.910911607469, 0.34724683088,  
113, 3954664.1892020223, 98.10105260721377, 121.99206673109636, 102.62960042824093, 75.4078875691273, 0.904349613855, -0.307020383847, 0.296462914752, -0.236236804226, 0.218418898444, 0.946829106614, -0.35544893902, -0.926299988505, 0.124997532155,  
116, 821657.3584617405, 58.10328852222672, 131.400035008235, 54.80264079819994, 27.239878882609844, -0.435482541207, -0.84079613923, 0.321584838822, -0.867216188429, 0.487656585613, 0.100633677444, 0.241435371956, 0.235059368596, 0.941517952247,  
117, 1866574.1596957662, 76.3810363514967, 122.54398774492032, 75.14780333083552, 48.38918874481318, -0.754490784049, 0.0647462808357, -0.653109160787, 0.0229860308037, 0.997118338232, 0.0722956565078, 0.655907995967, 0.0395340192739, -0.753804856808,  
118, 771322.1334179114, 56.89171968120703, 101.76754843648355, 62.56168566169278, 28.92207380945466, 0.506905875947, 0.841955352929, 0.184817792986, 0.236417358276, -0.34197759865, 0.909482355369, 0.82894708253, -0.417327815627, -0.372403314524,  
121, 527615.2486505402, 50.127522790266696, 119.01096571240902, 87.33697770823343, 12.118352773241421, -0.0541619312662, -0.959887125953, 0.275105780802, 0.597692741698, -0.251867880292, -0.761134651293, 0.79989366276, 0.123204205717, 0.587359218852,  
126, 1888611.393817295, 76.68045220637411, 128.1501716447308, 81.80322975322005, 43.009495971374754, 0.726112457742, -0.535109425494, 0.43176220476, -0.554463772636, -0.827046224519, -0.0925444074107, -0.406608686019, 0.172198853817, 0.897227357585,  
134, 787400.4572718354, 57.28430975599899, 86.87050935461548, 65.51419318289541, 33.0292938220121, 0.287709679621, 0.0219084573745, 0.957467054132, 0.556473524523, 0.809836936819, -0.185745396357, -0.779461581322, 0.586245814704, 0.220806449146,  
141, 1827200.8208565193, 75.84015712914258, 129.47726799897754, 76.65042584722096, 43.95310628354505, 0.372053309183, -0.672631732045, 0.639642781693, -0.298227686279, 0.565952718802, 0.768607680951, -0.878997487063, -0.476722217991, 0.00996717670597,  
146, 2296096.761616601, 81.8402961484927, 109.54533658512328, 95.8318817294361, 52.215286675190434, -0.176577297565, 0.369724471341, 0.912208459332, -0.752072737438, -0.648560326005, 0.117286406437, 0.634985870384, -0.665336996434, 0.392580724933,  
149, 1392006.6990185017, 69.26559544484637, 103.53234152455853, 71.48353572550774, 44.90251372169789, 0.531452429185, -0.0685384899484, -0.844310837849, 0.374268157619, -0.875159257346, 0.306626190132, -0.759922141871, -0.478955895337, -0.439453738881,  
150, 1782545.5517019231, 75.2172311643567, 124.452887296797, 70.66881905612891, 48.38594382538257, -0.885746240537, -0.0927805507615, 0.454802558013, -0.464117444685, 0.16231222014, -0.87077536755, -0.00697100527421, 0.982367809221, 0.186828510918,  
151, 1881491.4814593317, 76.5839711596396, 142.55030715688272, 95.54080844175307, 32.9804500553668, 0.818068183854, 0.460494352534, 0.344542301975, 0.494705517202, -0.868960261381, -0.013210427375, -0.29331024158, -0.181254008027, 0.938677839708,  
160, 1381846.468665021, 69.0966610058516, 130.63573647714898, 75.52858965434316, 33.434729237187994, -0.868966301131, -0.124837225782, -0.478866614578, -0.470532391229, -0.0913070567103, 0.877645879726, 0.153286777978, -0.987966947045, -0.0206027969753,  
162, 1797519.7647710252, 75.4272640606859, 134.59957301993492, 86.08980160655148, 37.033066574636464, -0.0334277358591, 0.666466824386, 0.744784907519, -0.435014505858, -0.680611483658, 0.589517080334, 0.899802737364, -0.304286017269, 0.31267403718,  
163, 4091116.9130105604, 99.21661982017211, 118.97891837608027, 112.08392556133505, 73.23858278529107, -0.510577662927, -0.725878597431, -0.46088036616, -0.859601068683, 0.44333169793, 0.254053160441, -0.0199111234982, -0.525887124204, 0.850321280316,  
175, 2241083.8689971888, 81.1813931786937, 112.55267891243757, 72.83582768317368, 65.26323604512373, -0.999255347676, 0.00707880015485, -0.0379294177412, -0.00483500808646, 0.952305329824, 0.305108474948, 0.0382801885917, 0.305064664255, -0.951561967391,  
184, 1969517.1734364545, 77.76014365631289, 136.3143601410721, 72.37099311501754, 47.66120531414194, -0.0953846787972, -0.820939343911, -0.562992323811, -0.151669805633, -0.546982095559, 0.823290263028, -0.98381808944, 0.163918213621, -0.0723379992348,  
194, 1644236.6217038634, 73.21924323471075, 138.605586090325, 81.99181203722301, 34.54017149148191, -0.550381257471, -0.113482579259, 0.827165144109, -0.801859417199, -0.204157320909, -0.56155254729, -0.232598251227, 0.972338157497, -0.021367288137,  
195, 241463.34407764685, 38.629658356001315, 115.3933749396594, 91.35056240838973, 5.468528763148567, -0.854115501255, 0.449700114417, -0.261259483289, 0.511395264663, 0.817626504376, -0.264502897192, -0.0946656949262, 0.359522887221, 0.928321980656,  
197, 2493216.437706519, 84.11829423490786, 119.27953288747123, 85.49415222978469, 58.367223195932254, -0.616357330299, -0.722491943843, -0.313223614162, -0.78323190828, 0.521264756467, 0.338866982042, 0.0815562336045, -0.454189877416, 0.887164097568,  
213, 3160972.1265228647, 91.04246733255398, 143.32481491464537, 84.29998452164622, 62.457295181412896, 0.623315128561, -0.728382019301, -0.284495842615, -0.61989065024, -0.238482736945, -0.747570442115, -0.476669521002, -0.642328279105, 0.600167101406,  
229, 1277679.2212956306, 67.31487973664932, 135.56125838104043, 95.36525930152587, 23.594318467918917, -0.421208603079, 0.872000557708, -0.249395950346, 0.897427722461, 0.440483496414, 0.0244493833334, -0.131174676102, 0.21351654911, 0.968092912692,  
230, 1325242.1392455595, 68.1400125447367, 126.53803569171158, 90.67562428004055, 27.57369610652569, -0.36759794804, 0.068255202948, -0.927476671333, -0.165841180324, -0.986128740944, -0.00684172438474, 0.915078385443, -0.151298822052, -0.373818425094,  
235, 453334.9244832529, 47.655188260774956, 80.56187407805243, 57.96922954011607, 23.17413218905044, 0.704503576049, -0.67124152482, 0.23045504267, -0.568018799307, -0.338628506097, 0.750123575481, 0.425475445787, 0.659367538036, 0.619842798471,  
239, 2913427.2922720304, 88.60097988187967, 129.21390079983033, 95.73669004736468, 56.22480128421573, -0.665540974936, 0.0931900714832, 0.740520642021, -0.738216095511, -0.22837329569, -0.634730363339, -0.109964571613, 0.969103321836, -0.220786196573,  
244, 1807220.9498385817, 75.56271391955423, 123.81855469877675, 81.00453310166571, 43.01575893648386, 0.460167777532, -0.883716441999, 0.0853865719053, 0.548660332997, 0.358666975478, 0.755201853611, -0.698009638556, -0.30067133359, 0.649907142322,  
256, 1853021.6345470455, 76.19572870933513, 138.11411204248887, 98.29671708760576, 32.584781371104555, -0.880671971241, -0.424267550241, -0.210746114749, 0.00523545220588, -0.453558208882, 0.89121127753, -0.473697655799, 0.783761441363, 0.401657234371,  
268, 255407.4241167147, 39.35938488528552, 126.76263462906847, 64.88490069395301, 7.413273219139349, 0.558337179501, -0.606147594621, 0.566431538248, -0.638289061913, 0.122280929618, 0.760022662619, 0.529949683866, 0.78589596499, 0.318623390202,  
272, 112692.60642080494, 29.96417131709528, 100.18868317683692, 39.62597209391811, 6.776543280733644, -0.492292376488, -0.126000162658, 0.861261966571, -0.868821485716, 0.131254760925, -0.477411157906, 0.0528908499655, 0.983308774874, 0.174087366703,  
292, 861297.5970090054, 59.02303563345357, 135.9855952416856, 68.40120429149582, 22.105888315576067, -0.0988638317619, 0.642783264542, 0.759641769253, -0.589218680225, -0.652984463574, 0.475849385, 0.801902294325, -0.40055082718, 0.443296452954,  
301, 1309770.6376106138, 67.8738076953964, 118.30480368999235, 105.35740370222871, 25.086449620808953, -0.630297354761, 0.534001082337, 0.563531799142, -0.759189364134, -0.27216298181, -0.591234996188, -0.162347633081, -0.8004812024, 0.576951549645,  
303, 782573.5627303576, 57.1670156653158, 119.44050973249311, 67.73409704850862, 23.092851836949116, 0.584443792731, 0.606813874768, -0.538704347976, 0.624242714106, -0.760382601362, -0.179274463971, 0.518407645608, 0.231506416618, 0.823200031608,  
313, 1103249.854172426, 64.10055008443179, 110.99599789358287, 86.72002644429075, 27.36267472440348, -0.403201451024, 0.912392350703, -0.0704896323583, -0.477210043287, -0.275361536867, -0.83453376121, -0.780832353631, -0.30284686294, 0.546428964395,  
314, 840090.3435694273, 58.53457388252591, 128.50346564008947, 72.93653512985236, 21.398208497127193, -0.762825503577, -0.313839370838, -0.565333618676, -0.609352219615, 0.641394568288, 0.466157570163, -0.216303313758, -0.700084178569, 0.680510851768,  
321, 814256.8512278706, 57.92832051071779, 148.55850107316286, 59.719438996056375, 21.910868076989853, -0.342859933077, 0.92980823709, -0.133804740311, 0.0636324159674, 0.16509919387, 0.984222115085, 0.937228884493, 0.328936009617, -0.115771843074,  
322, 372526.0706984018, 44.63641987100292, 133.11895717578324, 52.24921662879527, 12.786402520486476, -0.470000568659, 0.882665923412, -0.000577153921891, 0.174621114588, 0.0936228901232, 0.98017458689, 0.865220741661, 0.460581829963, -0.198134918952,  
338, 80458.28102057501, 26.78103642201377, 124.77071016186476, 74.81337348827147, 2.0577388399922114, 0.313673966776, 0.902286722398, -0.295782543688, -0.528673043073, 0.424710998396, 0.7349322291, 0.788741691617, -0.074156850154, 0.610235450855,  
339, 1523988.8581508454, 71.3889609364174, 153.43774811800705, 71.1118675115641, 33.344090994335716, 0.872677666489, -0.00024639650098, -0.48829666157, -0.383016648385, 0.619918361524, -0.684835361313, -0.302872807415, -0.784666275772, -0.540894535186,  
351, 595899.2355529113, 52.20291320534283, 131.74225709007825, 36.20335698501978, 29.827048233600898, -0.759626123938, -0.526762837741, -0.381430288003, -0.231634220742, -0.328896990263, 0.915517535374, -0.607711888655, 0.783803344322, 0.127822446453,  
358, 2057537.5563621598, 78.90170486084804, 116.40475882954901, 77.9656962949129, 54.12337429341953, -0.340777764442, -0.931372146805, 0.128126653818, -0.939044985483, 0.330616233774, -0.0942731202645, -0.0454426066753, 0.152442874945, 0.987267005109,  
365, 717646.5139453367, 55.54018517906155, 103.80266090944679, 73.76576068139754, 22.37477405875781, -0.177628378876, 0.333910033297, -0.925717153714, -0.144396866374, -0.939338243601, -0.311116070124, 0.973446302576, -0.0784076129667, -0.215068691886,  
370, 1587453.274813023, 72.36647979633604, 104.04257021537606, 76.59883126515753, 47.55313200559378, -0.679084075994, 0.644164062135, -0.351990736788, 0.728246281339, 0.530967526012, -0.433279171017, 0.0922072201492, 0.550568930629, 0.829681674607,  
374, 580320.2858314211, 51.74396616930757, 94.28359168978244, 43.46076080427301, 33.810041186698705, -0.593582484263, 0.3243314092, -0.736524929233, -0.158270399487, 0.850276662453, 0.501976172675, 0.789056598111, 0.4145343584, -0.453377271909,  
379, 778180.2807279328, 57.05983840555321, 94.48530849571264, 85.08148217599515, 23.10959209179748, 0.73780524364, 0.399869735914, -0.543826826074, 0.585812991784, 0.0209547531954, 0.810175312494, -0.335360345173, 0.916332413821, 0.218788359533,  
398, 1965457.4416489103, 77.70667835602295, 95.47158302713156, 80.61356194280005, 60.9667157410781, 0.689237575006, 0.687823968466, 0.227705409692, 0.598382723308, -0.717590552096, 0.356373281811, -0.408521335607, 0.109370873389, 0.906172351381,  
401, 1336046.986456753, 68.32469591389348, 110.19288339597766, 68.76505956771165, 42.093181468210965, 0.403447270822, 0.838616558957, 0.365995309682, -0.451384065137, -0.165523681438, 0.876843393442, 0.7959162804, -0.518964524728, 0.311758073941,  
402, 2089901.9271548826, 79.31325355980393, 121.85794570495798, 75.42426507065102, 54.284064462797446, 0.20124149206, -0.704740670515, 0.680325252504, -0.874843939818, 0.18311055722, 0.448462489845, 0.440624491871, 0.685427684848, 0.579688662997,  
421, 2673870.0827303594, 86.10279133535619, 119.36117533542507, 75.84587218338699, 70.51096466458546, 0.417328652409, 0.39040473337, -0.820622288292, 0.417901851748, 0.719424373003, 0.554785196121, 0.806966441796, -0.574467332136, 0.137085543089,  
433, 959442.370938155, 61.184783577968034, 85.61780555761301, 68.45832148576562, 39.07868539440732, 0.448746042313, -0.663214977947, 0.598976529202, -0.0850619184229, 0.635509351408, 0.767393207102, 0.889601854507, 0.39531475725, -0.228767967947,  
458, 2243236.6435874924, 81.20737901425996, 134.51118910741772, 85.25957301077393, 46.69656295553118, 0.829450649465, -0.261087065037, -0.493806808957, -0.388070836151, -0.905200080758, -0.173245028573, 0.401761927304, -0.335330222716, 0.852139070517,  
473, 3634540.3748621624, 95.37918990021574, 120.79834832718576, 102.72430780212004, 69.92406512501101, -0.723796131595, -0.00984132061991, 0.689943699368, -0.651548445183, -0.31943636945, -0.688073418649, -0.227164661574, 0.947556623258, -0.22479471135,  
477, 1184618.3964210448, 65.63920128389611, 104.74119982967756, 60.00216806576645, 44.99926039425216, -0.345425887449, -0.0107210527189, 0.938384790642, 0.21066897837, -0.975299358406, 0.0664058961682, 0.914494143137, 0.220626880778, 0.339152239629,  
485, 243988.08628622873, 38.76382912180858, 106.31187650578471, 61.899986201946064, 8.851312524679468, 0.0316521002363, 0.861200703575, 0.507278515919, -0.980961836345, 0.124060640735, -0.149408276393, 0.191603810466, 0.492891778773, -0.848731803477,  
486, 1309427.3675641336, 67.86787762891858, 120.78042963284237, 101.21531721179875, 25.571134329179294, -0.255995742082, 0.584868369477, 0.769672118776, -0.195738962692, -0.811072073117, 0.551224410466, -0.946653283161, 0.00954372013139, -0.322112525193,  
495, 1609802.157517968, 72.70450109232183, 86.44866500388663, 68.18995151665449, 65.19363897553004, -0.573186659831, 0.698303643532, 0.428752929345, 0.768889953764, 0.277432578989, 0.576055034798, -0.283311298737, -0.659850881295, 0.695939309468,  
543, 764573.762623438, 56.7253164165239, 109.21131694909, 58.481076376496844, 28.579049431202954, 0.0176554844361, 0.997341938434, 0.0706918786756, -0.992805228916, 0.00911254857713, 0.119393211262, -0.118431673577, 0.0722912117742, -0.990327177954,  
556, 2371839.1287321555, 82.73047922740872, 131.4338328318821, 95.00992817199386, 45.344065668791096, -0.133936012968, -0.176897287793, 0.975073583891, 0.405036138985, -0.907773853415, -0.109052084675, 0.904437322619, 0.380334038218, 0.193233405048,  
559, 1616803.5025315683, 72.80975069616825, 102.97814778359621, 84.23608557474002, 44.496451553133156, -0.838046734025, 0.473046066611, -0.271854906988, 0.352786164638, 0.849918512915, 0.391382732685, -0.416196580512, -0.232090370906, 0.879155541473,  
563, 3067017.8307697778, 90.13135438836461, 117.07023011780582, 98.87126615085653, 63.25736884813649, 0.707427184631, 0.546604699917, 0.44807374446, -0.320038647794, -0.317511600693, 0.892615061123, -0.630176199458, 0.774861074938, 0.0496817087262,  
566, 1397424.919742963, 69.35534846187811, 109.37685704783262, 82.84847935673211, 36.81543132584947, 0.680090233961, -0.102865937077, 0.725875934757, 0.610746875302, 0.627191109677, -0.48334207995, 0.405543497026, -0.772042687247, -0.489371598164,  
569, 1105909.4683429943, 64.1520180026432, 107.44284263346424, 73.28180059867263, 33.531836911690455, 0.569549828566, -0.761112930221, 0.31035479734, 0.420607480267, 0.594273485701, 0.685513217769, -0.7061886011, -0.259896386362, 0.658598153681,  
570, 3689877.1261312333, 95.86081087726512, 131.3378173880289, 101.14476087379037, 66.31169181339249, 0.298273094838, -0.644115548076, 0.704377967871, -0.653348207183, 0.400204334969, 0.642629450339, -0.695822736814, -0.651883157474, -0.301461552996,  
580, 2146794.2745090784, 80.0265214610676, 134.53253272866218, 103.74792566709773, 36.7193579226716, 0.790379923863, 0.591095101851, 0.160953895641, 0.192105900389, -0.488621781855, 0.851084060086, -0.581717198465, 0.641759561569, 0.499749703497,  
581, 2065274.2791298085, 79.00047617862258, 117.19139171510022, 87.81266593563764, 47.91111224757296, -0.263769464265, -0.925686095065, 0.271165859071, 0.085458030678, 0.257589714285, 0.962467902887, 0.96079269081, -0.27704294342, -0.0111630097731,  
592, 1767750.4678873138, 75.00855236848076, 104.51979636205768, 84.82613526934183, 47.59968907911373, 0.602384915675, 0.156503010399, 0.782712732172, 0.656670276638, 0.460299912119, -0.597417892838, -0.453780300529, 0.873859713363, 0.174506848614,  
595, 1764166.7963337908, 74.95783105707946, 126.28698238663078, 60.88311251969117, 54.776666842389915, -0.134540074929, 0.217559769051, 0.966729908055, 0.911894201642, 0.408940722735, 0.0348776475642, 0.387747254341, -0.886247839027, 0.253410407387,  
597, 1021835.0235606945, 62.48331437558788, 95.53772179019367, 79.62145793653339, 32.0691292782012, 0.0799096422959, 0.892840921149, 0.443226283732, -0.743608168538, -0.242719910145, 0.623003962189, 0.663823275241, -0.379370708861, 0.644528140973,  
607, 314005.1283524653, 42.16473520053747, 83.5055144987012, 65.53311424755411, 13.698473335943815, 0.49488757497, 0.854124911369, 0.159865330576, 0.731312387868, -0.310022121792, -0.607510061934, -0.469327688819, 0.41756067796, -0.778058224511,  
625, 2254826.8203455172, 81.34699744319657, 122.68624599656097, 78.54808372835417, 55.8589940471835, -0.356468039915, 0.0568933583588, 0.932573687326, 0.180971766268, -0.975036486336, 0.128658735135, 0.916613198865, 0.214632234502, 0.337273253579,  
636, 919265.6682248136, 60.31853854839483, 95.13530339544951, 62.11166430887472, 37.13962869146832, 0.457621524498, 0.167849518329, -0.873160397357, 0.570310274518, 0.697991656592, 0.433074864323, 0.682150079599, -0.696156725548, 0.2236897011,  
640, 3752770.022774833, 96.40238544273979, 111.09080312599671, 94.62689367068623, 85.22571458672454, 0.725862008512, -0.441150352752, -0.527741140016, -0.486187336297, -0.871789606715, 0.0600396173198, 0.486565739261, -0.213000581901, 0.847280669841,  
641, 3868432.3072917247, 97.38277159809174, 107.66382443394055, 97.92233738118553, 87.5981265699517, -0.138925875311, -0.0451892276917, 0.98927121401, 0.862250070923, -0.496833615526, 0.0983929554249, 0.487056892327, 0.866668501899, 0.107987459703,  
642, 3779975.36149191, 96.63477799220492, 124.97451966136833, 86.84025243726676, 83.14914852893295, -0.780625020358, 0.61917262911, -0.0851459508832, 0.304022895907, 0.495213972437, 0.813838559094, 0.546072024879, 0.609416423198, -0.574819073084,  
643, 4539773.121102834, 102.71846322844084, 129.2596234610857, 110.62371081267058, 75.79393079365992, 0.963444254309, -0.267478511466, 0.0151794183725, 0.1234619804, 0.49356022898, 0.860903850476, 0.237765237649, 0.8275587872, -0.508541193507,  
644, 2536310.730261859, 84.60017925634978, 98.31262500705509, 92.65167987410436, 66.473915336124, 0.216603089871, 0.591310828753, 0.776810533694, -0.262727553721, 0.801651949556, -0.536962181433, -0.940243231283, -0.0877818635794, 0.328993936802,  
645, 3617869.560370913, 95.2331387818298, 101.75309786066148, 98.16768321480401, 86.46654651641488, 0.529946527447, 0.845658787065, 0.0633868591001, -0.486196341898, 0.241739502265, 0.83974706321, -0.694816375147, 0.475839499101, -0.539265218537,  
646, 2763209.7394427597, 87.05126380460143, 108.95345987474708, 93.19567330396768, 64.9663496728692, 0.549209996144, 0.810359212597, -0.204172296588, 0.245755534862, 0.0768986783142, 0.966276777305, -0.798731868164, 0.58086533709, 0.156916738902,  
647, 3551752.235347397, 94.64943323219718, 106.83090769655793, 97.14974632855451, 81.69875977704774, -0.548504325269, 0.830168591466, -0.0998154041448, 0.34314324284, 0.332348597009, 0.878519848927, -0.762493095086, -0.447620955508, 0.467161385536,  
648, 3149461.160525071, 90.93181978526395, 98.2348230413182, 92.00123925651624, 83.19332902497186, 0.405202984657, 0.188658694201, 0.894549293403, 0.74244270539, 0.503054674956, -0.442396680841, -0.533469184151, 0.843412052977, 0.0637709844194,  
649, 3056126.3413337152, 90.02453737974194, 129.99388997494987, 102.59319634088541, 54.70678516346746, 0.700165375162, -0.692680578677, -0.173095532431, -0.638450837238, -0.71594372078, 0.282497994872, 0.319607534102, 0.0872823269598, 0.943521499249,  
650, 1631573.8654385966, 73.03079757349829, 120.4497696083921, 81.19462006341178, 39.82767029809754, -0.575098781621, 0.781913913721, 0.240566046873, 0.801088780621, 0.597880484762, -0.0282080042471, 0.165885975721, -0.176492372274, 0.970222802035,  
651, 2729541.3069425123, 86.6962582228616, 103.0882544143311, 85.21594495239057, 74.17729835915054, -0.296067192561, 0.249653712841, -0.92196379601, 0.0540377046007, 0.968070194528, 0.244785671453, 0.95363732308, 0.0226521992648, -0.300104538283,  
652, 3154755.3236788865, 90.9827426121817, 137.26046557220033, 87.08411604486139, 63.0075593391961, -0.366438519379, 0.359267678866, -0.858282905829, -0.142967485769, 0.88975074721, 0.433478841297, 0.919392793929, 0.281549893912, -0.274675349658,  
653, 2759967.096168635, 87.01719874845831, 99.6558141232378, 91.70834249010998, 72.09477812516823, -0.815084339124, -0.461423237663, -0.350322873731, -0.561226696862, 0.778915472973, 0.279848674631, -0.143743225382, -0.424710821276, 0.893844843051,  
654, 2284734.5542037887, 81.70507761737089, 116.80285947707802, 76.48808150190705, 61.052000312389694, 0.48222052227, 0.139532350474, -0.864866516332, 0.785655658418, 0.367875556064, 0.497406032981, -0.387567483539, 0.919346669337, -0.0677727620934,  
655, 2979756.112165066, 89.26832173090968, 126.599918131042, 84.38296484317205, 66.58921645598988, 0.206000388859, 0.954396496231, 0.216081391544, 0.707388242259, 0.00733583539622, -0.706787139267, 0.676140306818, -0.298451861278, 0.673617674943,  
656, 3145538.545880245, 90.8940526184532, 114.54923212540118, 92.70509469894637, 70.71484894608253, -0.999028575252, 0.0261010581091, -0.03550550093, -0.0383699369021, -0.118989150718, 0.99215388421, 0.0216714967835, 0.992552425203, 0.119875057665,  
657, 3765383.5772177367, 96.51027169879382, 123.66317553584221, 87.14201482677014, 83.41662666187601, -0.0217323038591, 0.793175092678, 0.608605766752, 0.669173184422, -0.440738716963, 0.598294770678, 0.742788634956, 0.420264982749, -0.521193234852,  
658, 3422557.297708679, 93.48760615910938, 113.65459162699935, 97.98957212201573, 73.36607256595062, 0.875552746403, -0.156880543243, 0.456941881882, 0.120501019473, 0.986830534991, 0.107911998942, 0.467853494774, 0.039420684437, -0.882926450542,  
659, 3318893.947438942, 92.53405382626828, 103.77743854977942, 92.04477300161213, 82.94738282479075, -0.463856278851, -0.873307384571, 0.148901190811, -0.176670658971, 0.255888456704, 0.950425471031, -0.868115678253, 0.414554350816, -0.272983258444,  
660, 2501825.151766539, 84.2149990996892, 95.70128366603589, 93.6423398168697, 66.64665010666852, -0.189353251253, 0.963393585743, 0.189784470356, 0.44187224132, -0.0889995392199, 0.892652230361, 0.876866163443, 0.252887091341, -0.408844530895,  
661, 3473056.6770263114, 93.94516217061256, 121.45956521046269, 105.04477362058961, 64.98559351812818, 0.961190367143, -0.191087505301, 0.198994078879, 0.168469987344, 0.977731927325, 0.125132496393, 0.218474120837, 0.0867516201991, -0.971979019793,  
662, 2343370.5204236913, 82.39814808790987, 99.97923163269941, 87.08833529219832, 64.25139615225599, -0.529645478545, 0.20937403, 0.821972130074, 0.468345069605, -0.735758202911, 0.48919603701, -0.707197682995, -0.644067063597, -0.291631710821,  
663, 3406929.850873507, 93.34510045037031, 118.40404979365192, 83.77368298063266, 81.99746315348317, -0.926460360206, 0.231595908551, -0.296706144374, 0.325263640855, 0.889298840508, -0.321482715256, -0.18940634864, 0.394348712959, 0.89922985253,  
664, 1894212.094758693, 76.75617635182225, 134.681743981776, 66.67101576667082, 50.3609823262798, -0.861622985459, 0.388416900378, 0.326708038513, -0.0986326484466, -0.759564964197, 0.642909531602, 0.497872907065, 0.521721550892, 0.692769219687,  
665, 2523905.297003466, 84.46202352040211, 116.27150312465581, 93.98607383218226, 55.13757367254509, 0.643429008369, -0.727141598764, -0.239299407721, -0.725641168429, -0.67891793274, 0.111871959331, 0.243811414561, -0.101663837966, 0.964479371568,  
667, 3063233.818145947, 90.09427183662926, 132.663710481196, 90.04499254132573, 61.218098003738305, 0.382475658768, -0.394332873657, 0.835591978901, 0.497182227501, 0.85010075366, 0.173604554329, -0.778795353805, 0.34904196507, 0.521198142276,  
668, 3826176.442280499, 97.02689376850677, 110.76569849752464, 98.44090815900816, 83.77134377136993, 0.573033297934, 0.39534359229, 0.717869266298, 0.738302829736, 0.131182846578, -0.661588990513, 0.355727101953, -0.909117431798, 0.216711153699,  
669, 1737981.0865573091, 74.58511188569763, 96.09536947467856, 75.26869580846396, 57.36402081486837, 0.607624340443, 0.183737863445, -0.772679143266, -0.201367865411, 0.976723598616, 0.0739053089197, 0.768273156944, 0.11068608514, 0.630479933761,  
670, 3560064.53886597, 94.72321295217276, 114.94097416173183, 89.60835243380944, 82.5174684782066, 0.795582725443, 0.405768155793, 0.449889242725, 0.530726950997, -0.10863889679, -0.840551303366, 0.292193481209, -0.907496442885, 0.301783325733,  
671, 1743068.9965416354, 74.65782319234219, 118.435045298344, 77.9721219096361, 45.06157688479041, 0.530398919373, -0.716846063946, 0.45255795975, -0.662797854789, -0.683491267831, -0.305840956195, -0.528560299319, 0.137736732224, 0.837647063255,  
672, 2236187.6219992395, 81.12222925059864, 127.39102959448209, 88.9841243516108, 47.09428970720946, 0.752647014217, 0.356899732459, 0.553303761926, 0.558050024552, 0.100199760248, -0.82373550254, 0.349431884763, -0.928753244418, 0.123752854086,  
673, 1819631.5836542537, 75.73528877205207, 111.96847134011237, 83.12282695973082, 46.674406377116966, 0.194981616235, 0.803657549957, -0.562242573741, -0.437160023068, 0.584364101087, 0.683673687948, 0.877993897223, 0.112486175853, 0.465267209978,  
674, 675421.311797519, 54.42879466336864, 102.91003940207202, 44.2277044249747, 35.4269698438896, 0.368950503785, 0.282031709898, -0.885626129001, -0.590757441147, 0.806776748821, 0.0108131074006, 0.717552208196, 0.519200724358, 0.464273019181,  
675, 3371335.0891129617, 93.01887952074485, 102.10020244794606, 95.33841864151795, 82.6834832581457, 0.769930069353, 0.0132526278067, -0.637990639557, 0.556911595912, 0.474148939057, 0.681932737101, -0.311539985628, 0.880344904823, -0.35768098343,  
676, 3162717.14887571, 91.0592176557765, 108.53111345526031, 89.34779425969906, 77.86345131758445, 0.260500789942, 0.959167954203, -0.110164304883, -0.335458442151, 0.196915948954, 0.921244670344, 0.905321474411, -0.203029418258, 0.373057747932,  
677, 3412210.6465729116, 93.39330435234257, 98.42488560118242, 95.57864719783412, 86.59272892104445, -0.878145220063, 0.475135575233, 0.0557418839716, 0.476343698678, 0.857649016288, 0.193739117343, -0.0442453750097, -0.196683375017, 0.979468221425,  
678, 3455185.9811522732, 93.78375265102491, 98.16694089997722, 92.84273148015336, 90.50439152688287, -0.349847593876, -0.678154759452, -0.646307034846, 0.104532521295, -0.713855138421, 0.692447682747, -0.930956289549, 0.174691051811, 0.320629729386,  
679, 2645843.4147979417, 85.80089993352406, 106.1976145493855, 81.68290169400439, 72.81646814953727, 0.367266114103, -0.295210644666, 0.882023966062, -0.836843572247, 0.309022844515, 0.451882415188, 0.405966054024, 0.904077185225, 0.133551511173,  
680, 2368012.0134906494, 82.68595828694731, 104.42065743430952, 90.23686868139221, 59.9963530974047, -0.741415212098, 0.670481033743, 0.0275439042309, 0.670580966104, 0.741805160831, -0.006802298425, 0.0249930223877, -0.0134270903799, 0.999597450015,  
681, 3292456.185965731, 92.287694844658, 118.44799274351728, 91.36942711507234, 72.62778306736213, -0.65571062774, 0.535733990824, -0.532008142556, 0.12024911015, 0.769743606438, 0.626924981043, 0.745374888347, 0.347107867131, -0.569150599049,  
682, 769822.7595434433, 56.85483181162624, 96.93752256779433, 55.432409007195886, 34.20160353781026, 0.2886277379, -0.396613926857, -0.871430675348, 0.43948992669, -0.753730521322, 0.488609154198, -0.850613092571, -0.524011158518, -0.0432397097169,  
683, 3610776.9166952632, 95.17086487657083, 109.41641163216471, 102.97961981088639, 76.50297009423757, -0.624103969094, -0.467734756192, -0.625874135598, -0.0157614637503, -0.793325750401, 0.608593320709, 0.781182316762, -0.389690199519, -0.487745565205,  
684, 1940494.5871437562, 77.37629704950712, 100.16655262093677, 88.13581466353237, 52.47454433165201, 0.00828144635437, -0.581634467754, 0.813408116241, 0.421706653493, -0.735531843713, -0.530241836602, 0.906694499843, 0.347410783949, 0.239187857447,  
685, 3214769.653370148, 91.55605757410453, 113.96543418408825, 88.05851219562705, 76.47451965684692, 0.799580790151, -0.590217243797, 0.110969208098, 0.291379340803, 0.542832238567, 0.787674577808, -0.525136781967, -0.597475326601, 0.606015341661,  
686, 2044595.283458431, 78.73592157378208, 121.26227239926239, 70.66913935916016, 56.959116009650806, -0.600325628688, 0.157353833058, -0.784123020171, -0.110847783293, 0.954618978943, 0.276433308378, 0.79203655754, 0.252868298257, -0.555639915104,  
687, 1152759.8180319397, 65.0454226772942, 113.82683336443583, 81.96960350129052, 29.495294179714637, 0.598260684122, -0.663763466961, -0.448889979574, 0.528177615905, -0.0946209107548, 0.843845536402, -0.602588217517, -0.741933247116, 0.293977034704,  
688, 1829649.558572736, 75.87402126918484, 95.5907360312076, 76.02338305175523, 60.10578983015178, -0.09058908234, -0.360761826218, -0.928248093402, -0.0942872448537, -0.924786748512, 0.368618210665, 0.991414914967, -0.120914740706, -0.0497603442654,  
689, 2768624.0112943696, 87.10808319821203, 102.2219950623223, 90.20755772891343, 71.67836559532714, 0.310310874154, 0.947377812486, 0.0786285049569, 0.579838762096, -0.123081196679, -0.805380673344, -0.753322090047, 0.295510235751, -0.587519811762,  
690, 3408637.9697886864, 93.36069786499533, 140.2062192941639, 79.757526803441, 72.77015685541072, -0.613061208685, -0.78120148263, -0.117814251866, -0.332747871594, 0.120069342891, 0.935340690255, -0.716543654187, 0.612623535652, -0.33355298711,  
691, 3332892.5523833507, 92.66396967015653, 105.16125466517117, 91.3903499573488, 82.78975630441846, 0.632745334445, 0.744425716101, 0.213222172731, 0.245600980542, -0.454064019026, 0.856449662843, 0.734379670262, -0.489546953655, -0.470138575393,  
692, 2502070.749034872, 84.21775472750981, 97.51494847946492, 89.31812799216328, 68.58042444040082, 0.678886134913, 0.690554151729, -0.249496651986, -0.41301384095, 0.64009848994, 0.647837549359, -0.607069339538, 0.336762359395, -0.719762412389,  
693, 2938599.950475214, 88.85542583438021, 101.134539145649, 89.01795128660122, 77.9246325223217, -0.335374060291, -0.00895176518205, 0.942042517928, -0.92286262221, -0.19784664492, -0.330425915481, -0.18933784675, 0.980192109229, -0.0580913831326,  
694, 3338823.396032108, 92.71890191909573, 125.4244056001808, 88.9287053534504, 71.46292983551797, -0.454788475727, -0.662876489448, 0.594779120416, -0.860687561603, 0.155502368472, -0.484805048139, -0.228876306435, 0.732402739711, 0.641250234477,  
695, 2450236.6317505697, 83.63212650832769, 112.95996893001858, 78.59178299796274, 65.88972776722855, 0.601563192177, -0.760080841753, -0.245761754181, -0.608784696595, -0.237022205218, -0.757100830422, -0.517206843544, -0.605059987302, 0.605309419022,  
696, 1877603.5931204713, 76.5311840922317, 92.15220501257606, 78.7911633211658, 61.7350855369011, -0.94515436674, 0.227910090289, 0.233966266321, -0.0512976611298, -0.811005422221, 0.582785342207, 0.322570570565, 0.538820188813, 0.778216570842,  
697, 2545185.8558405777, 84.69874277505457, 101.4694303306653, 82.50532543583685, 72.57945252710353, 0.583785744972, -0.810870713358, 0.0410230445824, -0.554383921634, -0.36119499694, 0.749797733805, -0.593171704822, -0.46046374494, -0.660394176378,  
698, 2869974.67167242, 88.15828877166524, 124.91933950597941, 83.40542772701177, 65.76055373276789, 0.27443974726, 0.317156702405, -0.90779648118, 0.722322293494, 0.5551860622, 0.412333530847, -0.6347702966, 0.768882346304, 0.076724234085,  
699, 2765683.623642473, 87.07723487083221, 103.31297349828426, 88.24742058536305, 72.41974768455006, 0.568575570833, -0.593036973732, 0.570113118634, -0.683618399632, 0.0448791726443, 0.728458470709, 0.457589012037, 0.803923508581, 0.3798937857,  
700, 1528647.7048327657, 71.46163248430008, 150.23203467486854, 70.62609670948693, 34.39466195108961, 0.787550561348, -0.481710002303, -0.384343059001, -0.364973656073, -0.867129282775, 0.33894105288, -0.496546416454, -0.126658125029, -0.858719614118,  
701, 3081909.267115812, 90.27699194060622, 104.72303752852402, 94.05627718206581, 74.6966669941354, -0.361397266235, 0.852600937734, -0.377443581126, -0.297570593221, 0.27817102461, 0.913275765099, -0.883653641427, -0.442371475169, -0.153178718983,  
702, 3286068.5279336567, 92.22797409290679, 100.45543314868212, 97.51041520234025, 80.0872848719971, -0.573563005273, 0.0552889357552, 0.817293467835, 0.40604837908, -0.847331002377, 0.342278959706, -0.711442332751, -0.528179236617, -0.46354773344,  
703, 3827053.262160521, 97.0343048757188, 117.33768904964691, 93.28045769304472, 83.47332213427454, -0.816986899486, -0.557415142649, 0.147718532399, 0.121037406954, 0.0846976963511, 0.989027930015, -0.563810564096, 0.825902330169, -0.00172882487217,  
704, 4325386.087816382, 101.07538942053863, 119.07752889239794, 94.83818047428716, 91.43726830405154, -0.615766270189, -0.0786087355085, 0.783997810711, -0.701247289912, 0.508383247942, -0.49979867107, 0.359282811847, 0.857535503588, 0.368169419151,  
705, 2866257.3245502375, 88.12020985786754, 110.85714748820855, 90.70964846808195, 68.04706295836688, -0.967407950251, 0.229518360759, -0.106972799656, -0.0357984523552, 0.294241321183, 0.955060477518, 0.250679733127, 0.927762559593, -0.276434991303,  
706, 3499046.620418079, 94.17892015212196, 116.31883693369092, 99.17733416083301, 72.41001511189233, -0.947930184133, 0.276002326477, -0.158905889725, -0.0255609211215, 0.43141060574, 0.901793506611, 0.317450791969, 0.858899065685, -0.401892261239,  
707, 4585276.687290776, 103.06051602417624, 129.85038990218274, 93.76098454655543, 89.91072939300403, -0.33190395942, -0.880018350643, -0.339716741202, 0.10449068743, -0.392213317321, 0.913920352086, -0.937508110878, 0.267836547633, 0.222130875366,  
708, 3467043.709242966, 93.89091451491069, 101.07330997980742, 92.45587576034231, 88.57266306152545, -0.125327074742, 0.828639620974, -0.545572637591, 0.644412719222, 0.486104079357, 0.590283890461, 0.754337703977, -0.277595393664, -0.594907913693,  
709, 2234993.316410136, 81.1077847284332, 107.11237668883886, 86.95938726388589, 57.283756848169, -0.531579598798, -0.831611825868, 0.16076349467, 0.488152725606, -0.145684462736, 0.860513192113, -0.692192203528, 0.535908395525, 0.483396467696,  
710, 2612262.3683914235, 85.43635827490523, 107.03486001203045, 90.16961398128005, 64.61639563270808, 0.897420891858, -0.0759056373616, -0.43459645313, -0.0945269423812, -0.995293170388, -0.0213579526697, 0.430929692665, -0.0602481468171, 0.90037201244,  
711, 3501324.8889366244, 94.19935603466094, 102.18756326424499, 95.80366860264243, 85.38146821318954, -0.000529279771774, 0.882102400883, 0.471057400132, 0.910183148477, 0.195539656989, -0.365145010609, -0.414205692973, 0.428555243698, -0.8029782357,  
