# Void_ID, Void_Volume, r = (a*b*c)**(1/3.0), a, b, c, vector_a, vector_b, vector_c 

0, 1100744.3456821123, 64.05198864435644, 134.07073755783927, 50.48068282899706, 38.827429035143425, -0.146238752204, -0.885517450938, 0.440991010609, 0.375352860585, 0.362778353718, 0.852937334231, -0.915272886851, 0.290259728791, 0.279329254533,  
4, 2454473.5254450873, 83.68030367642946, 121.20679610417756, 98.45827775692858, 49.101022532305706, -0.331894988155, 0.625618977351, 0.706007515552, -0.760922544373, 0.26479241617, -0.592352815308, -0.557532598421, -0.733815965701, 0.388164308225,  
5, 1209489.207754574, 66.09538389627271, 93.67875525569426, 68.3950624637833, 45.0658457858815, 0.332046980363, 0.773529164688, 0.539812406498, 0.621145343975, -0.609994651145, 0.492021328027, 0.709875527463, 0.171927766671, -0.683020921024,  
6, 1450819.6172090678, 70.22767165974656, 125.70941253286531, 69.3020817499345, 39.75673697943719, -0.857128114114, -0.116022834235, -0.501866613684, -0.511636016987, 0.0789058958173, 0.855571414744, 0.0596655856958, -0.990107348494, 0.126993922462,  
7, 1045487.474396227, 62.961742896674146, 136.62408931113865, 82.71085030517699, 22.087189590280808, -0.369866055956, 0.276301764862, 0.88704928577, 0.902139215777, -0.12146775019, 0.413993262048, -0.222134949995, -0.953364002046, 0.204335859782,  
9, 1151737.0601162047, 65.02618033266849, 110.76968142417873, 89.61009306651242, 27.700454651670935, -0.9139510156, 0.359385716068, 0.188508483016, 0.405563133866, 0.792176601637, 0.456042515856, -0.0145631566628, -0.493252611656, 0.869764206876,  
10, 2088203.1619519915, 79.29175795497697, 124.29393925903216, 104.77938152128006, 38.27880371047955, -0.534781658962, 0.767434175838, -0.35362884921, -0.358884832358, 0.172592936862, 0.91728586343, -0.764990362254, -0.617459686053, -0.183120948441,  
11, 502507.8658395202, 49.31943412225661, 129.39788390167126, 45.81949021086327, 20.23377087730197, 0.163654431936, 0.163999566003, -0.972790506357, 0.552817853497, -0.831961112745, -0.0472559809565, -0.817073832504, -0.530042308907, -0.226816011351,  
14, 297332.5234755154, 41.40485510200824, 124.45780446927748, 35.34850455747477, 16.134690037652963, -0.197253993347, 0.284452891654, -0.938177709466, 0.921523210854, 0.380318285346, -0.0784408929614, -0.334493398987, 0.880025314557, 0.337149242581,  
15, 567325.3947850966, 51.35481923849396, 116.21538200863843, 70.7030132333306, 16.483220851048543, -0.490186518761, -0.72158605329, 0.488907705526, 0.202962115285, 0.451005057984, 0.86913797376, -0.84765768833, 0.525269459773, -0.0746219675803,  
16, 3196230.729010753, 91.37972310723553, 124.70687725057232, 104.74343956366056, 58.416062166190066, -0.313719734803, 0.677136561491, 0.6656320343, 0.869089830436, 0.487131685931, -0.0859394391085, -0.382443191373, 0.551533133776, -0.741315322733,  
19, 800145.251109012, 57.59172333356143, 118.14522833046513, 70.16397325849103, 23.04357529729458, 0.237761807063, 0.79268600623, -0.561353915662, 0.768795127246, 0.199639799253, 0.607534363536, -0.593652571312, 0.576014623149, 0.561946419594,  
20, 1841305.739937111, 76.03480431405606, 131.39176437654632, 69.39468165682594, 48.21064760746054, 0.811296876808, -0.2135546745, -0.544235039923, -0.236420547186, -0.97122777001, 0.0286695592897, -0.534698702588, 0.105408822025, -0.838442769478,  
24, 2639084.032824218, 85.72777194289347, 115.6666106024334, 101.3114564479802, 53.76480084533405, 0.738996689611, 0.526128580462, -0.420799963837, -0.367129769493, 0.838205584296, 0.403270542945, -0.564889037862, 0.143527402528, -0.812588616477,  
25, 1410114.2438145706, 69.56464343092895, 106.67732355661163, 79.41008748883172, 39.739088792458496, 0.569469533111, -0.407464914776, -0.713916517588, -0.706118954316, 0.202148508119, -0.678625082811, -0.420833070485, -0.890566293934, 0.172601283004,  
27, 2688157.980774738, 86.25588318296485, 124.02224854963461, 107.63534696405384, 48.07415539063851, 0.77610823327, -0.0898819502798, -0.624161233388, 0.571066705408, 0.519995520836, 0.635206640618, -0.267467433952, 0.849426802805, -0.454901394207,  
28, 408416.6643690765, 46.02618176564371, 83.63614248088237, 64.27429636581701, 18.13775452766001, 0.441683397088, -0.263048239248, 0.857742036142, 0.71537558712, 0.680230326068, -0.159763803316, -0.54143655777, 0.684172732083, 0.488624729812,  
29, 542429.6523730839, 50.592359905366585, 109.71962657452087, 72.14507073039518, 16.359266560070683, 0.0121625990264, 0.85372996426, 0.520573932606, 0.99242307403, -0.0739633510639, 0.0981114918504, 0.122264112963, 0.515436291721, -0.848160902104,  
31, 2184011.0515979514, 80.48632057689107, 112.70375363526556, 82.5312096254733, 56.05439006673487, -0.431709457439, -0.198601360389, -0.879877516481, -0.894120528916, 0.222975554124, 0.388368873667, -0.119060590155, -0.954379066155, 0.273834208888,  
34, 3007322.119063036, 89.54275377224724, 127.09059017570016, 97.93809748669914, 57.68013650485259, 0.144512527979, 0.186425628539, 0.971782699106, 0.666776637934, -0.743982949705, 0.0435693200907, 0.731112196836, 0.641665688323, -0.231819110657,  
38, 1644727.9421318048, 73.22653547940229, 114.21394444760016, 71.4792563325085, 48.09570614702211, 0.79196142122, 0.331557494902, 0.512705309972, 0.17590472592, -0.928010040662, 0.328412685244, 0.584683362768, -0.169902889924, -0.793270680977,  
40, 1297124.214303989, 67.65465012844554, 133.29310534930363, 73.41320565527322, 31.64543596427619, 0.186889383462, 0.47763072651, -0.858452821908, 0.655717147275, 0.590043952596, 0.471044750289, 0.731510342455, -0.650935498417, -0.202917706922,  
45, 681545.0726253142, 54.592794344930994, 103.07262404001746, 50.917357390259966, 31.002504899017886, -0.611302797038, 0.630131924143, 0.478792907748, -0.279161060504, -0.737801411452, 0.61458781273, 0.74052548412, 0.242038913059, 0.626928362681,  
47, 1573871.8004573032, 72.15951101735176, 128.9117566482667, 74.70245499395398, 39.01695239519541, 0.746558664289, -0.632640164367, -0.205952866463, -0.58630480599, -0.77189918979, 0.245801373623, 0.314478672168, 0.0627539897576, 0.947187996926,  
50, 1247374.62912574, 66.77841381609367, 123.86664260384568, 62.30402953848542, 38.58671392018195, -0.547305953218, 0.824711776352, 0.142501507076, -0.137964233796, -0.256840374709, 0.956555744383, 0.825482927604, 0.503868542247, 0.254350994432,  
52, 114382.87196659231, 30.113238407931135, 136.24071772458714, 38.73400319768276, 5.1745558715954445, 0.190183336636, 0.962187799038, 0.194999840639, 0.85454686316, -0.0644632929572, -0.515358266185, 0.483301104003, -0.264649056761, 0.834494409583,  
54, 1158017.1009674575, 65.1441549101233, 78.13520470186995, 69.09548969521092, 51.20706803952461, 0.212397779538, 0.134925576055, 0.967823471597, -0.392438506275, -0.895264621111, 0.210934295411, 0.894918544919, -0.424613173505, -0.137202226098,  
56, 1471953.1493093409, 70.5670223971944, 103.21106431395174, 68.42895319632369, 49.755285765014726, 0.762502784865, -0.54326802539, -0.351353604881, -0.375110751768, -0.813688109166, 0.444076102611, -0.527144597793, -0.20681275007, -0.824225126665,  
58, 2385392.5851690858, 82.8877629282228, 116.87843577914155, 72.19489808705822, 67.4885903941184, 0.142235386093, 0.983337042047, 0.113213765423, 0.608773349899, -0.177091169206, 0.77332640343, 0.780489656175, -0.0410728563366, -0.623818015992,  
59, 1105518.7717380384, 64.14446255364479, 155.08335967268812, 97.77993988725306, 17.404539832096955, 0.569403367329, -0.270557027031, 0.776259428541, 0.762322213717, 0.527171270355, -0.375440133957, 0.307643702597, -0.80553668249, -0.506424728282,  
62, 427678.1663476181, 46.738649206879785, 125.43307668825233, 77.39082176280142, 10.517849129892966, 0.429269290917, 0.751293439998, -0.501284393225, 0.451829493004, 0.301943135356, 0.839452471712, 0.782034516583, -0.586846240532, -0.20984161848,  
63, 3143508.626968175, 90.87449610928572, 131.88826044551257, 89.20372244711994, 63.787697996169534, 0.178087511042, -0.381399691619, 0.907093773347, -0.683114362647, -0.711424762231, -0.165013863751, 0.708265208772, -0.590261876558, -0.387235472453,  
64, 502734.411508263, 49.326844570469056, 91.9601980958298, 53.06891602262529, 24.59290820816073, 0.818498626975, -0.402994140435, -0.409457837164, 0.240065814582, -0.407590863114, 0.881043752021, -0.52194674279, -0.81942993055, -0.236867445231,  
66, 2513323.3364113835, 84.34381704759923, 130.01562315905372, 109.84771415242938, 42.01198372051769, -0.0332388523996, 0.638690633427, 0.768745376222, -0.998019186072, -0.0623166654748, 0.00862191608864, 0.0534123854933, -0.766936052077, 0.639496840571,  
70, 1672799.661032005, 73.64079033487867, 145.81228607498684, 87.02715484095415, 31.470701092215798, 0.838095590076, -0.510281825085, -0.192894377531, 0.328603957034, 0.189978718708, 0.92516351304, -0.435448299247, -0.838761316124, 0.326900953283,  
74, 784614.7353081703, 57.21667508202318, 109.68934468386583, 79.94067179582413, 21.36169034141794, -0.100391619653, 0.983837964357, -0.148271314125, 0.763113687661, 0.171762393019, 0.623021010922, 0.638419158867, -0.0506017809315, -0.768023721872,  
76, 1842423.4336506086, 76.0501858684602, 130.12155807849805, 104.92511475976274, 32.21603820810003, 0.019699937263, -0.479397711424, 0.877376627654, 0.954507970356, -0.252132703386, -0.159196841709, 0.297533942599, 0.840599151894, 0.452621938086,  
77, 1860015.638175551, 76.29147217388397, 122.89039597390804, 98.20159776376154, 36.79522718729905, -0.255755099128, -0.416701214835, 0.87232415238, -0.690355862361, 0.71039100119, 0.13694308574, -0.676755578162, -0.567190200006, -0.469358247443,  
78, 2717035.957779247, 86.56365634547194, 129.06736095943887, 95.61926274406075, 52.55874126921921, 0.775352117636, 0.551771305666, -0.307209244524, -0.273178480895, 0.731620765333, 0.624583519884, 0.569387926859, -0.400349200047, 0.71799575679,  
79, 986276.0890693035, 61.74995304453874, 114.89689891673865, 73.4667932243557, 27.89398122751551, -0.261518372612, 0.85269223315, 0.452243403835, 0.963483321339, 0.25854503111, 0.0696732114182, 0.0575154786792, -0.453949801646, 0.889169020658,  
82, 1969256.5853704996, 77.75671400707888, 129.03501754691044, 64.19136574898475, 56.75831527075884, -0.787818146443, -0.612010419404, 0.0691795828014, -0.613800593174, 0.770870784503, -0.170314607179, -0.0509057949048, 0.176639407099, 0.982958351053,  
90, 3354681.4598187357, 92.86546258489685, 130.7265882579576, 84.3463210304095, 72.63277008270637, 0.229304778223, -0.885906938658, -0.403222289464, 0.440189243088, -0.275093447069, 0.854726286977, -0.86813175783, -0.373486936072, 0.326886462903,  
93, 733734.4891190329, 55.952149419014916, 119.65079748901651, 83.75893025753956, 17.478477693002148, -0.404196304985, 0.690993276703, 0.599294283794, 0.90980904749, 0.371203029067, 0.185622758081, 0.0941957756101, -0.620271394442, 0.778710827647,  
94, 1294702.3643353023, 67.61251808219586, 113.43623502966786, 74.46213782728742, 36.59266394476043, 0.723131101233, 0.0637626648932, 0.687761392487, -0.581053602686, 0.594510509239, 0.555818284343, 0.373440920676, 0.801555722935, -0.466958565394,  
100, 2236416.934237347, 81.12500207758, 103.35337332155095, 85.39712176715848, 60.491767370556325, -0.963173219622, 0.224852884987, 0.147439916967, 0.167596803485, 0.0732574206416, 0.983130032998, 0.21025855622, 0.97163497798, -0.108244210479,  
106, 1575578.018300922, 72.18557738884175, 121.45250377602551, 93.5104943015558, 33.119553922922506, -0.133626683162, 0.978824047121, 0.155072222931, 0.990611513727, 0.13648099313, -0.00785922292061, 0.0288572073788, -0.152566127604, 0.987871873418,  
107, 1574708.0202715807, 72.17228853610744, 118.7157865168689, 69.2641991381317, 45.71872800768426, -0.0770407108783, 0.147531842432, 0.986052272618, -0.702266347391, -0.710058545311, 0.051369636481, 0.707733499412, -0.688513774516, 0.158310063205,  
108, 1542420.3786600137, 71.6756073633151, 138.36763420520955, 60.504014341856596, 43.9840726089816, -0.468284778784, 0.225911788124, 0.854209125417, 0.874052085004, 0.260013291823, 0.41039741809, 0.129392112043, -0.938806131244, 0.319218936279,  
110, 2366504.873231277, 82.66841251668558, 112.19308791650799, 91.651154303277, 54.94330163886087, 0.475838286678, -0.879528755731, 0.00266322638185, -0.103016506716, -0.0527258091279, 0.993281223217, 0.873478977581, 0.472915591723, 0.115694938651,  
116, 1348408.628306309, 68.53477182205872, 108.57239758638033, 88.5204378867653, 33.49422485874841, -0.60266394357, -0.0437913374634, 0.79679262665, -0.766151305002, -0.247499300588, -0.5930904434, -0.223177841563, 0.967897936237, -0.115608114178,  
117, 1063963.662673989, 63.33047258694573, 116.10760894515671, 63.16976766687602, 34.631254617374154, -0.994529138521, 0.0617329492221, -0.0842664560423, -0.00475862145189, 0.779078148733, 0.626908760258, 0.104351081238, 0.623880021436, -0.774522156363,  
118, 961487.5958901554, 61.22822820020024, 123.07850183225875, 57.69385489991305, 32.3253560661301, -0.0485683665045, 0.042173796486, 0.997929098015, 0.0173134232054, -0.998922528886, 0.0430584098687, 0.998669794853, 0.0193688454345, 0.0477858627058,  
120, 3040558.73013551, 89.87141833924095, 119.72295341574949, 96.00342540311807, 63.153967084515756, -0.974123205039, 0.192097372556, 0.119090641365, -0.193652650581, -0.981068981734, -0.00151789392624, 0.116544550823, -0.024540834056, 0.992882226217,  
131, 3098350.2346650506, 90.43723996101903, 145.36239595509934, 91.93623963749565, 55.348147563623556, -0.895158728114, -0.403511887773, -0.189391150549, -0.402871636397, 0.914216026304, -0.0436291397531, -0.190749301616, -0.0372453174909, 0.980931949861,  
132, 1733658.114290333, 74.52322071119804, 112.27800238659097, 83.8743291418636, 43.949213811717776, 0.846781895193, 0.272247515023, 0.456992026776, -0.367857333913, -0.32086291533, 0.872770285615, 0.384241335439, -0.90715394511, -0.1715526625,  
135, 187472.28407521822, 35.504452540761754, 79.08098855106049, 43.11713804811513, 13.125820035598165, -0.571807711389, 0.0270888867148, 0.81994032308, -0.783237265354, -0.315382213337, -0.535792353129, -0.24408057554, 0.948578015625, -0.201555007173,  
137, 2203660.881722942, 80.7269822069424, 91.66858192401504, 78.32021310536189, 73.2760043088295, 0.0161001997997, 0.703947640405, 0.710069365017, -0.380774054922, -0.652332481057, 0.655342241319, 0.924527935038, -0.280927132415, 0.257542314208,  
139, 3250654.690731033, 91.89546426290075, 100.7457472336292, 91.4426817368133, 84.2377100047778, 0.508866808909, -0.840893017183, -0.184264767234, 0.430820674064, 0.0634497076325, 0.900204244269, -0.745283917436, -0.537469132374, 0.394561546728,  
140, 4285882.561210889, 100.76674245766318, 113.8216901464568, 99.18461494620071, 90.63215687131063, -0.809447543039, -0.501434324014, 0.3055458947, 0.0833349851431, 0.416983605099, 0.905085605526, -0.581248617477, 0.758081982229, -0.295739332693,  
141, 3542043.881756353, 94.56311633763235, 98.69501897471352, 97.16971111135213, 88.17372359912956, -0.884978144001, 0.154835708723, 0.439135045224, 0.363541647947, -0.359530073777, 0.859404210054, -0.290948715151, -0.920197820772, -0.261887028693,  
142, 3832117.49394168, 97.07708693129264, 107.33330816449305, 98.54072510239352, 86.49677955180623, 0.531724741866, -0.771604741243, 0.349134533065, -0.728148595122, -0.205976026177, 0.653738097453, -0.432514071804, -0.601830540876, -0.671365457676,  
143, 3611642.835624124, 95.17847207288061, 102.23282392205671, 94.9776147879081, 88.79828333319674, 0.13621644698, 0.667671571751, 0.73188780004, -0.665798610945, -0.485359931522, 0.566690344488, 0.73359204551, -0.564482425899, 0.378420799661,  
144, 2967006.3469269993, 89.14081942581616, 107.17863189531438, 100.50890882610511, 65.7532311031227, 0.547414539001, 0.806793348577, -0.222310177866, -0.507286017263, 0.531184788905, 0.678604167925, -0.6655811139, 0.258702943022, -0.700053260897,  
145, 3007769.538201127, 89.54719417398162, 98.09790751720497, 95.06697618974803, 76.99570911813103, -0.998526977462, -0.0285575797691, 0.0461339345545, 0.0371424919718, 0.260039174629, 0.964883445266, 0.03955136622, -0.965175679499, 0.258595431387,  
146, 2914906.048360524, 88.61596762250173, 109.94633690026558, 102.24031654511013, 61.906036889394464, -0.0734845160579, 0.834472734499, 0.546127532064, 0.991184798333, 0.00057863231945, 0.132485322727, 0.110239382496, 0.551048927558, -0.827159209574,  
147, 2739476.5134152076, 86.80131888720972, 108.5211451928799, 86.72572083296308, 69.48909982490066, 0.668768187438, -0.506299970364, -0.544434983704, 0.407287217794, -0.363138397598, 0.838002163727, -0.621985718239, -0.782170597887, -0.0366459016521,  
148, 3173655.4095693673, 91.16407300212346, 99.21145059999013, 90.76797545974149, 84.13500255310504, -0.559697481059, -0.828693046592, 0.00256207465332, -0.820741542057, 0.554749120741, 0.136516424579, 0.114551520455, -0.0743050978582, 0.99063449445,  
149, 3339608.4158456745, 92.72616799886369, 113.3948210899819, 88.93311004996389, 79.05880348396396, 0.614651367611, -0.783878165003, 0.0879699876371, 0.434307972451, 0.429409428144, 0.791823293473, -0.65846813238, -0.448489203272, 0.604381628765,  
150, 3055315.427618976, 90.01657429383664, 110.30669867082216, 106.74751175004947, 61.945219503919795, 0.277711561593, -0.275664906488, 0.920263629559, 0.952913629091, -0.0423945099766, -0.300263752419, 0.121786304857, 0.960318470537, 0.250911400886,  
151, 3545600.0458329218, 94.59475244853303, 98.992820544176, 94.14896702852468, 90.82007935938067, 0.934897028066, 0.014448514983, -0.354624854357, 0.228234496002, 0.740706135884, 0.631872958037, 0.271802431461, -0.671673775488, 0.689186315573,  
152, 3726876.3228776343, 96.18015157870873, 108.60523225173796, 92.55609976184166, 88.51167865123773, 0.83555050011, 0.00634168617702, 0.549377051562, -0.217217036438, 0.922277438198, 0.319720324771, -0.504650493755, -0.386476532285, 0.771986897004,  
153, 3127745.4922955357, 90.72234468089474, 107.72205452642687, 88.6364326310431, 78.2034479082091, 0.481785774318, -0.589086403074, 0.648736986288, -0.807242250226, -0.0103187652229, 0.590130047138, 0.340943422161, 0.808004166324, 0.480506867888,  
154, 3362301.7757862676, 92.93572549164944, 100.74838777135469, 92.78345099405456, 85.86960278489339, 0.745653281709, -0.584846438698, -0.319305224853, -0.238699037145, -0.681842031228, 0.691458034964, -0.622112492354, -0.439370103207, -0.648020029988,  
155, 3499759.1825430333, 94.18531272928622, 101.90133821933688, 92.67990463479217, 88.46756763063243, -0.958379740442, -0.243480361777, -0.149082482337, -0.285495164187, 0.818952089423, 0.497805169173, -0.000885627721935, -0.519648716595, 0.854379556757,  
156, 3404426.583709523, 93.32223284540225, 98.44841870775178, 93.4957976505259, 88.29874436802666, 0.316252977141, -0.734378927815, -0.600559443211, 0.128676009888, -0.593994435676, 0.794111512865, 0.939907728944, 0.328417722979, 0.0933555585103,  
157, 4020668.675566222, 98.64382234442489, 108.26796842738256, 99.01021111438156, 89.54260048260848, -0.983915791919, -0.129604705254, -0.122932236575, -0.177662934838, 0.781609454882, 0.597931887111, -0.0185902124259, -0.610155128156, 0.792063838075,  
158, 3235455.848826188, 91.75201755645413, 120.51223080635387, 95.35205636718293, 67.21801437431938, 0.32154227055, -0.852412614389, 0.412314568115, 0.511600204595, 0.522803693683, 0.681866210139, -0.796790938019, -0.00830859201425, 0.604197954639,  
159, 3908549.089895485, 97.71824395065724, 102.68660923676968, 98.17133406363061, 92.56108897184417, -0.954405607173, 0.28238142235, 0.0968022174754, 0.276041727696, 0.711433032626, 0.646269297321, -0.113626148255, -0.643524492463, 0.756944731161,  
160, 1758225.137189141, 74.8735845215929, 110.54681959821943, 86.29335233837818, 44.000973192338996, -0.535985569838, 0.125392375886, 0.834862995344, 0.676558110555, 0.655301553661, 0.335930047497, -0.504963951156, 0.744886988636, -0.436067405562,  
161, 3492343.430725219, 94.11874159535577, 105.40474122317313, 92.45047865987897, 85.55768502519913, -0.196397208922, 0.673949299033, -0.712194129897, 0.952384003342, -0.0416470465673, -0.302043430139, 0.233222740113, 0.737602783241, 0.633679167757,  
162, 3579897.9729542998, 94.8987910970721, 106.12274807211267, 92.84610937462787, 86.73808763010634, 0.442299482626, -0.447150434684, -0.777449455868, 0.44374305986, -0.644208246524, 0.622966958945, -0.779399297212, -0.620525764068, -0.0865130720366,  
163, 4029874.62172554, 98.71905174736084, 110.29975575514837, 96.9901325480168, 89.92921896751828, -0.905324822062, -0.206910971243, 0.370910793233, -0.382646081608, 0.0183858269639, -0.923712042574, -0.184306654214, 0.978187002237, 0.0958188179124,  
164, 3754677.18045913, 96.41871324086368, 110.6729359175873, 98.37192624533238, 82.33251602852893, 0.683538521331, 0.272836843042, -0.677004539819, 0.662844826022, 0.156348050844, 0.732251339099, -0.305633483886, 0.949270953983, 0.0739785742718,  
165, 3270829.9342066874, 92.08518921144383, 112.25587459978202, 102.83510279996415, 67.64238157674805, 0.192699295023, -0.766630135567, 0.612490993352, -0.474722224117, -0.619115901964, -0.625567190528, 0.858781573875, -0.170216730011, -0.483239560878,  
166, 2711480.4220847874, 86.50461705483546, 104.09029429438849, 89.03543165904672, 69.8465177178199, 0.140255874285, -0.720571791445, 0.679046819522, 0.579877681481, -0.496116569004, -0.6462276878, 0.802539820974, 0.484401324661, 0.348260236631,  
167, 3459407.4846697515, 93.82193171620716, 110.05316809325869, 96.04516560227398, 78.13309945364557, -0.0550272963816, 0.635385332745, 0.770232092025, -0.964806693503, -0.232493118632, 0.1228616863, 0.257138174577, -0.73636433151, 0.625817489732,  
168, 3446200.974140953, 93.7023890471285, 122.05179234831388, 94.20039855872713, 71.55748855789105, -0.585842272458, 0.248611471258, -0.771350224062, 0.774602087165, 0.451622891497, -0.442750912404, -0.238286462814, 0.856871694149, 0.457154745579,  
169, 3464989.1459678123, 93.87236432647254, 99.97270300003697, 95.4732532064651, 86.66627160861671, -0.763112546051, -0.646174165464, 0.0108715199752, -0.619123280599, 0.726135385019, -0.299021347138, -0.1853256741, 0.23491775265, 0.9541844916,  
170, 3634393.028090583, 95.37790097010082, 100.64110974676552, 93.99731197556507, 91.71754681450165, 0.513042361632, 0.716884784207, -0.472084464204, -0.466948399295, 0.694575368164, 0.547288087149, 0.720240742785, -0.060342887832, 0.691094789679,  
171, 4017075.7300774604, 98.61443025982138, 105.38261392980435, 100.80790583562897, 90.27299477543912, 0.700608790943, 0.295768970895, -0.649359713802, 0.296931713847, 0.706659163239, 0.642233901567, -0.648828852137, 0.642770210002, -0.407268434535,  
172, 3003339.3764855443, 89.50320770523507, 123.66939781837995, 87.09800754403597, 66.5649077609218, -0.0827584668616, -0.518551658483, 0.851031852311, -0.168691166433, 0.848927308116, 0.500864967734, -0.982188539197, -0.102110739003, -0.157731006622,  
173, 3355462.512421974, 92.87266914919185, 101.00043049683721, 92.4666089913864, 85.77399256519266, -0.961273693288, 0.270566205694, -0.0524100651512, 0.260265986083, 0.828697630674, -0.495501617963, 0.0906338958732, 0.489953227617, 0.867024412382,  
174, 3404017.526193263, 93.31849499715511, 99.82023693490339, 96.48105129493254, 84.38058942033445, 0.278142363732, -0.249640670028, 0.927532404483, -0.833953596168, -0.5419016611, 0.104230461651, 0.476611188429, -0.802509891257, -0.358914543448,  
175, 3916433.4333436904, 97.78390571846076, 112.37248151200484, 93.9104418814142, 88.59889073598205, -0.534151391413, 0.845120413745, 0.0213020497502, 0.275999160583, 0.150515011448, 0.949299581105, 0.799066176489, 0.512949039965, -0.313650327579,  
176, 3416275.262236907, 93.43037291751193, 102.81580441116262, 95.29005373019702, 83.24473925992295, 0.595896728247, 0.485569186564, 0.639632436891, -0.359766129786, -0.550678469263, 0.753207511479, -0.717966169901, 0.678951978088, 0.153456151157,  
177, 3224009.9444981865, 91.6436942682368, 101.53282736486258, 92.5857695919787, 81.87608015393766, -0.0565427238257, -0.836073685711, 0.545695622526, 0.69843314307, -0.423692327765, -0.576780682802, 0.713438199877, 0.348519157945, 0.607898290426,  
178, 2236180.908306525, 81.12214806625626, 111.64108608441732, 85.5089941760029, 55.921971681535474, 0.94840588231, 0.00549881554471, -0.317011112466, 0.239329459356, 0.643391481606, 0.727164913401, 0.207960795065, -0.765517579435, 0.608880237232,  
179, 2566762.5982627645, 84.93741334591773, 119.12405886425341, 83.22469877935684, 61.80809787545307, -0.6214739418, 0.499553329501, -0.603503612788, 0.771501006579, 0.524186426978, -0.360575632315, -0.136221644796, 0.689692004272, 0.711174101562,  
180, 3371829.615614942, 93.02342747685917, 100.80842699458225, 95.27083569791161, 83.81470073207277, -0.0949604522521, -0.87369603537, 0.477113980393, -0.835176785941, -0.190892547169, -0.515790433859, 0.541721560152, -0.447454213539, -0.711563404099,  
181, 3182169.3958467958, 91.24552236367107, 98.65596340483322, 95.00044728457101, 81.05609802759844, -0.906269318733, 0.247212378669, -0.342873098618, -0.395198102251, -0.207728225756, 0.894800225861, -0.149981271833, -0.94643278898, -0.28595558054,  
182, 3529566.7885874766, 94.45195067883294, 113.37723723139138, 92.34778024107106, 80.47860953479629, -0.53194627254, 0.191257625907, -0.824896165383, -0.206338729501, 0.915517351983, 0.345329273197, 0.82125360994, 0.353904646411, -0.447542187296,  
183, 3563213.176451487, 94.75113015998045, 107.16272778421944, 91.18477301933257, 87.0536760822368, -0.301518517347, 0.475840322796, 0.826233968618, 0.904841170432, -0.130382065182, 0.405293687799, -0.300581170381, -0.86981406305, 0.391247307635,  
184, 3392338.355441929, 93.21164757629758, 101.04335507470567, 90.3586208824431, 88.70195695740483, 0.616046246884, -0.697940715086, 0.365192798292, -0.405640157018, 0.11632894981, 0.906600043266, -0.675235577198, -0.70664441812, -0.211448768322,  
185, 3656329.3331353166, 95.56940872753721, 100.64928424784043, 96.55706039117763, 89.81770853856395, -0.98198049846, 0.141005721382, 0.125824032612, 0.186091739108, 0.837483401662, 0.513800950346, 0.0329266651924, -0.52795732638, 0.848632368132,  
186, 3595536.9683943745, 95.0367806752174, 100.35879638773368, 94.70497002210456, 90.3123065208006, -0.755120935452, 0.376951150128, 0.536376922751, 0.0855279848388, -0.754528620831, 0.65067005783, 0.649982566422, 0.537209820056, 0.537520485733,  
187, 3195652.9772696453, 91.37421683229365, 102.23595376980803, 94.40825461852032, 79.04190184700872, -0.628380612382, 0.691978790022, 0.355391558907, 0.741998779757, 0.395969097813, 0.540967914406, -0.233614247901, -0.603633852379, 0.762266721981,  
188, 2895864.4576541255, 88.42258498471799, 97.37026786505724, 90.75558627841961, 78.23298297238877, 0.620675476796, 0.137852498724, 0.771854028362, -0.334278995004, -0.843948235631, 0.419534181055, -0.70923868056, 0.51840916675, 0.47773677881,  
189, 2317613.008237583, 82.095137923374, 113.31644401518481, 75.5028317734378, 64.66899811043798, -0.357222645781, 0.701333259899, -0.616865982123, 0.906187156477, 0.100213243513, -0.410831039798, 0.226311331528, 0.705754181273, 0.67133763252,  
190, 3146674.608457421, 90.90499392480933, 95.89770905149271, 93.65407456796629, 83.6427527530538, -0.410545978188, 0.824589437691, 0.389235480195, 0.198012557503, -0.336059434731, 0.92079046661, -0.890080348544, -0.455100335725, 0.0253112140858,  
191, 3603235.5143543696, 95.1045613216077, 102.18533017860359, 95.16485051649055, 88.45836700267051, -0.386897235007, -0.374809016951, 0.842513341352, -0.119249775977, 0.926331835862, 0.357335725611, 0.91437958227, -0.0377826769946, 0.4030911173,  
192, 3458469.452734379, 93.8134508877854, 97.379517256597, 96.47177171685252, 87.88757125294832, 0.0662567191508, -0.26726128606, 0.961343566131, 0.380928801062, -0.883711353774, -0.271932880933, 0.922227355748, 0.384220832574, 0.0432557062916,  
193, 3361915.163330764, 92.93216330036351, 100.70414235862451, 91.72708971262624, 86.88667761820763, -0.293171536359, 0.61455979187, -0.732370611429, 0.917982143503, -0.0330890833886, -0.395239037509, 0.267131492863, 0.788175979574, 0.554454137638,  
194, 3427794.7586017745, 93.53526916763009, 102.33844461276342, 89.89450564198395, 88.95169754982886, 0.88842125301, 0.193425195385, 0.416286405004, 0.370807837831, 0.232144873691, -0.899227615803, 0.270572032191, -0.95325518693, -0.134518861082,  
195, 3475322.430776393, 93.96558705395799, 109.04530519902886, 90.1289233618099, 84.41805438204618, 0.0309687443984, -0.734918224258, 0.677448256713, -0.909494762203, -0.301832247053, -0.285861106419, 0.4145602663, -0.607282881606, -0.677751641321,  
196, 3254662.249545159, 91.93321309337445, 97.20663785614342, 92.4357458863101, 86.47318297372591, -0.97812246663, -0.159480004122, -0.133576077791, -0.0858292653945, -0.275528886709, 0.957453481789, -0.189498753227, 0.947971497923, 0.255812942697,  
197, 3798838.7662903424, 96.79525849810028, 100.36022541825089, 96.20841497345268, 93.92637556431171, 0.374218045157, -0.836766880112, 0.399727460936, 0.340280249417, 0.524883381243, 0.780196634158, -0.86265300471, -0.155944299166, 0.481156075533,  
198, 2786032.4788776506, 87.29027370112162, 108.2552878893356, 103.7005119284515, 59.24716118850294, -0.9887066123, 0.131479350591, -0.0719195047378, 0.149795374514, 0.881545794166, -0.447703427016, -0.00453658107853, 0.453420547788, 0.8912851543,  
199, 3411430.3590325057, 93.38618490253984, 102.06291759660594, 95.03150236526001, 83.96771337390808, -0.502864485048, -0.604678694179, 0.617649566083, 0.011686782396, 0.709748400455, 0.704358308795, 0.864286253966, -0.361415114317, 0.34984051559,  
200, 3633501.6729500378, 95.37010301201943, 100.61401399343227, 99.9947421281323, 86.21862944759104, -0.908001335599, 0.295783968099, -0.296724482923, -0.355717771052, -0.918443313585, 0.172993488574, 0.221355916812, -0.262628490357, -0.939163369252,  
201, 3625463.436364929, 95.29972338682452, 101.16870631481268, 96.1136862934766, 89.01096090421952, 0.134738055212, 0.977019194842, 0.165164007544, -0.984696929172, 0.113430270985, 0.132308470263, 0.110533316954, -0.18046347701, 0.977351175018,  
202, 3016427.835016219, 89.63303667855388, 104.32110008829127, 92.42938671342091, 74.68305945062201, 0.568400634953, 0.822327832966, -0.0264131277049, 0.731271723187, -0.519652953331, -0.441817241584, -0.377044274657, 0.231814027238, -0.896716160066,  
203, 2476986.3339024624, 83.93536829736848, 111.56988105467474, 88.60814538629599, 59.81558912487311, 0.121912044473, -0.320504415589, 0.939369135644, 0.931760401412, -0.289149256989, -0.219579738462, 0.341994163361, 0.902036377743, 0.263382545846,  
204, 3355671.4626306943, 92.87459688749276, 101.04277424294791, 90.25884945230186, 87.8406964308851, -0.872481330892, 0.0162588925187, -0.48837687871, 0.480506030718, -0.153134619312, -0.863518235368, 0.0888272575788, 0.988071574726, -0.125794600555,  
205, 2055463.1951405932, 78.87518032748547, 104.57922211820964, 91.58900612586973, 51.23094206473242, -0.472236863839, -0.239433268138, 0.848330156567, 0.484158008553, 0.733776624019, 0.476616081137, -0.736602584292, 0.63580152261, -0.230592837402,  
206, 3506108.2047075853, 94.24223315946517, 109.62938296637887, 89.5473792372777, 85.26226313451984, -0.227872451112, -0.564197247049, 0.793571428698, 0.0200712298305, 0.812118664914, 0.58314699676, -0.973484099386, 0.148811090043, -0.173735338152,  
207, 3222378.00114054, 91.62822879073835, 98.78285056014886, 90.52948507428302, 86.02333394517619, -0.714208863126, -0.591403558353, -0.374362833358, -0.173539890639, -0.368532950848, 0.913272889391, -0.678077876198, 0.717234477216, 0.160577391009,  
208, 3538348.601587661, 94.53022018982985, 107.10798201954898, 96.59019690500023, 81.65017503581045, 0.0675768513646, -0.796992697394, 0.600196642327, 0.64951524031, -0.421495762417, -0.632827997855, 0.757339634354, 0.432601389925, 0.489175546886,  
209, 1827165.1938038312, 75.83966421145043, 112.75589056873598, 77.84073299461267, 49.69847333321881, 0.278320314687, 0.186881891872, -0.942132135596, 0.56015485687, 0.765223621969, 0.317268568732, 0.78023351553, -0.616042179457, 0.108294479879,  
210, 3520032.266277331, 94.36682537385269, 101.7171199307618, 95.29921113052023, 86.69113214181246, 0.346160982091, 0.405096017442, 0.846209070579, 0.532963798086, 0.657385219915, -0.5327234391, -0.772089479534, 0.635406869093, 0.0116596012922,  
211, 3764616.7334665037, 96.50371961523969, 109.34187363356116, 92.87007944391078, 88.50541248149445, -0.890252245298, 0.444757686949, 0.0981913419915, 0.443390670091, 0.796951777731, 0.410210406557, -0.104190467025, -0.408727860404, 0.906689518364,  
212, 3367768.857846689, 92.98606918848955, 98.64576647715171, 91.69402397047982, 88.88616801418216, 0.354417552253, -0.702186281841, -0.617513258358, -0.646895514051, -0.660970540274, 0.380321099587, -0.675214330828, 0.264674083513, -0.688500716747,  
213, 3299571.6985877655, 92.35412972174638, 112.60051072680677, 96.40813794813387, 72.56294581720873, 0.78415006306, -0.458682217214, 0.417994380601, 0.0480189753994, 0.716392136409, 0.696043450434, 0.618710640448, 0.525730853672, -0.583784389046,  
214, 3670866.7974783, 95.69590167351957, 115.57216344216693, 95.04044587731069, 79.78445969284597, -0.977439093781, 0.0276611698636, 0.20939837065, -0.00886585938966, -0.995886878658, 0.0901705132159, 0.211031311626, 0.0862796882129, 0.973664008226,  
215, 3686793.2438117787, 95.83409762498798, 100.25988003647187, 95.87994719188534, 91.55987832384992, 0.289005243693, -0.767692446129, 0.571947792438, 0.092081928416, 0.616963854686, 0.78158590089, 0.952888706816, 0.173216368073, -0.248996390043,  
216, 2807783.252843812, 87.51684576801506, 94.11334719214754, 87.68277525045656, 81.22869260129865, 0.229183543129, -0.973303564343, 0.0124529191871, 0.211779697475, 0.0623465164078, 0.975326751212, 0.950065399484, 0.220891565094, -0.22041472994,  
217, 3179787.9386803345, 91.22275471626868, 96.4871343222091, 89.78025567452543, 87.63130970186957, -0.892083810969, 0.0801963763148, -0.444696543087, -0.0182572225666, 0.976924529584, 0.212803048195, 0.451500994497, 0.197957077981, -0.870034394289,  
218, 3223326.2047587056, 91.63721529051793, 105.61451977755584, 89.97683007107877, 80.97693456458128, -0.941020529972, 0.338339070968, -0.00265240034682, 0.308027352747, 0.859905698185, 0.407039728022, -0.139998257598, -0.382215728726, 0.913406604193,  
219, 3379741.4071467654, 93.09612856729672, 102.73445690940683, 94.1757319465512, 83.39494556125399, 0.354000721196, -0.935223624388, -0.00634521697935, -0.158297006516, -0.0666024650461, 0.985142715234, 0.921751347773, 0.347736802821, 0.171620420823,  
220, 3390369.9569229633, 93.19361545520685, 97.88944207121723, 95.229185069562, 86.82655313301385, -0.490624356093, -0.345740502649, 0.799844513663, 0.00869149007101, 0.915927422336, 0.401249816215, 0.871327836815, -0.203814773362, 0.446371301666,  
221, 3121518.9617232117, 90.6621031303274, 122.51143831122243, 93.36738967716231, 65.1486637357454, 0.654886531161, 0.0295692820396, -0.755148521063, 0.672358781382, 0.433429236373, 0.600060635399, -0.345046809001, 0.900702367387, -0.263965802674,  
222, 2430770.5889230752, 83.41006402464757, 110.45238857562371, 78.02947048074238, 67.3320119499241, 0.441300984982, -0.584222276511, -0.681129776388, -0.762475214295, 0.156108547665, -0.627902595098, -0.473164863699, -0.796438605904, 0.37656414963,  
223, 3807588.8499890254, 96.86951953833392, 111.25187456831667, 96.01292476878409, 85.0989889114036, 0.197113208399, -0.862893485742, -0.465361381442, 0.643210889576, 0.472056098736, -0.602862165986, 0.739882514056, -0.180493412372, 0.648070978739,  
224, 2836827.516395752, 87.81757504091703, 105.2395959479805, 84.33036512957004, 76.30994996199048, 0.787024207658, 0.38536690532, -0.481752265012, 0.191077648843, 0.590227076087, 0.784296710924, 0.586585227118, -0.709312587607, 0.390887994685,  
225, 3867297.965596166, 97.37325214003577, 110.40544873708706, 105.99507906649829, 78.89378912854892, -0.815193874857, 0.302735995336, -0.493771063878, -0.416755519362, 0.285429054944, 0.863044084433, -0.402211118041, -0.909330067534, 0.106513120331,  
226, 3418291.3766458086, 93.44874861072252, 111.69364176092395, 97.13123396196431, 75.21996252736393, -0.79633417785, -0.545282857565, -0.261760353059, -0.0557933002327, -0.364698322934, 0.92945265662, 0.602278162345, -0.754759391127, -0.259998608973,  
227, 3538333.7693347577, 94.53008810390975, 98.99657406009503, 94.08085606291527, 90.69613125152043, 0.495782944055, 0.464577388257, 0.733735049391, 0.754376317966, -0.648959992984, -0.0988296433192, -0.430250674929, -0.602510396446, 0.672209475459,  
228, 3831974.672438543, 97.07588090810006, 107.07551138371232, 94.20144489760487, 90.69561690415055, 0.554357455642, -0.267394644465, 0.788154753513, -0.767889298368, 0.20090284273, 0.608263161168, 0.320988842214, 0.942410819067, 0.0939574971991,  
229, 3544813.555337391, 94.58775754645146, 99.51760659911929, 95.0630951165882, 89.45258917563537, -0.336986776847, -0.41901223634, -0.843130273462, -0.118665739096, -0.869465529846, 0.479529076047, 0.934001260489, -0.261645634796, -0.243275989766,  
230, 3744777.9354848615, 96.33390235274904, 108.77365831810602, 101.7423787875113, 80.78148590082247, 0.695579204583, -0.603528951385, 0.389772209107, -0.147628054288, 0.410875526397, 0.899659524151, 0.703118430806, 0.68332576905, -0.196698667034,  
231, 3112702.003863031, 90.5766620617911, 99.19538501984601, 90.3537325495894, 82.91085053893218, -0.0962505422415, 0.962540219657, -0.253480095197, 0.995346898511, 0.0919210542917, -0.0288976020203, 0.00451494660374, 0.255082036453, 0.966908873646,  
232, 3350056.6563668945, 92.82276781814534, 120.49859892176742, 97.68405858645335, 67.94505428232942, -0.228751927518, 0.194023945043, 0.953953491742, -0.971203311218, -0.112535293623, -0.209999847541, -0.0666084374177, 0.974520659832, -0.214179363212,  
233, 3297302.9312505787, 92.33295747128841, 101.33442719842535, 94.22762840006023, 82.43942649066524, 0.451208527233, 0.704701910254, -0.547545507366, 0.428469328051, -0.7092759924, -0.559769239531, -0.78283133552, 0.0179661985404, -0.621974529895,  
234, 3424032.3242657403, 93.50103441218782, 95.47336955564087, 94.09214251736722, 90.99418477661926, 0.616678049125, 0.245145332772, 0.748072155308, 0.69208043781, 0.284018898197, -0.663594705425, -0.37514377421, 0.92695039311, 0.0054879308231,  
235, 3298962.247487955, 92.34844324717297, 103.09951869784318, 89.86920911030396, 85.00044096128086, -0.57473646176, 0.252191780687, 0.778509669354, 0.789444051329, -0.0796986190487, 0.608626502826, -0.215536747085, -0.964389670141, 0.153285598739,  
236, 3593849.20349515, 95.02190808474164, 111.35047283457854, 94.54941003749792, 81.49300870639243, 0.828418259397, -0.237074003734, 0.507463401884, -0.475506540115, 0.181121434214, 0.860865004734, 0.296001212507, 0.954458455262, -0.0373140640039,  
237, 3116561.8507161373, 90.61408588554534, 102.67828404933908, 91.38564085795882, 79.29221995469359, 0.101719311486, -0.457248766258, 0.883502545229, 0.868127885407, -0.392898277777, -0.303290154636, 0.485805677458, 0.797843662051, 0.356985062257,  
238, 3159338.7161727734, 91.02678277679667, 106.45356953725657, 86.43670602410661, 81.96890689863754, 0.661365761545, 0.539729231659, -0.520852844811, 0.592353798477, -0.801822452028, -0.0787256810346, 0.460122056509, 0.256462691081, 0.850008577132,  
239, 2392116.566872893, 82.96557163607746, 89.71507373311356, 80.64692975533437, 78.92970375207837, -0.185607026163, -0.874950377246, -0.447226865469, -0.956125942306, 0.265795491908, -0.123190660894, -0.226656599924, -0.404740155951, 0.885896264735,  
240, 3872262.2086701216, 97.4148985998819, 121.75689906685366, 93.84875120122008, 80.90103383420104, -0.141531259576, 0.989113888174, -0.0402817425764, 0.71404061802, 0.130185839695, 0.687893627649, 0.685649253176, 0.0685956512116, -0.724692857875,  
