# Void_ID, Void_Volume, r = (a*b*c)**(1/3.0), a, b, c, vector_a, vector_b, vector_c 

2, 1693955.3010166883, 73.94993200116862, 103.19426897465523, 81.03912927799502, 48.35740552179466, -0.0514672425105, -0.933558997807, 0.354709346595, 0.833424945697, -0.235840894936, -0.499781884592, 0.550230845044, 0.269901222468, 0.790189437586,  
18, 1525824.3361630524, 71.41760950508638, 109.15983780440949, 76.1200137915381, 43.83834883020506, -0.28674750335, 0.398680746171, -0.871108220576, 0.941635346517, 0.284673996649, -0.179676347419, -0.176348358407, 0.87178803517, 0.457041440378,  
50, 257444.7152339558, 39.463759636280805, 128.2812525209633, 80.83441037973732, 5.927013348584106, -0.124342966643, -0.768927245036, 0.627128151566, -0.826750613231, -0.269192798339, -0.493982449935, 0.548654946362, -0.579901827177, -0.60223884022,  
93, 2410524.0398162417, 83.17783636359437, 125.60944159708029, 83.24158647558322, 55.03769333587053, 0.347504521382, 0.905195282239, -0.244667342796, 0.393114563826, 0.0962489088576, 0.91443812653, 0.851294042812, -0.413953679239, -0.322398517549,  
104, 3493288.506468793, 94.12723076783962, 124.82542386845161, 88.26831520757563, 75.68990480027631, 0.164483931228, -0.474500471007, -0.864751027396, 0.522607790943, 0.785451457949, -0.331582725804, 0.836556114802, -0.397385593876, 0.377171786547,  
144, 2526488.2158072847, 84.490825997192, 117.31720350032998, 84.99562184284977, 60.48816502146153, -0.577042205838, 0.811617177708, -0.091103509977, 0.813537079437, 0.561380147994, -0.151689649679, 0.0719702234465, 0.161647413487, 0.984220707286,  
158, 784758.2487456425, 57.22016335924508, 142.4091037590969, 67.40218706117571, 19.51801008563043, -0.749445276407, 0.608675617277, -0.26047220697, 0.114569594671, 0.506719534517, 0.854464230565, 0.652077898451, 0.610531986281, -0.449494280365,  
210, 2444928.32317464, 83.57168797630835, 112.41603293457531, 94.04058299906212, 55.212060365395565, -0.580350255598, -0.0700867708357, 0.811345441462, -0.677721320257, 0.593974795554, -0.433460210763, -0.451538916258, -0.80142484788, -0.392212723282,  
211, 2104940.178284444, 79.50303649544381, 113.53745832785827, 87.6437207660621, 50.49997629087935, 0.637146461271, -0.345091001708, 0.689170942097, -0.680171626176, 0.168804232858, 0.713352430369, 0.362506476956, 0.923264497048, 0.127168088197,  
223, 699575.7125442775, 55.0700373961491, 127.98535942130022, 42.88586437519082, 30.42787713610248, 0.234045832177, 0.389708854628, -0.890701721715, 0.707595151481, -0.696554442804, -0.118831855197, 0.666732067656, 0.602444119262, 0.438781760247,  
229, 2290123.0269227037, 81.7692601159944, 132.91352750020363, 75.39923614573603, 54.55493891796467, -0.0231792640513, -0.510949190181, 0.859298345612, -0.518869590492, -0.728550273596, -0.447201125788, 0.854539097865, -0.456229573677, -0.248228737905,  
263, 935531.3590209119, 60.6722238208298, 113.16553190989661, 51.20631275527767, 38.54180651079505, -0.0167656964505, -0.937029711501, 0.348847002547, 0.51767038666, -0.306628024861, -0.798746909318, 0.85541585337, 0.167196214472, 0.490213365453,  
273, 1243625.025864314, 66.71143477461065, 103.8743683747323, 71.46498713495207, 39.99439464890881, -0.234610302511, -0.888106360035, -0.395253208996, 0.846821327696, -0.386379255371, 0.365519780556, -0.477338082405, -0.248954140928, 0.842715960927,  
281, 1308252.5114827051, 67.84757388152461, 131.06643751613436, 52.884435725431494, 45.05921256176202, -0.15387101403, -0.902765959118, 0.401668189056, -0.909276471627, 0.288463608783, 0.300008407472, 0.386704033063, 0.319064835835, 0.865250034005,  
292, 1345697.7051927436, 68.48881217701322, 153.19779878068886, 70.39417956507585, 29.78993980544153, 0.935451860187, -0.34256361256, 0.0870631300944, -0.236516764477, -0.789724291712, -0.566034772078, -0.262658785106, -0.508906390636, 0.819771094987,  
294, 408195.859604982, 46.01788579969958, 108.55745848301375, 75.78093969463082, 11.845689167457143, -0.412033501067, -0.095304078414, 0.906170804339, -0.729352874403, 0.630597458063, -0.265313457035, -0.546143551274, -0.770236313427, -0.329337581944,  
295, 185584.17795577864, 35.38485710071308, 128.76911445294385, 58.732303990589536, 5.858191862217761, 0.379959313375, -0.622908657314, 0.683824337694, 0.494230443542, 0.761609339575, 0.419150906652, -0.781899730692, 0.178706515032, 0.597240983716,  
296, 955186.725927782, 61.094186979125396, 120.76660020968568, 68.84904885671395, 27.425520836339714, 0.578665876789, 0.680771994589, 0.44910499265, 0.607522461095, 0.00757446020738, -0.794266382782, 0.544116037538, -0.732456223221, 0.40920119594,  
333, 1622835.0083036562, 72.90017757281677, 123.26983216140053, 92.29812585103777, 34.05148616588747, -0.205851830275, -0.970961315453, -0.121898104439, -0.672426053668, 0.230847793193, -0.703244266757, 0.71096288674, -0.0627966581251, -0.700420126358,  
338, 1147472.1577856215, 64.9458166966477, 124.34004197085358, 85.60741790937493, 25.73541285050668, 0.575600001303, 0.797709298759, -0.179845803882, -0.572914836279, 0.550330446314, 0.607375493604, 0.583483700604, -0.246569005624, 0.773789697912,  
342, 673361.4044542467, 54.37340580448686, 111.42713872010779, 79.32317151817594, 18.187313884503954, 0.502468845513, 0.326456716525, -0.800594199032, -0.69651641737, 0.701446814172, -0.151119976252, -0.512240119107, -0.633560083279, -0.579837633526,  
354, 761022.0746104429, 56.63734435120043, 122.86354398753969, 53.813431455781284, 27.478620147333753, -0.959780933153, 0.28047997929, 0.0123102223345, 0.271696302795, 0.916890893761, 0.292390505979, -0.0707225523031, -0.283975474568, 0.956219770994,  
371, 691971.8548108747, 54.86978692228345, 89.15535916553895, 51.55837573429509, 35.93793675140852, 0.117670054706, -0.214700595125, -0.969565579359, 0.811491040456, 0.583555930013, -0.030737075421, -0.572395011757, 0.783176947439, -0.242894667534,  
383, 2174302.45279481, 80.36688129548855, 136.48336055486882, 80.1850201526875, 47.430575743502274, 0.281491764868, 0.959285375233, 0.023107470102, 0.344846484032, -0.123605140821, 0.930485180759, 0.89545702787, -0.253955385896, -0.36560001807,  
386, 1464906.4848636116, 70.4542339891262, 115.86917669778684, 61.66924787592826, 48.94233883256112, 0.139680770937, -0.332061616261, -0.932858169947, -0.889070810115, 0.372703060861, -0.265792255391, -0.435938501203, -0.866503036019, 0.243166839306,  
395, 386623.26049875777, 45.192509353048514, 96.41210105814235, 82.38917879801292, 11.619773117596855, 0.22525837413, 0.94404375696, 0.240915026159, 0.407513378963, 0.13331033105, -0.903416405431, -0.884981079374, 0.301678207003, -0.354681192861,  
409, 931860.1754337546, 60.59275708711698, 121.7982918300431, 65.33329871735575, 27.956729119278833, 0.00735254661638, -0.189615150715, 0.981830960338, -0.681050841336, -0.719884265993, -0.133926827373, 0.732199215769, -0.667692098346, -0.134430540549,  
433, 3675576.8433839553, 95.73681294195443, 143.75097098534982, 95.20128713765371, 64.11849063683134, 0.877074758239, 0.246823866428, -0.412089610913, 0.370467530758, 0.198507677367, 0.907385535856, -0.30576735783, 0.948510770096, -0.0826658448079,  
437, 1260039.8698856835, 67.00366510564197, 120.18049722761926, 77.62401001350773, 32.24523949908276, 0.476350282314, -0.533891355351, 0.69860606154, 0.520058010478, 0.811738690007, 0.265744171871, -0.708964085323, 0.236728367179, 0.664326430225,  
452, 2222639.391378298, 80.95806744755842, 145.7449386353228, 75.99333161550246, 47.9083739942382, -0.543562721834, -0.745046894316, 0.386580771253, -0.264249154114, 0.589036972281, 0.763680450081, -0.796688114624, 0.312954582257, -0.517056551512,  
523, 1627175.8159913681, 72.96511823161273, 122.02687740871853, 63.10510071731223, 50.44590402406792, -0.912842156304, -0.0617149177309, -0.403621687479, -0.097808899521, -0.926680827231, 0.362899522756, -0.396424793433, 0.370747775949, 0.839877056348,  
550, 393300.8456101386, 45.45120729354365, 75.2817802795557, 62.428467318510265, 19.978538612211537, 0.417921861728, 0.528012078875, 0.739286522298, -0.853479666983, 0.507041855628, 0.120337087749, -0.311309774239, -0.681257514603, 0.662551449519,  
557, 2606948.336753828, 85.37838557347119, 105.97044845391468, 82.74006625429116, 70.98117410519696, 0.522141266202, -0.702540881689, -0.483533667582, -0.757067969751, -0.120745124743, -0.642081540015, -0.392704198228, -0.701325120331, 0.594917211288,  
567, 2297695.7096064338, 81.85928896206191, 126.72008948681452, 98.73344070153288, 43.84238397452746, -0.70556295432, -0.017031528859, -0.708442548494, -0.257581932155, 0.937495089317, 0.233996807101, -0.660176086903, -0.347581478982, 0.66584881899,  
581, 1321683.506152262, 68.07896642418648, 135.10979839431468, 85.10063702636195, 27.442217619128865, -0.285574702286, 0.0762523790277, 0.955318095771, 0.945257662389, -0.141836141626, 0.293888517338, -0.157908331345, -0.98694887589, 0.0315733316331,  
596, 496248.33395458374, 49.11379398003389, 132.3237302535842, 49.09468331597636, 18.236364082736706, -0.91078047133, 0.286618596485, 0.297201469029, 0.067867862247, -0.606092706229, 0.792493271094, 0.407274951744, 0.741957823333, 0.532565209225,  
608, 1364763.9170897664, 68.81075253746647, 156.42196829105995, 102.79542954436938, 20.262702604796505, 0.476982470075, -0.52045432823, 0.708247848898, -0.650688790893, 0.332599697756, 0.682628404375, 0.590839928109, 0.786450718913, 0.180009572169,  
614, 838864.7548632139, 58.50609510925688, 80.99881633354697, 52.514477186478686, 47.08099362579964, -0.91820525428, -0.362150873079, 0.160455153054, 0.107899308126, 0.161084163885, 0.981024786359, -0.381125767063, 0.918095113414, -0.108832497018,  
673, 922178.2468639925, 60.382175309855675, 127.50509718583334, 62.7554942133591, 27.513571135438724, -0.347314592547, -0.222633757604, 0.910937310565, -0.913916069337, 0.297973219326, -0.275625432012, 0.210071397413, 0.928248980899, 0.306959015912,  
674, 754510.0131022569, 56.475332881847464, 106.0770808079958, 70.24524329079087, 24.173409980311714, 0.312258412862, 0.885630686465, -0.343733866224, 0.908975739549, -0.173354824206, 0.379092613798, -0.276148127838, 0.430820603171, 0.859148310465,  
676, 1182039.8044358317, 65.5915404573672, 101.1495606581291, 82.8036253426893, 33.69225970642648, 0.748376008158, -0.264494094524, 0.608256709273, 0.00731507503197, 0.920286478273, 0.391176798372, 0.663234377947, 0.288297887382, -0.690655115119,  
759, 2861612.9787379648, 88.07258887467353, 117.83644413250934, 86.46739559044316, 67.04868749340042, 0.908399137766, -0.0582181495816, 0.414030981407, -0.218708879624, 0.777804961447, 0.589224802535, -0.356338929222, -0.625803554647, 0.69382453006,  
763, 836444.0604354608, 58.449764286409135, 112.1225835841698, 84.00406461559275, 21.200929191423086, -0.911605825109, 0.0341335270838, -0.409645849431, 0.0511758803326, 0.998217424393, -0.0307083524531, 0.407867440352, -0.048957899945, -0.9117276321,  
783, 4443614.99690497, 101.98804607867211, 127.54074618118901, 118.171598560868, 70.3859133509153, 0.306633200885, 0.329087997023, 0.893127745807, -0.577789094854, 0.810024809671, -0.100097800098, -0.75639661685, -0.485346162993, 0.438523956114,  
829, 701793.9629016549, 55.12818227776899, 71.13005957122776, 58.51705725552792, 40.25180576113895, 0.0651566093974, -0.941622703696, -0.330304859388, 0.997421796264, 0.0514801050749, 0.0499955910034, -0.0300728547055, -0.33271080936, 0.942549277622,  
855, 1475248.9693135405, 70.61965152565065, 129.4814807599853, 66.38848985186124, 40.970971629674615, 0.0288199704072, 0.187285502087, 0.981882655929, -0.952886475078, 0.301878302517, -0.0296117558114, 0.301954921998, 0.934769293022, -0.187161945662,  
858, 830340.3742927855, 58.30724416377509, 130.13145729060494, 81.28806279885187, 18.73952071041075, 0.620721522305, -0.757135073173, 0.20359585634, -0.61755997506, -0.632139137789, -0.467995499635, -0.483036715945, -0.164762227002, 0.859958684823,  
866, 1358915.2251836844, 68.71231569120611, 113.72403239299202, 61.21887434544589, 46.59788068204252, -0.825204961184, -0.0746773030703, -0.559875050743, -0.00810747552396, -0.989553439633, 0.143938385956, -0.564775212698, 0.123317843466, 0.815978963334,  
873, 1803934.4010644434, 75.51688088915013, 124.88690882802463, 86.73577309241186, 39.75730718427868, 0.333979251631, 0.879547236426, -0.338901930322, 0.773143425556, -0.461291352352, -0.435269493263, 0.539172609652, 0.116648819719, 0.834077903951,  
889, 1781795.3332542628, 75.2066774793644, 128.83286827434745, 77.24233193641228, 42.74518050801119, 0.377043849151, 0.833374620631, -0.40413447948, 0.786523388257, -0.518515917811, -0.335443292826, 0.489100087449, 0.191384389813, 0.850971867804,  
923, 505753.71987501904, 49.425396137976385, 126.97064675587285, 63.19999669738163, 15.046312899798313, 0.445179577018, 0.876558752416, 0.182920468424, 0.663677467517, -0.4601331307, 0.589753949663, -0.601121754154, 0.141146220615, 0.78659416543,  
932, 2001513.8735849366, 78.17897974694415, 113.46740781534182, 79.18571096476437, 53.18045413597383, 0.636537568184, 0.125154152435, 0.761023233823, -0.250163291965, -0.899890130584, 0.357233929283, 0.729546606903, -0.417772894054, -0.541504900578,  
937, 792568.8255864815, 57.40937148428622, 134.6344082564537, 86.42394594332758, 16.261410733712328, 0.317010020271, 0.205764146446, -0.925832470313, -0.889478039031, 0.40327638641, -0.214934813947, -0.329140494515, -0.891644139891, -0.310865344914,  
941, 1355363.4751546727, 68.65239978799235, 98.29957038817295, 63.14101984924491, 52.13194837807885, 0.189670127941, -0.237247224191, 0.952753376893, -0.668582476048, -0.74184355844, -0.0516295218109, 0.719042916166, -0.627201633779, -0.299324899226,  
944, 2570321.963485407, 84.97665650740568, 131.45359862402393, 82.68911594639967, 56.451838385056526, -0.98323314624, 0.122117694752, 0.135424697761, -0.0861239130347, -0.965585086861, 0.245414163477, 0.160733480454, 0.229636035194, 0.95991251664,  
956, 985427.2711656298, 61.73223335801917, 114.92961809922416, 83.45006812646862, 24.528856840402426, 0.00869525635492, 0.570621008479, 0.821167496434, -0.0945460871797, -0.817050547585, 0.568761320845, 0.995482511105, -0.0825836991965, 0.0468455196481,  
990, 900755.3339612626, 59.910932280603085, 95.72011986541784, 66.45505780197797, 33.80546852309679, 0.577729947296, 0.649274987858, 0.494641383367, 0.638212100166, 0.0184532750848, -0.76963939078, 0.50883535962, -0.76032984078, 0.403714143944,  
1025, 1027642.5880281345, 62.601464750900064, 79.18837580491142, 70.90911422022289, 43.69079921638191, -0.669335207359, 0.224510893718, -0.708226827218, -0.703318924983, 0.115744699257, 0.701388376261, -0.23944283232, -0.967573265027, -0.0804307581384,  
1055, 1819221.1440062602, 75.72959401072114, 130.71954692321498, 73.35918688195616, 45.2899501672731, 0.490773702414, -0.613761774974, -0.618415440137, -0.38002044505, -0.789489808147, 0.481965044558, -0.784044408412, -0.00152525856484, -0.620702859042,  
1072, 2072806.9089979904, 79.09640521802861, 121.41126528050476, 72.24966685657532, 56.412507496596454, 0.714165583411, -0.69498089767, 0.0834809639646, -0.544846479428, -0.477050686675, 0.68961217811, 0.439442639403, 0.537981592822, 0.719351077332,  
1086, 3049124.71074507, 89.95573562940318, 134.56053790075163, 112.33064043818587, 48.15824244633514, -0.0466629743163, 0.174118786983, 0.983618429498, 0.987430005331, -0.140821808915, 0.0717718796332, 0.151011759145, 0.974603440458, -0.165358950306,  
1097, 766271.3306916837, 56.76726741847666, 113.7080276914847, 75.35572811858223, 21.34944407228473, 0.900903398564, -0.422557737431, -0.0990859475048, 0.283543461023, 0.400168681052, 0.871474688339, -0.32859727961, -0.813209680982, 0.480326808112,  
1102, 720221.6097088524, 55.60653658724208, 139.2266590453287, 87.51728846514388, 14.111113446130101, 0.433334017362, -0.459040719035, 0.77556640442, -0.792612935425, 0.215462927115, 0.570386238996, 0.428936316944, 0.861891724817, 0.270474195994,  
1103, 690282.3594806826, 54.825094450631944, 140.24604688139343, 110.65601409694817, 10.61872843901883, -0.705264639604, 0.118389329992, -0.698989094814, -0.612847202432, 0.393847966702, 0.685056264547, -0.356398785906, -0.911519470812, 0.205212474611,  
1109, 256794.59216135825, 39.43051246248472, 85.70364363441996, 70.48939550945538, 10.147853574787451, 0.722777394964, -0.237983912864, 0.648811601736, -0.405179649364, -0.906475572236, 0.118875938188, -0.559841307042, 0.348806098222, 0.751606291068,  
1118, 1476796.2061752859, 70.64433146182058, 88.74516188519607, 75.04642351742014, 52.936749768984505, 0.15784526653, 0.976050170274, -0.149702828772, -0.58346121851, 0.214496485186, 0.783303430567, 0.796654177375, -0.0362949438817, 0.603344676549,  
1134, 2239371.569589331, 81.16071237164599, 126.51167364982908, 69.39553259894872, 60.89413090939691, 0.904996570947, -0.0111225056837, -0.425273437263, 0.310328570653, 0.701043193616, 0.642054996804, -0.290993788267, 0.71303206839, -0.637893317599,  
1142, 776096.8470853702, 57.00887050800433, 140.39687847189552, 77.42650745709706, 17.044339972815838, 0.553056757653, 0.768196272807, 0.322494510433, 0.581044531554, -0.633050640241, 0.511501846763, 0.597089168521, -0.0955058811611, -0.796469177997,  
1157, 198846.95476876167, 36.208464809073504, 122.51137613777672, 38.11564029850402, 10.166013850733608, 0.0658157839659, 0.395386719262, 0.916153712437, 0.921468676435, 0.328179541237, -0.20783086167, 0.382836467608, -0.857885499903, 0.34273708309,  
1160, 1452847.889489992, 70.26038294268893, 101.51181457565609, 89.12512622747427, 38.33670548756067, -0.382722141619, -0.551171785191, 0.741440102452, -0.906865283081, 0.377369526221, -0.187583578763, -0.176406124204, -0.744178677394, -0.644266230261,  
1165, 1410941.3113155644, 69.57824124429955, 128.74341160860163, 104.51617289705537, 25.032938251064067, 0.503122797444, 0.568827073344, 0.650617561493, -0.198649043462, -0.656564130198, 0.727641464232, -0.841074317895, 0.495337565271, 0.217335427871,  
1205, 758759.582961672, 56.58116169905098, 140.5526961167759, 80.93038613261335, 15.924462651403342, -0.991892622353, -0.0573016531461, 0.11342639141, 0.053765940352, 0.619512450272, 0.783143376156, -0.115144471772, 0.782892613648, -0.611408951615,  
1234, 1211605.941296007, 66.13391938642334, 118.54458368121114, 85.35356525259856, 28.587054044877036, 0.7754297177, -0.526254223646, -0.348948771314, -0.571354593171, -0.349505867096, -0.742562844295, -0.268817190243, -0.775178779998, 0.571695003713,  
1245, 887593.7245202201, 59.617698251334446, 107.18267445664212, 59.281432436900374, 33.348963093741325, 0.384909615978, -0.0647638872757, -0.920679220159, -0.768798860875, 0.529447057913, -0.35865599728, -0.510678860974, -0.84586727787, -0.153998860979,  
1281, 1333471.0032758706, 68.28075621572295, 120.55194308411343, 65.44748929499045, 40.348534134295946, -0.946294708893, -0.0121379956459, 0.323077379249, -0.318523987942, -0.136222255938, -0.938075671837, -0.0553966878639, 0.990603940053, -0.125040157249,  
1289, 1114515.0219817185, 64.31798633263925, 101.08398601224661, 67.34115661706792, 39.0871843292323, -0.726726765805, -0.637080541259, 0.256898018311, -0.673099941863, 0.735083674987, -0.0811693232178, 0.137130143028, 0.231905960934, 0.963023857003,  
1294, 840157.311711961, 58.536129210299634, 100.66392600397981, 52.44019303959762, 37.99564802771428, -0.803195091541, -0.182229869504, 0.567159518641, 0.114722593407, 0.886925873992, 0.447438510418, -0.584565113129, 0.424446426188, -0.691468625325,  
1296, 558899.6475918603, 51.09931466482869, 134.64561285211644, 98.75511681695541, 10.034446273932502, -0.261018661898, -0.784087178961, 0.563095510487, -0.939510696477, 0.340356875991, 0.0384297823369, 0.221785728455, 0.519003364878, 0.825497787943,  
1308, 1274039.4378162446, 67.25089794565498, 110.98244017740225, 60.8264980615572, 45.05543419438497, -0.911394580263, -0.0741630472978, 0.404795950428, -0.0435461287956, 0.995485055294, 0.0843400222464, -0.409223232154, 0.0592397425813, -0.910509197737,  
1327, 1557059.9986391978, 71.90165928811227, 148.60107664576867, 75.17437611064041, 33.27552758145179, 0.8700057816, 0.192919356535, -0.453731266122, 0.356848215345, -0.881410224689, 0.309475955479, 0.340219475026, 0.431159063095, 0.835674919526,  
1329, 1253607.065581069, 66.88944728014529, 134.18310491387666, 69.27891778161914, 32.1939221928496, 0.712030186865, -0.577121082121, -0.399930330887, 0.350278018024, -0.201686014998, 0.914673745903, -0.608537856737, -0.791362121867, 0.0585462978583,  
1347, 432804.48463068815, 46.92465060780328, 100.53146134635068, 61.36341633740458, 16.74910544997318, 0.756357290202, 0.350523869841, -0.55231935167, 0.586146171439, 0.0117233134109, 0.810120503154, -0.290441586666, 0.936480421896, 0.196591210742,  
1348, 2500810.3650146695, 84.20361117053459, 138.81429998914416, 86.28001979944398, 49.84799651826961, -0.258147158549, -0.208407838612, 0.943359007663, 0.950317680438, -0.230584309637, 0.209110455015, -0.173943527561, -0.950472013767, -0.257578338114,  
1354, 1227418.6864554642, 66.42038273741215, 113.88036686882778, 63.57685774385064, 40.4721433452953, -0.372590331373, -0.914301280503, -0.158838324841, -0.910927244894, 0.393017196951, -0.125495168875, -0.177166586797, -0.0979318710741, 0.979296354099,  
1381, 622453.1073611575, 52.96707737211743, 121.49393904561177, 68.42059949844345, 17.876255036684398, 0.449596480085, -0.160522432116, 0.878689680082, -0.800316824155, 0.364474309611, 0.476079256646, 0.396681214667, 0.91727369221, -0.0353975636061,  
1387, 2312411.6880854014, 82.03367771588434, 128.1013170144126, 70.32807911727234, 61.27653455793933, -0.52165302807, -0.192085156039, 0.831252916467, -0.838540593437, 0.295019729929, -0.458053525378, 0.157250728023, 0.935984322402, 0.314969136193,  
1398, 2446729.4752343018, 83.59220505625275, 121.84631936283611, 114.96244775850819, 41.69931564348569, 0.22155121887, 0.405158724657, 0.886995752668, 0.685939557505, -0.711270917042, 0.153559779952, 0.693110367017, 0.574404117676, -0.435497334929,  
1407, 2502388.6758376593, 84.22132163271237, 101.52676216010293, 82.01950877801777, 71.74117025913273, 0.792276453714, 0.600752917227, -0.106742462653, 0.353362828115, -0.309136558127, 0.882932217181, 0.497426107675, -0.737245224381, -0.457205365816,  
1434, 350693.5006192136, 43.7468079217722, 107.14885582335205, 59.98263757378416, 13.026448033970762, 0.28818483447, 0.336274532015, -0.896587385758, 0.876527008323, 0.284352626846, 0.388386389161, -0.385551429593, 0.897810126209, 0.212807594824,  
1438, 2131846.7355211964, 79.84035448290328, 105.5955735731224, 80.71549240596701, 59.71243141414936, -0.0963213220995, -0.157934175024, -0.982740555421, -0.143621630435, -0.974793713564, 0.170733837502, 0.984934023263, -0.157588109819, -0.0712106555464,  
1446, 1249736.35477977, 66.82053237419659, 117.2932643181919, 63.78411837511064, 39.8789912509502, -0.950023906618, -0.309995378725, -0.0368434800764, -0.308084215435, 0.950064226914, -0.0496193605126, -0.0503854448698, 0.0357886840648, 0.998088411434,  
1469, 1617732.929999719, 72.82369970506223, 103.90141026306517, 69.18927770008906, 53.722718077369244, -0.981587254932, 0.0976628117456, -0.164159788491, 0.107686091481, 0.992755732387, -0.053289412774, 0.157766177164, -0.0699859344027, -0.984993300652,  
1477, 3264901.7328152778, 92.02952243423438, 133.8717890332914, 94.55074441647555, 61.578270260338336, 0.685756096598, 0.221493697557, 0.693310260937, 0.172954624493, -0.974875033317, 0.140375807323, 0.706983220342, 0.0236476501507, -0.706834856807,  
1478, 558791.1930116179, 51.096009173847364, 104.47824159361458, 73.90593937204746, 17.27649931602194, 0.37549493338, -0.101397367509, -0.92126116214, 0.319795369695, 0.947127070135, 0.0261004701148, 0.869904866366, -0.304415648219, 0.388067824731,  
1479, 2709287.675705739, 86.48129230098057, 111.94381874894766, 102.97027692066636, 56.11184042805303, -0.0991150312784, -0.51629226972, 0.850657688381, 0.903380137735, -0.405127514139, -0.140627252098, 0.417229597848, 0.754528985205, 0.506562407967,  
1489, 2304152.474429518, 81.93589496587983, 123.94906074708156, 74.15771416745896, 59.8443329441155, 0.636965586734, -0.768015785852, -0.066532653633, -0.47242871767, -0.457097478557, 0.753573488, -0.609168242801, -0.448568442692, -0.653988076484,  
1498, 1211366.6902089901, 66.12956603105334, 114.36507518731543, 55.60798525761886, 45.473296416070575, -0.912348942921, 0.347425387398, -0.216598722395, 0.0126659341065, 0.552744792371, 0.833254324093, 0.409217522187, 0.757475276625, -0.508696594088,  
1500, 2244297.153375281, 81.22017416490002, 105.3342999547261, 79.56606274313896, 63.92843430415511, 0.676477800992, 0.728208499216, 0.109955292889, 0.250197850109, -0.367665120393, 0.895669244223, 0.692660682128, -0.578389782859, -0.43091349308,  
1507, 668915.1526364803, 54.2534643050085, 95.36004624138523, 75.06427460917278, 22.30913232799912, -0.273198963689, -0.0527134785071, 0.960512163079, -0.0228733273504, 0.998571118085, 0.0482963044362, 0.961685570826, 0.00877560880818, 0.27401432728,  
1543, 5345257.904112958, 108.46593184713868, 135.79279289137398, 108.20015182489873, 86.8511281833426, 0.198128858359, 0.432016115531, 0.879833524826, 0.249093746247, -0.890350965404, 0.381087213096, 0.947996445703, 0.143656654307, -0.284016732971,  
1547, 2157154.703276774, 80.15505091377557, 124.68677703945927, 83.00314737165574, 49.75969653768636, -0.846533633507, -0.16814907252, 0.505080881395, 0.103097065271, 0.879052181094, 0.465444151372, -0.522256452783, 0.446086485252, -0.726811560999,  
1554, 1225847.5685059763, 66.39203087631289, 125.79163158727208, 63.13301462469896, 36.850177398436095, -0.254625520227, 0.785320794634, -0.564302307247, 0.952396718274, 0.102483284551, -0.287119604708, 0.167649442198, 0.610547644253, 0.774031807245,  
1557, 3622556.703937595, 95.27424757610294, 126.19988392258963, 92.10889823739033, 74.39881870909574, 0.648009460435, -0.306877336898, -0.697072477785, 0.359461000492, -0.683661340861, 0.635133812781, -0.67146967788, -0.662143089604, -0.332708582062,  
1566, 1942820.0884587816, 77.40719412932994, 110.8824637217932, 84.87113126150949, 49.28572142866563, -0.953309808204, 0.203186294847, -0.223418305358, -0.162727915458, 0.277604010508, 0.946813412917, 0.254401326871, 0.938962908179, -0.231578543804,  
1573, 864415.9694714117, 59.094181823212494, 130.24184166203693, 86.7701065962839, 18.2605356399563, 0.732506388207, -0.313647512481, 0.604201646101, -0.296072591332, 0.652425564851, 0.697625904759, -0.613005229911, -0.689902978862, 0.385043462298,  
1574, 931516.0646715172, 60.58529774667549, 99.15793947579986, 61.812673713396066, 36.28245930447957, -0.759907730406, -0.390046449407, -0.520003854384, -0.0305141116755, -0.777681207518, 0.627917851683, -0.64931435396, 0.493027085238, 0.579064040469,  
1592, 830068.6236373652, 58.30088261165759, 116.82795962439761, 53.9717446447713, 31.427666784032873, -0.863307056659, -0.422693926371, -0.275736777621, -0.502430218592, 0.668320512476, 0.548554070306, 0.047589929276, -0.612109089308, 0.789340016354,  
1597, 1457979.8721982888, 70.34301406183074, 133.23267717913848, 88.16703044515644, 29.630975603114468, -0.820277754906, 0.284268743015, 0.496322160045, 0.0211156708757, -0.852106398752, 0.522942457302, 0.571575483423, 0.4394382402, 0.692961398492,  
1603, 532721.2946632296, 50.28870853949607, 152.25040031097348, 71.11977022227155, 11.745260676309082, -0.392884413494, 0.846344763869, -0.359642014099, 0.919549073076, 0.357984690291, -0.162100165707, 0.0084462914351, 0.394395109235, 0.918902148203,  
1606, 2301431.0994998235, 81.90362480217105, 118.52508624011683, 98.53385841996858, 47.04501364306224, -0.941937210361, 0.330619145785, 0.0586964409267, 0.279583369494, 0.675383243248, 0.682415279901, -0.185976964271, -0.659202893789, 0.728604222867,  
1607, 1639553.4529969145, 73.14966198113146, 110.00336868629948, 92.6178957551662, 38.4181171167099, -0.37967827734, -0.354691322359, 0.854422888012, 0.865156713394, 0.190962360391, 0.463721078002, -0.327640453829, 0.915274517703, 0.234359318691,  
1613, 1989126.8631972503, 78.01736732888433, 123.99971717205506, 83.62332984355294, 45.795807558091504, -0.702935462686, -0.428514634564, 0.567676794719, -0.689651655238, 0.605851175529, -0.396642089971, 0.173960713165, 0.670313032153, 0.721400103411,  
1617, 424070.16582430346, 46.60684486618669, 95.68944170522272, 47.312923613576665, 22.36172512545715, 0.1580960171, 0.20224282026, 0.966490295363, -0.678472313268, -0.688897625163, 0.255137966937, 0.717412691207, -0.69607320283, 0.0283041833752,  
1625, 981173.93972792, 61.64328841249929, 109.43444654996398, 67.81978076804825, 31.560724773096382, 0.45157427374, -0.421647208317, 0.786316925301, 0.264474724154, 0.904940155689, 0.333371316861, -0.85213484589, 0.0574190416197, 0.520162722693,  
1639, 1803679.0391966575, 75.51331737417303, 127.15086205914095, 83.0773431395001, 40.76324422869146, 0.324844492181, -0.262143923139, -0.908711516083, 0.832787941279, 0.534680874481, 0.143459427451, -0.448263650947, 0.803365997554, -0.391998435219,  
1659, 2585545.6422982262, 85.1440948880941, 134.40401773743756, 93.90698596501389, 48.90502063337587, -0.117656670211, -0.618597130069, -0.776849083558, 0.184649071439, -0.782268123216, 0.594946471387, 0.975736454362, 0.0734450411493, -0.206262448252,  
1665, 1303146.6825781325, 67.75919396361759, 109.5217300137934, 75.71926245118478, 37.51440158199396, 0.786015219083, 0.570232988738, -0.238776912462, -0.272434243775, 0.66621833781, 0.694213734512, 0.554941130381, -0.480611553045, 0.679008745813,  
1676, 1735651.6929241002, 74.5517751665222, 100.62046627571318, 85.50128720226236, 48.163161670447934, -0.342727690925, -0.295773771694, 0.891658906674, 0.875160106568, 0.244522193833, 0.417496927648, -0.341515032972, 0.923432061768, 0.175044878684,  
1681, 2456681.712089868, 83.70539070511714, 107.26617092938021, 87.09740766819725, 62.775802985972796, 0.674921003966, -0.00802645868691, -0.737846335199, 0.648723754824, 0.482951893829, 0.588145354631, -0.351623560548, 0.875610098279, -0.331161331468,  
1690, 2968035.064942598, 89.15112051273117, 129.61827605228098, 79.66649266737343, 68.61806698361265, 0.599642047243, 0.779017367183, 0.18319758952, 0.348877014087, -0.460493688566, 0.816229374522, 0.720218192092, -0.425532025138, -0.547912631139,  
1691, 422990.8268059558, 46.56727018497336, 110.47367753982732, 67.10085423489026, 13.622458056899562, -0.725361117177, -0.449539978633, 0.521310902723, -0.677865119865, 0.334680073584, -0.654590045461, -0.119792023767, 0.82819264423, 0.547491383572,  
1703, 1309884.343049155, 67.87577175371523, 128.66216195321005, 71.17548670903228, 34.14782534303896, 0.601431200273, -0.325081675736, -0.729796146495, -0.634344138717, -0.749628002392, -0.188852777862, 0.485683049956, -0.576523860852, 0.657063324844,  
1710, 3334568.3825752907, 92.67949802934722, 132.04091347217806, 105.9667517450547, 56.89483950474904, -0.0867452872659, 0.645208623509, 0.759065930791, -0.65173510822, -0.613022864116, 0.44659189064, 0.753469709976, -0.455970174706, 0.473681956515,  
1716, 1681243.7793823164, 73.76449276704906, 120.73601837481341, 80.8788667794293, 41.10268322197077, 0.2612511882, 0.88356590212, -0.388663238903, 0.661389584047, 0.129421630953, 0.738792162624, 0.703072993919, -0.450068148231, -0.550569729617,  
1719, 991835.9549081655, 61.86576860021432, 124.93586917205356, 69.59485248037012, 27.232466456803603, -0.229742367768, -0.367948753666, -0.901017291248, -0.973213980944, 0.0787265541173, 0.216001567061, 0.00854352084993, -0.926507336373, 0.376179696287,  
1726, 1668585.582336396, 73.57890026943743, 111.17434949394692, 82.8752512217234, 43.23449817859377, -0.976607298052, 0.157955319041, 0.145905114981, 0.206953344833, 0.506213757829, 0.83720842354, -0.0583823471026, -0.847819407994, 0.52706143188,  
1732, 1432841.6669190724, 69.9363878522849, 105.91397591031121, 97.02694365206973, 33.28618099145576, -0.184785850625, -0.468657656804, 0.863836900189, -0.309009023702, -0.806688065012, -0.503753698784, 0.932934945578, -0.3600199529, 0.00424509530302,  
1742, 1902956.6328654594, 76.87410878078842, 132.70840447421634, 119.41219630891372, 28.66772090834865, 0.660775420793, 0.657399278953, 0.362218209521, -0.465147103811, -0.0200902220519, 0.885005398172, -0.589078954888, 0.753274565487, -0.292512245722,  
1743, 3710689.175869683, 96.04070130782229, 118.66664392771935, 96.69059338493265, 77.20636089868631, 0.893036702526, 0.198532793482, -0.403819486718, 0.3138753631, 0.368216421784, 0.875156513526, 0.32244023381, -0.908295875054, 0.266516226484,  
1744, 413896.2178879742, 46.23110595271524, 66.06835712655652, 44.67698096433892, 33.475380554403436, -0.637109495584, 0.751402420491, -0.171714568738, 0.756397411008, 0.566686811744, -0.326694067923, 0.148170331909, 0.33802434805, 0.929400394269,  
1749, 2592533.7506042724, 85.220733890523, 134.4164163710209, 78.694317185465, 58.51135095076832, 0.272972186783, 0.948444860637, -0.161054436681, -0.634649121204, 0.303354001118, 0.710772004908, 0.722984562904, -0.0918079317785, 0.684736902368,  
1755, 1765515.7074256924, 74.97693085542696, 120.21375522398353, 93.74456131711653, 37.400958432780534, 0.515866358072, -0.560473495691, -0.647882212472, -0.724489928285, -0.68901805443, 0.019195428671, -0.457161070546, 0.459481861771, -0.761498637084,  
1760, 541582.7293362485, 50.56601538035965, 100.3085713367665, 53.727437439211414, 23.990650571348393, 0.62016386083, 0.396332400752, 0.676991442955, 0.704530168253, 0.098154084633, -0.702853482378, 0.345013083435, -0.912845224441, 0.218356516904,  
1762, 478255.7807399279, 48.51289660941311, 128.9946819305025, 101.24446649714059, 8.742356584566013, -0.446161838224, 0.155062294535, 0.881416643209, -0.542128032556, 0.736784779141, -0.404036366608, -0.71206517288, -0.658106278681, -0.244661634778,  
1771, 2716196.232171967, 86.5547376549344, 119.55339025262145, 92.40933135852102, 58.69414884777909, 0.517100354596, -0.0677475387628, 0.853239412046, -0.812485018696, 0.27468939149, 0.514211855753, 0.26921240252, 0.959143372596, -0.086998121445,  
1773, 426605.3458394198, 46.699535553441606, 101.76118044742304, 62.718256822515286, 15.957379318350155, 0.33697799753, 0.697753229078, -0.632128357607, 0.815812006556, -0.551548499688, -0.173910961274, 0.46999638205, 0.457093736342, 0.755095170861,  
1776, 1560800.8714109305, 71.9591950372303, 120.45416807747561, 89.51247130232301, 34.5583906458582, -0.752643067643, -0.00512601176725, -0.658408791506, -0.643351683161, -0.207042181585, 0.737042839202, 0.140096482835, -0.978318587704, -0.152531034381,  
1777, 1416730.659190123, 69.67327542574604, 108.54241459140299, 93.70066444183304, 33.2549679921407, -0.572032411643, 0.701834279433, 0.424508615039, -0.23274108462, -0.635160611005, 0.736479861068, -0.786517963914, -0.322489755559, -0.526678127512,  
1785, 1340868.351650438, 68.40678455587931, 116.80032908593728, 72.21380206854606, 37.95187643127886, 0.656872457076, -0.745459402932, 0.113176206488, -0.592161695078, -0.41711732075, 0.689461868135, 0.466758076542, 0.519907125658, 0.715425383022,  
1796, 315199.3466375327, 42.218120949964565, 119.29024526780996, 74.7800573919123, 8.435405677866697, 0.85559753779, 0.516898661549, -0.027724123392, 0.429811651219, -0.679558861334, 0.594526448914, -0.288469751975, 0.520591517095, 0.803597955774,  
1809, 1855101.0557515356, 76.22421979309061, 139.08059880196407, 98.6372129978674, 32.28283145376162, 0.289101905056, 0.928123595274, 0.234535030195, 0.295320026876, -0.31951539404, 0.900386580696, -0.910607583001, 0.191040584346, 0.366465994212,  
1811, 1212193.2407961152, 66.14460331769187, 118.5280856195966, 57.47400685839859, 42.48058641359724, -0.365181394977, 0.78745654668, 0.496542783507, -0.169975122485, -0.580814035566, 0.796092654046, 0.915287390112, 0.20631830549, 0.345950502704,  
1817, 1396514.0804738565, 69.34027661937121, 101.91440281724167, 60.64318274075626, 53.94350471982542, 0.631860233695, 0.653165013495, -0.417286604411, 0.775081960431, -0.533008796989, 0.339336966668, 0.000774396604115, 0.537844854469, 0.843043482171,  
1822, 2181273.9515358643, 80.45268350553806, 98.59741171544354, 83.09727658382981, 63.55786480564456, 0.573454247428, -0.168085501739, 0.801808886339, -0.468577258803, 0.735529303567, 0.489317888623, -0.672001174582, -0.656310831618, 0.343031359589,  
1825, 2550136.169318645, 84.75361942092225, 98.5576278846317, 85.81164299359374, 71.98438560214956, 0.242314492023, 0.507777679393, 0.826707635906, 0.91098820592, -0.412200208469, -0.0138375146879, 0.333742678766, 0.756473936397, -0.562461561283,  
1833, 1483425.8638566465, 70.74988622903538, 117.4585564358087, 59.76990587470292, 50.44405685225439, -0.770395447931, 0.258389049895, -0.582860148493, 0.160895757658, 0.96339799252, 0.214422161114, 0.616930635465, 0.0714101316568, -0.783771129936,  
1839, 320325.9776504493, 42.44577982877583, 136.72889437492998, 53.710520773252874, 10.413192231953815, 0.495105984225, -0.225205785757, -0.839137901924, 0.604849962419, -0.60400572982, 0.51897360367, -0.623719959073, -0.764499465275, -0.162831140289,  
1851, 1272980.6874605468, 67.23226386927116, 101.98229124075652, 86.06356289325204, 34.62494716723656, -0.0161420278161, 0.550388215886, 0.834752805776, 0.239559474446, -0.808416499851, 0.53765604337, 0.970747491957, 0.208651802252, -0.118801230112,  
1852, 2244750.7186674722, 81.22564524235102, 115.13863696722656, 77.21915807861184, 60.27446495056518, -0.870947948606, 0.25581024474, 0.419536398309, 0.454034842419, 0.0924904290276, 0.886170346157, -0.187888351659, -0.962292387596, 0.196701113587,  
1854, 883124.7133427387, 59.51747200023489, 122.5898729495382, 43.45891408335437, 39.57309008133045, -0.0310526801871, 0.902488325914, -0.429593473697, 0.944762784246, -0.113801063758, -0.307363952655, 0.326280573368, 0.415408400826, 0.849103555502,  
1855, 1331013.355038033, 68.23878222969681, 103.16933095752853, 77.10472037871928, 39.94498138123866, 0.265722043084, 0.876897524604, -0.400552777, -0.390893032758, 0.477804832749, 0.786705268028, -0.881245954748, 0.0524716413436, -0.469736409164,  
1856, 1624139.8044355814, 72.91971013728252, 117.19732554100032, 92.41571447731351, 35.799031236867044, 0.870809726737, 0.342319773893, -0.352856333685, -0.430722519857, 0.877250322515, -0.211919754943, -0.236999009931, -0.336524953085, -0.911362949238,  
1857, 1937376.7724813377, 77.33483437736423, 108.01343212194284, 70.37561693351834, 60.84508445974557, -0.323911683329, 0.945874960222, 0.0200444762471, 0.157276545391, 0.0329427394288, 0.987004997043, 0.932922992359, 0.322854976025, -0.159434484298,  
1859, 1882096.664726956, 76.59218137833027, 129.07309111629962, 85.35248566844629, 40.78509061456448, 0.305091930729, 0.892417820477, -0.332429462441, 0.870979353471, -0.402643274376, -0.281555251108, 0.385115410794, 0.203638963104, 0.90012071028,  
1866, 1649693.1863332854, 73.30014894405454, 104.90564162260077, 77.80001849411988, 48.25430076291046, 0.180275248054, 0.624207768329, 0.760174648944, -0.651696614163, -0.503068852266, 0.567638311752, 0.736744431962, -0.597734382345, 0.316103227024,  
1869, 1260959.5216356001, 67.01996222292509, 142.2069557069819, 56.73041172489357, 37.31433972710407, 0.326027675774, 0.104723873593, 0.939541837775, 0.945360114122, -0.0356353558592, -0.324074645783, 0.000457444505837, -0.993862682523, 0.110619885337,  
1870, 2544721.3358219257, 84.69358969290796, 115.70501992296867, 95.48286534316924, 54.98876641335897, 0.0367256928251, 0.998517841351, -0.0401664535315, -0.461213940852, 0.0525929412817, 0.885728899433, 0.886528580617, -0.0140036791636, 0.462461860827,  
1871, 2790733.2917023785, 87.33934045034347, 127.89708752654765, 97.04429071425884, 53.67834026355683, -0.947312204894, -0.230528983274, -0.222386992266, -0.176139545701, -0.204973689302, 0.962787955437, -0.267534010733, 0.951231924698, 0.153568807173,  
