# Void_ID, X_c, Y_c, Z_c, N_particles, R=(abc)^(-1/3), a, b, c, vector_a, vector_b, vector_c 

0, 167.4159377152517, 83.61899523437327, -9.599711300989945, 8, 10.633485629811393, 12.760691894849332, 11.444810887474452, 8.232734346344696, 0.06521611440761035, -0.7125547481699156, 0.6985789785572434, -0.33549145708517614, -0.6749738070566745, -0.6571573951575714, 0.9397831349010466, -0.19151002753884033, -0.2830751997396342
1, -203.00363951516113, 213.02635133665933, 219.4455838991828, 18, 15.011065611401316, 23.718374507483464, 13.844994032648804, 10.300466038096818, -0.31937560319535885, -0.9448578094992675, 0.07240817572516592, -0.9463009589093133, 0.31395320862022386, -0.07712248676216471, -0.050137004805982495, 0.09315096685119108, 0.9943888465403126
2, -136.2226300715457, -254.65487988306222, -127.25058317046238, 120, 33.61686483924933, 41.4316699582176, 32.5430756188738, 28.17608120205131, -0.07492180997425509, -0.3354969097685978, 0.939057264455104, -0.909419884594826, -0.36332489994205186, -0.20236227559906364, 0.40907480476523406, -0.8691586970270846, -0.27788660185130587
3, -150.7755274444847, 118.39290422997098, -297.72231786469655, 90, 31.28551829553533, 44.03422107088786, 30.978663643667197, 22.447969562523788, 0.6375269270212301, -0.6389269855493708, 0.4305017124932967, -0.6265137491990151, -0.7551492225483518, -0.19295122116538566, -0.4483747755923162, 0.14670364283621046, 0.8817245044746831
4, 311.1891148098345, -62.52939230634859, 297.67207542296643, 14, 15.93913965061664, 20.94228349993748, 15.08763077169726, 12.815912846017385, 0.25625147524200304, 0.2818977771270331, 0.9245911662389678, -0.8520689032636569, 0.5175305955286212, 0.07836240669389406, 0.4564140286268205, 0.8078958633033283, -0.3728143083761753
5, -229.88199561786382, 247.7066125485572, 4.780929573442178, 125, 40.15462247366809, 70.44013253078322, 37.514253454908925, 24.501358711410564, 0.4521984006704438, 0.44004914410633966, 0.7758049736901477, -0.6109998317013489, -0.48083107661424057, 0.6288725478369315, 0.649765967169731, -0.7583918687151572, 0.05143890915168925
6, 340.3992475451886, 84.75011535037889, 304.98378083610544, 91, 33.33639085518174, 47.788915402499505, 30.35081535547682, 25.54219413878238, -0.22104027838739726, 0.7087380498696632, -0.6699489323801991, 0.9363368552924513, 0.3463646710874979, 0.0574874598803305, -0.27279019181683517, 0.6145908324156778, 0.7401781001618046
7, 0.634883164950568, -31.962510622354095, -53.17998732332262, 8, 12.744412030239301, 16.65205931767656, 14.856567084399982, 8.36706213319995, 0.46576202738320616, 0.43216592309968216, -0.772203566916966, -0.301858504026539, 0.8978874895600635, 0.32043642058665334, -0.8318336236259903, -0.08384909661365537, -0.5486548565376307
8, -108.17848820160148, -306.5455185588434, 1.6907586791151021, 63, 27.6984145607504, 38.02767968153773, 25.288234124640464, 22.097665865694886, 0.35396670049353135, 0.7836615722169817, 0.5104724431074912, -0.6428316233012804, -0.19258869679790203, 0.7414021162294633, 0.6793195706186914, -0.5905794900740238, 0.4355924550291738
9, 64.36812730283938, -11.004809801368019, -270.21545935762356, 9, 14.59747751360297, 16.466087515857158, 14.628196938027118, 12.913745608930824, 0.9251833864802529, 0.3229565135892181, -0.1993358766284382, 0.2758067572994508, -0.21134924321812115, 0.9376897834673732, 0.26070353662521056, -0.9225131910826119, -0.2846103973323599
10, -0.13741169638363354, -69.38938798915754, -237.46127069280797, 284, 49.565427164299486, 69.74120275536373, 48.68781390289941, 35.861367965864524, -0.8257586663658989, 0.3225624050179979, 0.4626836065721556, -0.005535501922972951, -0.8249219483595868, 0.5652195479042492, 0.5639964389427232, 0.46417375408744216, 0.6829719927466266
11, 342.01859723471694, 303.4450240402104, -301.56863795623536, 24, 18.25831856990855, 23.68333941445002, 17.732598476497895, 14.493291316196553, -0.8251822635022922, 0.19640249348696207, -0.5296227832649739, 0.5308680619734548, -0.050729556506606134, -0.8459347568655581, 0.19301122448650915, 0.9792101779744464, 0.0624026808195888
12, 52.51017399145268, -262.3641952572922, 115.86973258677544, 203, 38.3266625463925, 53.04962871390348, 33.40054437610759, 31.77365055131552, -0.5669333942432937, 0.46296408518240706, -0.6813595103342984, 0.8082919286290053, 0.15308443255723533, -0.5685325976774175, 0.15890463997310234, 0.8730575080370403, 0.46099881025353195
13, 222.2773162732618, 18.322727227625226, -88.75248458200176, 27, 19.88921725418307, 36.05866527980084, 16.22581041532508, 13.447359968982806, 0.5411508346748058, -0.21524275531511478, -0.8129122525925653, 0.5172734796475734, -0.6769634019482027, 0.5235921119306589, -0.663011252833654, -0.7038402579471245, -0.2549999409977849
14, -57.32318505963051, -16.8325921176502, -134.6102786979629, 5, 7.209375004639819, 14.318955954405704, 6.817033906869376, 3.8387165239319456, 0.3118628204480603, 0.2007268904546119, -0.9286820212917891, 0.7092541022915387, 0.6012032283922824, 0.3681213068450681, -0.632218474583592, 0.7734748823453287, -0.045126563973738404
15, 70.50587897961186, 352.1681362020072, -217.47411014129096, 9, 12.57318908524999, 17.573279037159, 11.533533929255299, 9.806660441211516, -0.9278058013796496, -0.36608193207347856, -0.07183602115662584, -0.049484975363602066, -0.07008999224045441, 0.9963125163325997, -0.36976699709348004, 0.9279393363776979, 0.04691434602963233
16, -183.54261833582075, -286.818632466948, 56.3160023332706, 8, 13.017479478877423, 23.524606760614045, 13.909455827606033, 6.741370450152734, -0.9212627985149309, -0.18784391818107157, 0.3405723395621272, -0.1708613669401542, 0.9820838025776987, 0.07948457713210684, -0.34940127269341775, 0.01503552848791098, -0.9368525409707277
17, -285.5592343458233, -270.0584755488229, -347.6587848159991, 43, 21.854589824364393, 27.02244424311504, 22.639672441354318, 17.062128609512165, -0.8043318107416689, 0.5918587795643268, 0.05247402482804012, 0.5639051799212121, 0.7325356370824023, 0.38131678229826727, -0.18724659219076265, -0.3362955923839983, 0.9229539469854613
18, 344.92096202871176, 1.8203452435898395, -288.82225101895904, 69, 28.435983055131327, 44.291269137250275, 27.66780035939158, 18.763419229906386, -0.3352740147290142, -0.9140024782377099, 0.2284530691910559, -0.20821602738802858, 0.3083785554177397, 0.9281965053248239, -0.9188239336163575, 0.2636325782861303, -0.29370128137270834
19, -295.3351576508197, -109.23319439262343, 317.3727095983984, 8, 11.553460570510264, 13.483780160700265, 11.474522383893376, 9.967585712893703, 0.044845585615801264, 0.31533931115560426, 0.9479187688249899, -0.671458255066159, -0.6930588676846532, 0.26232273562765224, 0.7396841793321558, -0.6482518991592505, 0.18065655283476426
20, 228.681661247477, -192.63400435104475, 289.3449203099592, 6, 7.830402921532884, 12.979335074873335, 7.240138276910152, 5.109201418383229, -0.7112161669504522, 0.005219172471046502, -0.7029539985710473, -0.20770873790564182, -0.9568853617652224, 0.20304552355835076, -0.671586661620041, 0.2904189468305358, 0.681636406932531
21, -271.483204826545, -170.11685909019874, 174.56859534526203, 76, 26.776513168269386, 33.023272052866915, 26.260469946411522, 22.13805549228275, 0.3144095823934101, 0.49699396825908543, 0.8087914502597618, 0.4095271223796675, -0.839650047831124, 0.3567566862899984, 0.8564077011182412, 0.21905431447766227, -0.46752653055638543
22, -178.070919755845, 271.3440568041278, 351.455199152198, 25, 19.454497886197686, 31.66899306218437, 19.493131046151284, 11.927357087001868, -0.03429022695059966, -0.9888619721916979, -0.14483155833181585, -0.97019358703762, 0.06772130131550118, -0.232676232175122, -0.23989285943260685, -0.13253612828689743, 0.9617097226772571
23, -176.86180379895455, 157.71735950823327, -173.3507492391332, 7, 10.440782183702938, 19.33934775584457, 10.998015088320956, 5.351098837777742, 0.21183889493992286, -0.5937666576589414, -0.7762508865329313, 0.6299798977410035, -0.524270760450925, 0.5729445856088036, -0.7471610342040514, -0.61039440199656, 0.26300011973076015
24, -43.61813198517007, -109.67786049127969, -332.9096215998721, 118, 39.502872797191124, 62.51534426277511, 40.10281894736477, 24.588074041352485, -0.09692510065703139, -0.838683296988031, 0.5359252300609763, -0.9925840582566221, 0.0417608320771958, -0.11416181585379107, -0.07336492457188885, 0.5430159852688559, 0.8365113433690273
25, -86.93305618586159, -254.16161822334587, -242.54540788088272, 7, 12.171336301683683, 15.733319665815847, 12.253315815601534, 9.352781608551654, -0.09306628133082104, -0.11095439323008915, 0.9894583315643946, -0.7619336499915298, -0.6317812688151645, -0.14251154825095969, 0.6409335225199553, -0.7671646179258026, -0.025742352513301994
26, -114.21520516558432, -273.7221027126979, -171.1445940057031, 62, 26.214241789389643, 37.19748224236541, 24.339337075694644, 19.897092190410884, 0.6456736835894258, 0.6859682996056925, -0.3354891745736912, 0.6817059285157253, -0.31984702609529353, 0.658008287884362, -0.3440676115919294, 0.6535635943304001, 0.6741454641391228
27, 173.9365833340375, -8.59422724933895, -299.6996398914261, 11, 15.213406136486299, 20.850252650370358, 15.137871647183818, 11.155864677765313, 0.6234532784516459, 0.7583282374132829, 0.1903793421817558, 0.6436377368481498, -0.3595472492857802, -0.6756154521886107, 0.44388790622507956, -0.543749997584085, 0.7122495818422236
28, -156.76595992319824, -202.5947577898013, 207.09149751631654, 9, 11.318980025523476, 15.002127513194699, 10.475730713111666, 9.227513772233419, 0.9043244003603402, -0.36452797459682384, 0.22207371444916343, -0.3507012943039104, -0.33795012096427296, 0.8733832594650502, 0.24332279195848655, 0.8677033314886897, 0.43345697299380964
29, -164.6474319706434, 85.1208173707378, 44.44590488566379, 41, 22.95363775573647, 31.871572242286796, 20.15636801925188, 18.82516551727199, -0.10129738397993193, 0.3165506474799535, -0.943151381051231, -0.3059752511121442, 0.8921634942350903, 0.33230023361576827, 0.9466350858201295, 0.3222421250151113, 0.0064828358039796105
30, 78.20761219948481, 284.3234636650865, -147.21605866694878, 14, 11.823855355972832, 17.27075916920098, 11.17752981741998, 8.562883974711827, 0.25198969064886806, -0.8901844595864017, 0.3795692607648223, -0.4304955308809531, 0.24816452356015486, 0.8678064110950596, -0.8667034058420526, -0.38208113949399186, -0.3206855299896751
31, -333.7763153774845, -356.52054073186946, -239.34153374351123, 6, 9.936646994290514, 15.225381474174664, 11.051870818199824, 5.830631597316147, -0.9189347450195805, -0.09102107129768768, 0.3837630766184002, -0.3910015561363666, 0.33787239556187215, -0.8561308471350753, 0.05173700314802174, 0.9367803418609416, 0.34607206418339925
32, -15.598138351347107, 2.611868472798775, 290.45500298401225, 8, 12.530891267977154, 16.859771720402023, 12.14142488504872, 9.612238484674744, -0.1329296868290486, -0.9907197936152847, 0.028354697995547427, -0.8547299267860492, 0.10010613142578415, -0.5093284939086746, 0.5017633412435055, -0.09194048613016607, -0.8601049333623788
33, -118.96669284266177, 76.90988229020249, -319.77046536431584, 92, 31.076965794136324, 43.320817269320465, 32.00756623229143, 21.64544582367593, 0.15068852816736064, -0.2751552625978362, 0.9495170082433859, 0.8843795731717122, -0.3916990284978618, -0.25385949190536755, 0.44177566482930564, 0.8779871596661003, 0.18431714360329707
34, -330.30137975112814, 238.9780867890974, -95.63098059291349, 10, 11.79864901906749, 15.259820647912965, 13.71709997007517, 7.846665031776921, 0.20985254986131344, -0.6207445060588899, -0.7554059607352921, -0.1365900645412347, -0.783645773958221, 0.606005326070689, 0.968145165553868, 0.02399081397380386, 0.24923759599937576
35, -145.1956343639769, 110.61429203131155, -8.923901226648377, 12, 10.897497370277451, 16.151440227056987, 10.247377042711056, 7.819092451641212, -0.688937679963423, -0.6636434444112732, -0.29144854059774855, -0.7203435833516366, 0.6715153708063066, 0.17370155064072412, -0.08043627944366466, -0.32961262940125696, 0.9406835384381138
36, -2.9207400747604595, 268.16153373713433, -66.68515550277984, 34, 20.155359845990915, 26.238407803202286, 18.55125049093393, 16.821355978507434, -0.8179847824404244, 0.25732722457235285, -0.5144740957422265, 0.5681918548298254, 0.22185942419915886, -0.7924243888214574, 0.08977144201211411, 0.9405110820122782, 0.3276888658638852
37, 155.75759023196292, -297.2771111861908, -235.25298427741805, 27, 18.536307309215648, 25.480596776677015, 17.292415755025484, 14.454544112785236, 0.1555838400619744, 0.32606045721176036, 0.9324581743726781, -0.34239768020037303, 0.903234352445676, -0.2587112930574226, -0.9265837778123317, -0.27902021934780785, 0.252171013183769
38, 249.52649375214872, 328.73934262112874, 119.31249958370348, 55, 25.633913334826985, 39.50278118808575, 21.785316618099035, 19.572810246509185, 0.513195582253835, -0.25937264758458084, -0.8181418728069796, -0.5655487095813825, -0.8192207581268169, -0.09503686939791584, -0.6455888408623386, 0.5114715819467306, -0.5671083401034859
39, 335.9240990995862, 209.89075272976163, -34.68359996468128, 23, 20.365233861397083, 35.826872357086856, 16.614297699546945, 14.189834180020114, -0.754404930340363, 0.21162408606113003, -0.6213601590679461, 0.629398689052162, 0.5019599166677498, -0.5932061465277694, -0.18636118506162225, 0.8386009111953654, 0.5118769583061253
40, -176.76891068847334, 316.2428738119375, 29.03701431401997, 9, 11.273161435709817, 17.124911190763694, 9.7018774981134, 8.622894335431068, 0.42818200004175677, 0.4412089667017572, 0.7886664837193277, 0.6973555626215826, -0.7163825895994163, 0.02216313604998367, -0.5747655122926, -0.5404911035537994, 0.614421657217762
41, 284.7936873895811, 192.47600449389103, -135.59656497754048, 79, 29.73132012840453, 36.70258012502838, 34.24435688873771, 20.910141391675435, -0.4309477028822224, 0.9000962107312266, -0.06411621329915823, -0.8921341137324567, -0.43565438551672353, -0.11959088382836723, -0.13557581087841541, 0.005662844456036291, 0.9907507919236435
42, 17.732078300068174, -219.0840816512499, -47.54451964533072, 9, 14.77573951871403, 17.44351453216879, 16.905245565822657, 10.939367286027197, 0.36202574581079405, 0.2852965086144129, 0.8874363422480311, -0.9292041144992413, 0.18630648079584916, 0.31917018784834306, -0.07427700160763272, -0.940157325869395, 0.33254643231628267
43, 191.15026732380892, 305.2385354774681, -190.0492259877457, 9, 14.161553282057412, 18.878365216799754, 15.822299322969622, 9.508208408010574, -0.4307964972469004, -0.2768249313416223, -0.8589425681310173, -0.2923204197189344, 0.9432792934315154, -0.15739424004291658, -0.8537933884583245, -0.18328156473319218, 0.48728299565427613
44, 202.4151750039238, -36.64872090208786, 222.41589006897362, 95, 32.340502452322454, 58.18833965712954, 24.84998200917173, 23.392586550024475, -0.1436352707033346, -0.6742987049553055, 0.7243549996414587, -0.96529827350615, -0.06584915768996619, -0.2527115581004712, -0.21810124294929292, 0.7355169236170703, 0.6414411141304043
45, 210.2028302901336, 48.507323434560824, -353.1391149350744, 10, 13.86906479558886, 21.08815588275773, 16.490625468337, 7.671244061452878, -0.2099068161049275, 0.9773811831897812, 0.025790527315962077, 0.9626476854462306, 0.20198468044661755, 0.1803097961007474, 0.17102211043519283, 0.06267544663918498, -0.9832716949708618
46, 342.53989649829106, -100.49054763258161, 128.5764505571041, 56, 26.941731043279354, 32.63021676669918, 26.78303972796275, 22.376732208345793, -0.603897059393828, 0.7246035169697063, 0.3320513286385406, 0.09420744200625372, -0.3487859205709459, 0.9324555428984893, 0.7914753941381409, 0.5943888666576879, 0.14236774798831245
47, 118.94520108384494, 280.75499064882547, -221.39929745248466, 11, 14.120085977524278, 18.7212835378105, 14.64935873524553, 10.264972458306522, -0.6319202447009131, 0.4239352653760604, -0.6488109856558126, 0.7383867087045625, 0.5836850278769669, -0.33778226217595864, -0.23550344529450468, 0.6925248580396182, 0.6818705509490969
48, 96.1706378348319, -154.5753425296079, 314.943681293915, 69, 27.72533851581212, 32.564217495017715, 28.97182276678894, 22.589889460622285, -0.9938122518055286, 0.033089495089796736, -0.10602968205142793, -0.09280915622635962, 0.2770581472298376, 0.9563604151020265, 0.06102187052013171, 0.9602832229963574, -0.27227277306031256
49, 69.34275531337939, -52.32973330404213, 114.75334112114261, 34, 19.556703266455667, 28.826814434252015, 17.021089781970886, 15.244139832371012, -0.7713548611436861, 0.2850015072311633, -0.5690218089546039, -0.10295415912974969, 0.8264583193719314, 0.5535043698642397, 0.6280223875849417, 0.4855314482264656, -0.6081505516524837
50, -138.6375663340612, -196.4317840790475, -234.95712377258369, 68, 29.440034107289552, 43.87586437982597, 32.48326999558717, 17.90315200841678, 0.5925232739852045, 0.5502279468694411, 0.58835820404724, 0.7376728991769744, -0.07716106452634236, -0.6707345704084433, 0.32365856022310213, -0.8314417457675561, 0.4516079713527067
51, -63.608989221746256, 93.85224993751022, 13.665055497291151, 75, 27.183731055844916, 30.78371764756095, 27.342043467056985, 23.86575390999048, -0.9319162084602753, 0.34549729534078555, -0.110289615654542, 0.3104328677475638, 0.9171363622229678, 0.24998465494994854, -0.18751963905428265, -0.1987272301437896, 0.9619479575155451
53, -351.7349788942053, -186.07947506580527, 27.70108847775412, 10, 12.909120615296027, 17.97981684988123, 12.229228551103544, 9.783756847134265, -0.09245253895440095, -0.7965037234059179, 0.5975235113712212, -0.17077775588287517, 0.6038857397024857, 0.7785608335124437, -0.9809625304447129, -0.030063798570552042, -0.1918558883094676
55, -275.3692519921864, -265.47871046178966, -147.26055222038468, 89, 29.64139291287481, 39.41500378018696, 29.953559102959908, 22.058999921241497, 0.6159370550285569, 0.6069447028336323, -0.5022346781584703, -0.2706624378542089, 0.7617488267725705, 0.5886260015030161, 0.739840110414112, -0.22662050351370702, 0.6334664619454043
56, 45.53870280743781, 244.15927651728754, -4.749497654611955, 57, 25.330269059319395, 39.26504412004303, 25.341608522340156, 16.333495654133802, 0.639454862387896, 0.6798636083271469, 0.3590027201023257, 0.5693062793186352, -0.10489232242465682, -0.8154066231180208, 0.5167086599785694, -0.7257982328228373, 0.454124526902476
57, 44.198843323664825, -14.48816514398805, -203.67379675958108, 10, 12.009161652777161, 14.198999443601302, 12.739379725807952, 9.57485150612708, 0.051088863150929656, -0.35793212475598535, -0.9323489272421627, -0.005380909968150753, -0.9336531670245095, 0.35813797552482174, 0.9986796152269557, 0.01327997638434661, 0.04962527941856808
58, 325.19343764670737, 150.68927863572748, 335.0134256204251, 38, 22.55544511045043, 38.116621846616894, 19.059227435574797, 15.795541162233901, 0.6359029329722837, 0.34193055315242105, 0.6918894107139713, 0.5559196295018372, -0.8247890965508049, -0.10332623938500358, -0.5353324437877703, -0.45034036353827744, 0.7145717120040688
59, -270.423090188226, 184.25366123082682, 170.0989087234696, 9, 15.281996724543488, 19.949164314670885, 14.79656845784912, 12.090787588163238, 0.765201622591312, -0.0368045391755481, -0.6427378179940081, 0.2307865258907192, -0.9163285039388392, 0.3272302741747793, -0.6010025426326546, -0.3987323648329589, -0.6926820663073359
60, 290.6549727225636, -142.89242507707817, 246.58907646937203, 19, 16.42832663750371, 19.69381196746453, 17.488507600574778, 12.8735240988059, 0.2974804281505804, -0.9359634081489261, -0.18835576304853074, -0.08315934447709171, -0.2219396197725728, 0.9715077604431919, 0.951099320940504, 0.27334100274465406, 0.1438567965897316
61, -28.992018821318158, 117.43891839480206, 28.951292269551015, 73, 29.525161502699437, 32.84264002748812, 31.28748925073799, 25.047712629084373, 0.36638748602040533, 0.9105505755453815, -0.1914624231060014, 0.5520550918534147, -0.3783705078590075, -0.7430147605137025, -0.7489962520909996, 0.166533504606408, -0.6413043007786111
62, 278.5686012238343, -235.79070738686858, 169.39096136723862, 58, 26.850247273133927, 33.40839802412387, 29.255603000825985, 19.805242470216168, 0.23957719362886387, 0.888473103132953, -0.39143110926728686, 0.5222807392884528, -0.457806894342614, -0.719469024253774, -0.8184287370695296, -0.03206855939500113, -0.5737124801127339
63, -105.51127549479253, 44.80642910588114, -41.769478375548616, 197, 41.50059382257109, 67.52540831460908, 39.14498883172242, 27.040800276333446, -0.7848447397672761, 0.25440077889839374, 0.5650654636018089, 0.6109736540812187, 0.47008810139200846, 0.6369681082662616, 0.10358536807039682, -0.8451611802641826, 0.5243783470893647
64, 89.28978819410867, -282.4139093566566, -163.37004644925804, 67, 27.31822835382886, 39.600758808372184, 24.38933786760178, 21.108339721699185, 0.11894533277996988, -0.8014494351089034, -0.5861150149701694, -0.8479927764996821, 0.22506783609645176, -0.4798465589740337, -0.5164883917516672, -0.5540968075331965, 0.65285256303954
65, 343.2320186038838, -324.30959060672524, -114.49882421475793, 41, 23.681377883978833, 33.76065882639992, 21.078459353582875, 18.662556085776504, 0.07868972064182525, -0.9501352123759944, -0.30174659247212, 0.3944368439562073, -0.24831052552576838, 0.8847380736935556, -0.9155476524983162, -0.18863976546937597, 0.35522884861520115
66, -161.99952964813582, -92.11657799627153, -199.0121850919757, 8, 10.85175037950694, 16.11837767121499, 10.903134784024132, 7.271544684720133, -0.857402683901448, 0.44485338692483883, 0.2587780937021008, 0.5079857311305396, 0.8121705191658721, 0.2869312544244856, 0.08252959836546514, -0.3774712067685915, 0.9223363559213625
67, 332.72521863961754, -273.70707714004203, 151.71144180753797, 13, 11.567462999699982, 15.121707832227187, 12.13923104827534, 8.43183960911135, 0.115445182982287, 0.8277651264449285, 0.5490694902904348, 0.37686539124771323, -0.5479364133472775, 0.7468186954059396, 0.9190456390222927, 0.12070866733475556, -0.3752126477404152
68, -349.492832010842, -218.40712725458764, 251.46559595337789, 60, 27.134533309369022, 45.69279226954424, 26.828190821958987, 16.297762484434987, -0.039247480248411314, 0.13575198861275345, 0.989965167509359, 0.027968611399427596, 0.9904895785221807, -0.13471507567952756, -0.9988380209375984, 0.022400723797143012, -0.042671014785516645
69, -115.67398610497594, 3.6199487026328043, 225.2709233829014, 5, 5.423581073736679, 9.611930028754042, 5.869180931048231, 2.8279407831266914, 0.20109891578879424, -0.7764511051592723, -0.5972293590954117, 0.4263857883878742, -0.4795134001491424, 0.766982436916426, -0.8819038414302449, -0.4088894476192224, 0.23463809174178185
70, 249.04414309773156, 221.4158666705916, -164.87041197754812, 6, 8.772860436192023, 17.25806311206687, 12.184987071335502, 3.2107503282952603, -0.9535758884737054, -0.21945942698322277, -0.2062294470481328, -0.279523289461981, 0.8998308137643053, 0.33491974747485653, -0.1120703152932862, -0.37701732918854536, 0.9194009886451066
71, 38.66070383583556, -151.60522960571762, -110.06707474149644, 16, 17.57657965400867, 22.49194728367409, 17.557206652364975, 13.750567492751111, 0.0075522027070327276, -0.9515248832406921, 0.3074790412500654, -0.31971477113221203, -0.2936456440771978, -0.9008633086292086, 0.947483735667346, -0.09150208898312064, -0.30643423170001094
72, -8.887604556443296, -330.8175723155119, -230.4019251734919, 438, 58.91854279444779, 90.09451681345693, 62.86153571299725, 36.11375472992165, -0.8197584433375685, 0.016144724885335665, 0.5724818271658437, -0.5415965707427457, -0.34684008713005554, -0.7657513359565973, -0.18619680216497664, 0.9377853175530063, -0.29306901754628323
75, -250.62311751915252, -29.540163852029977, -283.7077752115434, 11, 12.85566358161887, 14.934990446714805, 12.379857191972404, 11.49113462456578, -0.3790774526776517, 0.913941472856085, 0.1449526442155265, 0.9244932143988202, 0.3808427896723617, 0.016464084703092234, 0.040156959570655036, -0.14024889927633774, 0.9893016045927635
76, 178.64252851328868, -8.611653955304387, 307.0275008605913, 177, 40.294111893805336, 77.23626578649538, 32.66166880380888, 25.93373837527224, -0.9663656073630913, -0.21144350243613466, -0.1463870150775137, -0.026147964885783973, -0.4854840366189443, 0.8738544124283562, -0.2558393965715516, 0.848290572543227, 0.46362625863532403
77, 276.4668612449276, 26.029032724318974, 238.53343693614016, 8, 8.473493470380717, 10.54760237191661, 8.500994023728142, 6.785221621341841, 0.786535910068947, -0.009932196627242687, 0.6174646659058081, -0.3967244476316057, 0.758124879477698, 0.5175484322924023, 0.4732557182152267, 0.6520337557113778, -0.5923520968051901
78, 217.32426860037623, 282.6300999783606, 17.19392124624608, 7, 8.486359430593973, 12.03137423861536, 7.816181822643196, 6.49911731303468, 0.32189405607914334, 0.17837190242357168, -0.9298213167521561, 0.5036219454275102, -0.8638810828127801, 0.008626171922037316, -0.8017163792418912, -0.4710551339111103, -0.36791019022481286
79, -119.33327546018648, 340.20151541039615, 335.68079604163995, 46, 24.40795339790576, 32.945889533585294, 23.2140574284657, 19.012612808792532, -0.7527883372268357, 0.2669034310720984, 0.601724420160257, -0.1630912046492295, -0.9612331844789835, 0.2223331374816976, 0.6377389578043037, 0.06923383232447806, 0.7671347327297511
80, 68.09466843901617, -106.29408872078827, -354.30551574958434, 13, 15.503168345419034, 22.481113768712625, 18.22940047301798, 9.092246044478193, -0.45915081250632234, 0.885175980621627, 0.07512665775425499, 0.8883182261774034, 0.45828895008885817, 0.0293592790695471, 0.008441588465152125, -0.08021671619427904, 0.996741700756616
81, -287.5635236042189, -296.63612259756934, -256.30069653387926, 10, 12.258491810446552, 28.34555728979286, 15.197701093194715, 4.276103665601419, -0.03728899978084958, -0.14762764197731781, 0.9883398250700822, -0.9979156089515159, -0.04662576699550691, -0.044614742664348964, -0.052668471653060635, 0.9879433775152793, 0.1455813000265941
82, -274.6555792429647, 70.94711686929048, -318.48429505820906, 16, 14.409653663884145, 20.21160813697019, 13.770748105231474, 10.749845543116473, -0.6218717141058804, 0.3656407536624497, -0.692518888158417, 0.033934599402754076, 0.8960596420772655, 0.44263479393709826, 0.7823835467073608, 0.25176170698007, -0.5696420180605468
83, 297.6300200143933, -64.93619668429022, -40.40756512078895, 22, 16.85473129473042, 25.693982142708652, 15.858151688835292, 11.75118095451802, 0.340446701662451, -0.30788567607025713, 0.888426954677715, -0.6325168036265209, -0.7741138566876896, -0.025888800941729156, 0.6957144072514568, -0.5531312207377856, -0.45828737293087307
84, -354.39866869472104, 4.827951988416905, -212.30072587406667, 6, 8.557642090925604, 13.383196505969854, 9.564607568047997, 4.895931648950585, -0.3947844975356384, 0.8364707291872127, 0.38008146458166864, 0.09321423095105069, -0.37508388962432637, 0.9222923521815034, 0.9140329904624548, 0.3995357242566657, 0.07010632916480183
85, 256.3669705564065, -280.8536943352115, -324.84956921855576, 5, 6.921737577606096, 12.384898960976141, 7.732286064206003, 3.4629403370686176, 0.03030375585668721, -0.8312446777425356, 0.5550801456597836, -0.6590835444774655, -0.43412081424472426, -0.6141237660590236, 0.751458956816671, -0.3472339331980759, -0.5610151797017572
86, 133.75023170828413, 297.3169362103819, -194.428622075101, 35, 20.778617779301545, 25.42826608047739, 21.490262118638142, 16.41691324495954, 0.012986050489734459, 0.879936863426367, 0.4749131277150015, -0.8863472716912538, -0.20971544478956422, 0.4128049735434229, 0.4628389314417586, -0.42629866126940025, 0.7772062628040052
87, 209.4286497525854, 54.382750957451016, 52.350179741233475, 19, 13.785682001029702, 21.749031660561627, 12.537881018756256, 9.607727992285357, 0.15653642136879467, -0.42859459950053214, -0.8898331405741358, -0.9182838112041648, 0.2685726337935639, -0.2909013276998614, -0.36366356824048984, -0.8626560204717556, 0.35153008331923513
88, 350.720079687411, 58.803002200853655, 87.30340484914112, 5, 3.9771965142318138, 6.626398783546597, 5.033276898595043, 1.886265226516004, -0.4132812968610934, 0.812741917507969, 0.4106691432166319, -0.43365524463742244, -0.5722261801323765, 0.6960605775143183, -0.8007132435917804, -0.10957999040234981, -0.5889401728869844
89, -168.90044403440078, -253.79815938455297, -303.4058052388803, 31, 18.235536591175645, 26.878304330968437, 19.341607950992376, 11.66436762037543, 0.3768430573390775, 0.9054181187820046, -0.19546698011836333, -0.3111138537400731, 0.32248719890828925, 0.8939855572386424, 0.8724663203507267, -0.2760797651432308, 0.40321518216967195
90, -264.18502791930626, -57.9936303628857, -71.6178885569513, 30, 23.400691811895523, 29.080424389376073, 22.27741357801583, 19.779740208099938, -0.4933731455390221, -0.5734092966751819, -0.6540525343941449, -0.848511350953026, 0.48269002616424256, 0.21688436076728465, -0.1913411261720836, -0.6619759188430016, 0.7246905934998484
91, -329.25713603876864, -190.91998103131093, -119.57028672575555, 5, 7.691892916155726, 11.876362530196062, 8.57485342602777, 4.468785788592336, 0.48398295472742786, -0.7366000006177801, -0.4724202986993624, -0.8217163845292671, -0.5681882851825449, 0.044093718117986264, 0.3009031121963656, -0.36685489184581493, 0.8802697344560567
92, 45.241636291524436, -131.01736271082808, -351.1337906405757, 7, 9.334872829895186, 13.971525631848367, 8.254446926651509, 7.053317054318027, 0.742764580213058, 0.2755380254600212, -0.610229116731177, 0.318661901653564, 0.6560814654820256, 0.6841138085768275, 0.588859381189986, -0.7025922766274564, 0.3995106031233649
93, 121.0066715548515, -264.8259575148795, -327.26855212465176, 9, 13.631727107484696, 17.816628482768397, 15.612393876855803, 9.106628640038938, -0.7700102307203315, 0.5815513220527473, 0.26245438537910526, 0.6379535233798665, 0.6953285535390104, 0.33095846361826387, -0.009977303906124007, -0.4222751028086433, 0.9064128148667773
94, 161.94584576639568, 109.71242136155453, 216.8098167524065, 10, 15.241728095273436, 22.290389691452013, 16.2066566914875, 9.801477238767035, 0.40031728376610765, -0.9057967428380583, 0.13884643669208904, -0.6567995749625255, -0.17794947708072303, 0.7327675633758246, -0.6390308213593231, -0.3845338012069444, -0.6661631670110312
95, -41.81272889110471, -170.71815697806434, 341.0514160356927, 6, 11.766498547694772, 21.210628732839638, 13.280105904073718, 5.783445614969376, -0.14507113535677607, -0.5215979353170747, 0.8407674824582958, 0.002772958273242453, 0.8495391923624211, 0.527518218967478, -0.9894173418677836, 0.07885908009335262, -0.12179724585605163
96, 302.00194475695764, -140.63220201033167, 187.2224221896216, 9, 9.252960694862217, 13.30150185754383, 7.938243723776225, 7.502690717298385, -0.7111715031173609, 0.6713739297512935, -0.20854769143795068, 0.6028387739920047, 0.42976056187559597, -0.6722285861432766, 0.361691174519937, 0.6037904486712904, 0.7103637014710916
97, -292.51207336504086, 311.75017281561617, -13.638149598207002, 20, 16.87237663982772, 21.51670063887762, 16.176930585848055, 13.799297732997008, -0.622033583415888, 0.29590410476947815, -0.7249241214660767, 0.7304685568612046, 0.5526842966997834, -0.40119291571334464, -0.2819395476691737, 0.7790897438434414, 0.5599368379541239
98, 111.30686892967888, 268.33396692544915, 27.251184642323402, 14, 16.572940793532286, 22.907319888621902, 15.153633831468163, 13.113169265364684, 0.045516064504461176, -0.7542997140954617, 0.6549505547654192, -0.9571198631094842, -0.22069529241844074, -0.1876570157111674, -0.2860941375025155, 0.6183247764887341, 0.7320004202641203
99, 162.4811856515483, 35.41214186272717, -44.503518147141406, 23, 21.024445828920037, 27.421283446842025, 21.038431788149307, 16.109146448391495, 0.8502696590923373, -0.45304626139146115, 0.2679376641426513, -0.18904055876997441, 0.21223516226305786, 0.9587595647705994, -0.49122823001832544, -0.8658552540340635, 0.09481300066272748
100, 55.23476752735486, 175.10481904325974, -67.539346383955, 13, 15.461320254520263, 19.79698805926699, 16.001311750753437, 11.667693714368903, -0.1235963975586782, -0.9771197937040198, -0.17309199652881357, -0.9915429696032049, 0.12856181132171607, -0.017731331031182622, -0.03957865511832301, -0.16943662361335285, 0.9847460386503374
101, -304.11852716907737, 205.7247415851613, -242.90589719746598, 21, 20.886811136215965, 26.16120200876113, 22.44426671169548, 15.518627333878824, 0.41285942348922633, 0.42077540891452614, 0.8077717200354051, -0.6104157674298016, 0.7860603499472361, -0.09747675165861418, -0.6759731409673245, -0.4528323989001245, 0.5813803670551047
102, -5.831980784726944, -282.5884525863246, -352.6930846921883, 13, 14.209484180714272, 21.76783859959467, 14.956736765714023, 8.812168233215091, -0.8668090354215844, -0.4290999545072439, -0.25399867155830474, -0.45023546096982875, 0.8924446451807146, 0.028819871157833726, -0.21431314891249303, -0.13934053369407398, 0.9667750978759548
103, -61.88077821536761, -348.75555690966377, 11.578360742813775, 61, 26.410753642586016, 38.930815750424316, 27.31891391765066, 17.321498034447803, -0.2709714597708802, 0.06635801415655586, -0.9602973924502954, 0.9624171060099901, 0.03744037050325181, -0.26898240224210684, -0.018104752110799628, 0.9970931915391749, 0.07400935979475132
104, 275.68409220087045, 38.8580891101416, 274.5218431239774, 15, 14.671453401284092, 20.371430593609524, 14.476953512883593, 10.708304378210492, -0.6065371042756703, -0.5413604934381682, -0.5822727516218389, 0.1001845690584303, -0.7785715866209785, 0.6195073337976467, -0.7887178159896363, 0.31741943962346547, 0.5264685233607641
105, -324.4154223898299, 206.76864715561985, -304.5594515168292, 35, 20.338291147928842, 23.327581032622565, 22.41704205000335, 16.087752158394608, 0.044907306521299144, -0.6308757421616372, 0.7745831987417525, 0.6794844244313072, -0.5490952778457432, -0.4866161657844521, 0.7323143114648634, 0.5481698402863028, 0.40401185059875716
106, 333.54962569587263, -10.816885965718393, 66.17654458523997, 18, 15.700585723971335, 21.048506849114354, 15.308084464442635, 12.011726097550003, -0.3476530821680953, -0.7164634283550053, -0.6048284800576242, -0.9084498708282737, 0.4170445997434074, 0.02815375671121273, -0.23206931432465683, -0.5592440948768738, 0.7958579494446418
107, 268.7281184078774, -329.064031477459, -181.7804878160174, 9, 8.004147843675847, 11.554621804920865, 7.117570875805389, 6.23530597711046, -0.48137398558678046, -0.7526003406219821, 0.4493014726171889, -0.8738359680979831, 0.4521069457086937, -0.17891341621079454, 0.0684820185052888, 0.4787400515286276, 0.8752817696055416
108, -56.32751840330843, 260.5711175956074, -290.4207682355461, 6, 10.346562548217161, 17.9885662468747, 10.66566786172854, 5.773027914736088, -0.9779947102167817, -0.09567235585995325, 0.1853999652432542, 0.10659743399540571, 0.5347537926980787, 0.8382573401173505, -0.17934138912584735, 0.8395744049929262, -0.5127879528881167
109, -184.84019766173807, -109.08650803947816, -47.32886157238022, 34, 22.522788669122082, 31.969897392539746, 20.42146337296708, 17.500013488413856, -0.4263832023770484, 0.7961866366158847, 0.42928336143505286, -0.23829726843520335, -0.556693669267868, 0.7958056109712964, 0.8725891224322092, 0.2370210924609087, 0.42709393011564145
110, 115.30456161848333, 103.72516404688594, -309.2276045413026, 34, 19.826371382240715, 27.138538702421727, 18.840636980586385, 15.242200505385163, 0.07243941598252289, -0.8897496192855995, 0.45066411660264455, -0.9646130750038182, 0.052356515567549985, 0.2584190604605301, 0.2535234634975414, 0.4534362251284696, 0.8544714408319652
112, 192.42149898132436, -128.0313573310485, 262.05537781608666, 23, 20.682297530915168, 25.989987458464917, 21.058489739333304, 16.164528939344667, 0.22889613079324983, -0.4789926859443231, -0.8474506287210617, 0.3218846455566635, 0.8588356099547864, -0.3984867250341612, 0.9186930043614898, -0.18156927571985768, 0.350764539045534
113, 41.29010548192041, 183.3055264779751, -141.7617027518881, 13, 12.676555195187262, 17.790129683343878, 11.839025485114805, 9.671830699686836, -0.9918628623222998, -0.1257714837788968, -0.019738191757837555, -0.1138992487577495, 0.8073794438988813, 0.5789347067692119, 0.05687726679645204, -0.5764720005668865, 0.8151349637232945
114, -265.89293131560055, 200.83617343626582, 166.29335395293475, 5, 6.431779690279054, 11.11872338555125, 6.4436153351454095, 3.713718213626716, 0.052760784607314204, 0.9983106018348515, -0.024336020047597044, -0.33958818007604774, 0.04085418841772644, 0.9396865452060951, 0.9390932688291714, -0.041314374651752334, 0.34116997946313554
115, 209.09563293416602, 294.8653783891547, 219.52208540505043, 12, 12.997527869399, 18.7321720493467, 12.25092694510701, 9.568088505087426, -0.3627806471297056, -0.7830137027067523, 0.5052521582750672, -0.05103999550643705, 0.558071030699449, 0.8282219772215403, -0.930475749779034, 0.27467483697549716, -0.24242238552911857
116, 128.29025030333378, -127.86486605997179, 184.28721219169222, 32, 20.424913221133668, 30.607596427871723, 18.076026974104266, 15.400983407307715, -0.18784496455011077, -0.9558089520396729, 0.22614932344358188, -0.30041883604420466, 0.2751247187884889, 0.9132660686029018, -0.9351271529813547, 0.10361291576042617, -0.3388238059000707
117, -259.9604771947936, -302.06660544796176, -165.8143385125488, 9, 13.290312209789338, 15.546466460947917, 14.527184223958791, 10.394232133351238, 0.503323034557421, 0.17887363750058113, -0.8453816562306162, 0.24910031907773933, 0.9067701032425423, 0.34017203133249796, -0.8274146203199927, 0.381801259391349, -0.41184079983399174
118, -271.33546499177714, 230.65427126265774, -197.76707773675855, 214, 44.42806226165209, 64.65863095925803, 39.96703093230993, 33.934677322295876, -0.3172849197198626, 0.760464572276578, -0.5665897228423417, 0.045125106649191976, 0.6088903185177794, 0.7919698887995783, 0.947256039552274, 0.225712680918726, -0.22750776075602822
119, 97.50440409948533, 246.3842488096561, -54.39502658115771, 12, 15.05929094198755, 23.210710214661283, 13.043664012517725, 11.280426980774006, 0.38643622633554836, 0.9003157679032819, 0.20024625100177204, 0.7350057479601181, -0.4317665679431073, 0.5228232791988296, -0.5571656786281138, 0.05485570956020408, 0.8285875075618266
120, 318.9570998813038, 151.5448705013357, 204.88888845750103, 28, 18.148573861918937, 25.760780592256282, 16.384344138802128, 14.162483921899552, -0.1133093841870692, 0.28747622008175194, -0.9510617258320593, 0.9843290450361317, -0.09769816572540008, -0.14680394923894036, 0.13511963052571008, 0.9527919454431801, 0.27190107418911647
121, 35.13318491953981, -312.04711710974146, -61.33190171930073, 6, 11.452074089464244, 16.330700531502846, 12.799561571400671, 7.185426285797112, 0.15185544778469884, -0.9034359319699513, 0.40092822275775786, -0.7821221485327989, -0.35784897648301633, -0.5101265086275127, 0.6043383719014924, -0.236109353596258, -0.7609385687371948
122, 297.3207079151554, -17.0830037761623, -279.26745401711275, 11, 13.187611059158474, 18.5391751474029, 14.025437056004643, 8.820466995625155, 0.7423396600887147, -0.36168459071697956, -0.5640178063654219, -0.5716572515249386, -0.7809686160096597, -0.2515869781743677, 0.3494850724112896, -0.5091878608586891, 0.7865035959967557
123, 32.37409727592974, 35.04970329267051, 222.066312372994, 22, 17.50931494765661, 22.909225620421967, 17.649947531789177, 13.275584024826719, 0.22426033946176147, 0.958701805266089, -0.17492326524518498, -0.754505556501549, 0.2844123957965488, 0.5914650913837223, 0.616788995810385, -0.0006615865846085686, 0.7871282595297971
124, 184.876216464493, 245.35939714317934, -105.73011014064558, 12, 12.374709443395957, 19.765584105418434, 11.118622686861098, 8.622722031051353, -0.5085086578214545, 0.3925723171901017, -0.7663588720022867, 0.8549010906903596, 0.3364154074115246, -0.39492885282360846, -0.10277679726989343, 0.8559857764192884, 0.5066806494339519
