# Void_ID, X_c, Y_c, Z_c, N_particles, R=(abc)^(-1/3), a, b, c, vector_a, vector_b, vector_c 

0, -216.8833251077861, 88.27741172657889, 176.92235968410884, 32, 19.987493249275655, 27.893419371991495, 18.623885512429087, 15.371028952462455, 0.542248095093729, -0.3942029520548663, -0.7420047411967468, -0.7468211647686207, 0.1785276295857779, -0.6406137942068715, -0.3850001963906803, -0.9015164546838358, 0.19759284074435812
1, -144.07851165522123, 32.80873701367573, -49.123644575436714, 393, 58.37846563578844, 74.78112194131309, 62.03125844396636, 42.88994212092015, -0.9768479072462574, -0.20950274692980586, 0.04332164744643455, 0.15824356201649362, -0.5713125469688657, 0.805332818626113, -0.14396923695338387, 0.793543050315995, 0.5912379268164776
2, 292.1983438677752, 195.05678892660654, -137.50378702724626, 98, 32.938379299988306, 51.64062858566726, 29.976645299726655, 23.08511965189221, -0.904951102489471, 0.4234826129278263, 0.041544899216532497, 0.42461772767803746, 0.8923880885953993, 0.15278509310331917, -0.02762765724108483, -0.15590373914974218, 0.9873858094354498
3, -292.55453180824605, -45.58353840699304, -10.595484919143848, 10, 13.19015013320031, 15.432117294052892, 13.715901504833651, 10.841748863102493, 0.9221263530532305, -0.04067021471962139, -0.38474526980771145, 0.23619429944361445, 0.8468091864643162, 0.4765778578889111, -0.3064233051109029, 0.5303396415074987, -0.7904711397202356
4, -116.32292140231165, 265.13878994448856, 347.19517983088343, 60, 25.535838765598317, 41.27308421875053, 26.399136480203094, 15.282476535245603, 0.6751660773465298, -0.6641012734959509, -0.3211234443972537, -0.6699981090005923, -0.7342112336659428, 0.10971052043612284, 0.3086313366074971, -0.14107927877541324, 0.9406611160051632
5, 120.34076777370116, -137.1531478094341, 197.53818210190965, 38, 21.072365577442966, 28.20580195676079, 20.603317986881645, 16.101422970962492, -0.5917306761766904, -0.27357300280607344, 0.7582958650864087, -0.0067665841483526045, 0.9423077744585824, 0.33467935630073836, -0.8061073254911161, 0.19290896902575944, -0.5594435712911341
6, 226.42607637760108, 84.11055641144533, 207.57548917291993, 7, 10.229276977195063, 15.69582036746713, 11.399982070454524, 5.982002997763002, 0.7868531437492189, 0.6019425558121919, -0.13611498695682675, 0.4683473130099109, -0.726065909338633, -0.5034670691243472, 0.4018867061354076, -0.3324055577130888, 0.8532254219331974
7, -121.66550071322646, -301.7274121229948, 140.35662600234465, 13, 12.423043675244715, 15.019604621067948, 13.55197213951708, 9.419395571314187, 0.23304869455275934, 0.2508067855247997, 0.9395659967782849, 0.4256310014808652, 0.8424044870240266, -0.3304435365084064, -0.8743720927303495, 0.4769178509727894, 0.08957012268521927
8, -67.4103323601304, -34.55027288904778, 184.77071887371307, 42, 22.612169109451994, 41.356688700790635, 19.13652414521628, 14.608911483677574, -0.22768101850059383, 0.11296628832508511, -0.9671607785247425, -0.0401305922604652, 0.9913151792571662, 0.12523478326390267, 0.9729084691682751, 0.06732631785851717, -0.22117024561241805
9, 210.53629045869533, 217.68152674045407, 226.67879775438539, 8, 12.831665027911198, 15.36840758319789, 14.877354419559742, 9.240478529054473, 0.46970075109076737, -0.7389997633164702, 0.48297055214885515, 0.8599662039781392, 0.5066862115595355, -0.06105088886228604, -0.19959792694363104, 0.44401400071805214, 0.8735057153368572
10, -44.36987301870585, -80.4197782334751, 321.1406291689465, 12, 9.116696273646028, 13.017191006315795, 8.082543857275164, 7.201900413376816, -0.3441556165674724, -0.12575742771228413, 0.9304525678186141, -0.8940320151674476, 0.34661733343172785, -0.2838365375005675, 0.28681643509515825, 0.9295383227924865, 0.23172146862005716
11, -288.89579615716275, 256.53435714811155, -198.86375000578926, 115, 36.5106412521076, 60.64455144554074, 35.23841994391885, 22.774569014907897, -0.05138489137999975, 0.6848314783762065, 0.726887501036388, -0.4662211004550947, -0.6601179173124017, 0.588967079498997, 0.8831746590727716, -0.30862628123378694, 0.35320297295393377
12, -248.95615024544134, 35.381976198268745, 340.5165878412864, 36, 20.822824496360816, 31.66257644130781, 18.46598244375987, 15.44188260762491, 0.43322085995200404, 0.8422918733753434, -0.32072431549276204, -0.5968710278347087, 0.5347532948801533, 0.5981503905761144, 0.6753255974964845, -0.06770017474626275, 0.7344058984685115
13, -67.38022951922122, -271.18602182949263, -47.49386763684332, 54, 24.192149481084886, 35.634969657288686, 23.464481987313793, 16.93308184744431, -0.30192554548519823, -0.9010980559974949, -0.3112286273159987, -0.911252880637374, 0.17686559177996727, 0.37193648647908933, 0.2801056095717374, -0.3959051097445675, 0.874528439540183
14, -133.16651703858116, -245.33953038539923, -128.5473163154753, 177, 38.56469918802791, 47.03758708418188, 36.80799671483476, 33.12703965106242, 0.5678058291692366, 0.48153037670678717, 0.667626419991042, 0.6728769626867935, -0.7387002402946197, -0.03947845075565377, -0.4741657236102499, -0.4716465321586597, 0.7434489997678916
15, 279.3313642869565, 338.5503270471287, -324.50542054090425, 120, 32.84079653734855, 50.63092415923161, 29.06323364155424, 24.07028645261121, -0.6181375089039709, 0.2961563056521912, -0.7281465942435212, 0.7491034390830438, 0.5026588242904533, -0.4314836542870372, -0.23822270597059148, 0.8121733490981978, 0.5325639805456861
16, -151.37809826218594, 211.2843468892547, 178.18760797370643, 36, 20.86342176341676, 27.138521810956917, 18.873357955186982, 17.730510793072764, -0.2728269280997452, 0.7218202185646482, 0.6360354073280353, 0.14808601057998086, -0.6217290370038683, 0.7691056741545652, 0.9505977071159823, 0.30402068452249464, 0.0627329467529703
17, -253.44116235719508, -323.0977917723663, -205.45355910514792, 41, 25.434252087803216, 37.23638937192092, 23.03929624812941, 19.17874311630394, 0.9542906978190735, 0.22820432465625493, -0.19300790207700919, 0.2004473840083421, -0.009656058809370852, 0.9796568821646088, -0.22169824153609738, 0.9735653787683971, 0.054957646996116084
18, -304.144397835091, -112.07917773240665, -205.0555867592243, 10, 13.14379711265137, 16.5733967649699, 12.328485889378824, 11.113254761875675, 0.9029328968184651, -0.018035198545154046, -0.429402975602699, 0.34952854836909836, 0.6121887021487372, 0.7092635524517212, -0.2500839413437145, 0.7905059927507696, -0.5590691349977331
19, 263.6131743407647, 168.85120145774513, 307.0933971908965, 17, 14.918656116840703, 16.57981521093547, 15.797904432244701, 12.676808853766051, -0.9887242307999856, -0.11472586275793925, 0.09624121696769641, -0.14752286103325926, 0.8566096221947669, -0.49442588993285985, 0.025717715713853836, 0.5030486373878619, 0.8638753773089477
20, 151.3640948602892, 119.90295027085573, -121.49515554472417, 61, 25.389019119956597, 35.40213136807045, 23.59148132242812, 19.595355519944107, -0.774964559847674, 0.5310617631621642, -0.342641700158043, 0.1263475937395796, 0.661388927892317, 0.739324672669369, 0.6192464909358136, 0.5296584652099361, -0.5796513552948324
21, 145.11322531627619, -282.3824839309217, -222.66991646198957, 42, 22.580969402986895, 34.53586602713099, 20.01847686562934, 16.654299308384182, 0.44212135282026294, -0.7567933111343804, 0.4814484329631174, 0.48983052560781065, 0.6533671611318053, 0.5772152189065545, -0.7513952126299156, -0.01937103448002875, 0.6595680385373578
22, -26.959242125730956, -191.13370399016463, 61.01955996565433, 13, 12.115300968777373, 14.78579730116671, 11.885711685138052, 10.118885523598632, -0.5055116847333845, -0.7559490854380602, 0.41593138475399466, -0.1080834650705078, 0.533744182810055, 0.8387103861851116, -0.856023306444613, 0.37902259502803687, -0.35151951763998124
23, 263.4181967810223, -123.35112232532234, -188.6112394930132, 10, 10.730323590236942, 14.688705235587392, 12.529203628414411, 6.713229181373788, -0.18277265395495965, 0.4392807133767031, 0.8795604651310309, -0.45872985038822844, -0.8293808945221078, 0.3188953686783519, 0.8695752304022087, -0.3451952877096707, 0.3530993231570733
24, 313.6760121919829, 75.11296290775346, 268.34073168186364, 13, 13.359894743987878, 21.594543857771093, 12.907352739251955, 8.555155267592946, 0.5671966151198775, -0.8166586412806099, 0.10656764714612894, -0.6619198225605417, -0.5290213667138125, -0.5310353491639429, -0.4900511690609205, -0.23066221446513083, 0.8406216714551601
25, 248.6102993674937, 86.31770620425243, 102.58031531704785, 6, 8.544908782302825, 15.744235970896174, 10.290611982659843, 3.8508756915876643, -0.5973575288890712, -0.39433471762477335, 0.6983295161707922, -0.7783076304705864, 0.4950369182625276, -0.3862326784574302, 0.19339393741998015, 0.7742341893980981, 0.6026277498889897
26, 307.1079827425935, -231.7675198962704, 344.7963918539998, 8, 13.161089496741145, 17.237264096910287, 13.799884858712884, 9.583667301359066, -0.7619262007211827, 0.5810218411777852, 0.2861504582015565, 0.6392300766893927, 0.6035577148105968, 0.4765532435607626, -0.10417952634878332, -0.5460143816484941, 0.8312730726558846
27, -4.481159203090097, 183.96676320988368, -206.89474007864712, 12, 12.298241834884632, 16.434208104525794, 13.552385046965382, 8.351501668108309, -0.752553685604894, 0.6556679010021673, -0.06133965991022712, 0.6575630385107449, 0.7431324321317017, -0.12395579332382343, 0.03569034417047119, 0.13361808226970653, 0.9903900279301884
28, -172.12387692545977, -323.4059540485938, -340.02971637228137, 5, 8.757743756361304, 13.164647269311672, 7.9153612670088025, 6.446095469811585, 0.7744086293483087, -0.47390293074335793, -0.41917453050457415, -0.49409706242976537, -0.8668091348218769, 0.06715665780565487, 0.39517004907906556, -0.15510620884479523, 0.9054185199611524
29, 329.1117560180059, 237.6019408009438, 251.3145189339183, 34, 20.151362589553457, 24.030500872286645, 21.049662296008787, 16.177272337116424, 0.2764640680996994, -0.9548448974378683, 0.10880643770766223, -0.09920236582172613, 0.08425973356400646, 0.991493412945893, 0.9558904276459395, 0.28490615847431133, 0.07142808410053786
30, -124.04167616383482, 287.93958334707446, 17.659444868834886, 6, 11.221750970206509, 13.299850451315276, 11.715152887984715, 9.069579706724129, 0.948387468851967, -0.14441107534644068, 0.28232366220677285, -0.1427615086570741, 0.6005384565012599, 0.7867481896445906, 0.28316136842887973, 0.7864470761471289, -0.5489268037262491
32, -199.40229045976184, 271.01209353138756, 333.5840509353957, 5, 7.130562543343624, 12.600004013325592, 6.174279619560036, 4.660305671886749, -0.9697494246887174, 0.13835032861459018, -0.20111001936287637, 0.1911589923168054, 0.9427721839704026, -0.2732011141780003, -0.1518034682486708, 0.30338061194465105, 0.9406996924224882
33, 349.1584232009201, -350.3716818342514, 64.54959586036136, 17, 14.033840087208109, 24.931472818913864, 13.78521068320583, 8.04207701036452, -0.27943997331917564, 0.015438647696811036, 0.9600390353879743, 0.9351192460639918, -0.22249916717143514, 0.27576460296551747, -0.21786531837832715, -0.9748106322590618, -0.047738184743435025
34, -250.2809532722968, 178.39931188944274, 234.98405164920163, 9, 11.558601898012647, 16.5152190636078, 13.427191923111529, 6.963801490962944, -0.45579251371318313, -0.8185626146969764, 0.3495832236584977, 0.5734263712107731, 0.03034413513255336, 0.8186949555622668, -0.6807608840430408, 0.5736152711386846, 0.45555476012597096
35, 267.5068490562818, -207.83544319464667, -159.0719258566726, 6, 8.926910311707958, 14.320986506032458, 10.098365389346721, 4.919030304577151, 0.02291063584657547, -0.5153871152635355, 0.8566511683208263, 0.3173575698007085, -0.8088075131955407, -0.49509047606334916, 0.9480291533783622, 0.2832075705534297, 0.14503170800183574
36, -230.99278445366602, 254.09457574956647, -38.31018597485538, 139, 39.153274676453584, 59.99794703740789, 33.94550352366407, 29.470372691068924, 0.41111804414127123, 0.31987067735393926, -0.8536185937235599, 0.8310687626848567, 0.25326071179412374, 0.49516030086326074, -0.37457531348304035, 0.912985082917933, 0.161714479557079
37, 119.69337467569028, -62.72921156526285, 71.25775380474768, 66, 25.28874543130182, 34.56890315213488, 27.276623474340067, 17.15163970992545, 0.003721354749076667, -0.38792967588312904, 0.9216814623762605, -0.0922687808907768, -0.917889199237709, -0.3859609954330713, 0.9957271833146676, -0.08360612711977268, -0.039209589595799926
38, 179.09890901673236, -206.34402711731602, -116.94054503312904, 13, 14.17828529219713, 18.45369941742332, 16.353195622232786, 9.444632382251841, -0.057350874345726346, 0.8303210455987347, 0.5543264728006455, 0.6678285815849987, -0.3808177661668991, 0.6395176421255488, 0.742102326387642, 0.4068719580008874, -0.5326718942863176
39, -193.41927289107713, 329.6646222112104, -12.68464305877284, 95, 29.88289571759422, 43.26713048720865, 31.146146258204876, 19.801843587877368, -0.9820514560795014, 0.12869577960791267, 0.1378852201044142, 0.03727413800479507, -0.5842074917810303, 0.8107479541651135, 0.18489341861767458, 0.8013357616243201, 0.5689247937063739
40, 153.22427365704021, 73.45941740990293, -179.04066312314364, 104, 33.056461786250196, 44.73970906338123, 30.055428153725323, 26.862908063957466, -0.957690312294441, -0.11090450193163141, 0.2655738262492615, -0.2875481775556907, 0.33007357093814876, -0.8990925888653181, -0.012054514580727854, 0.9374175319565106, 0.34799864864505925
41, 41.36239592296053, 45.141155707279225, -6.430904765301602, 11, 12.311246057277234, 16.53341598148656, 12.154991599403537, 9.28514688395553, -0.7637108561270799, -0.27488638009882865, 0.5841088993242655, -0.6254694584585639, 0.5390419334844108, -0.5641114699072683, 0.15979263052216436, 0.7961603305751621, 0.5836052118078244
42, 252.94989218158457, 12.734490780999272, -339.46972541866796, 20, 14.81172726917448, 20.15635828417563, 15.129075462672057, 10.655961962852926, 0.45650802154445835, 0.8701908500129667, 0.18538692192081668, 0.7673392087192695, -0.2796117552906028, -0.5770682845776516, 0.4503231784259488, -0.4056909548622186, 0.795376567491985
43, -125.69060406380979, -305.69005091270054, 100.61036038643314, 41, 23.33385347199093, 30.284184802485097, 22.15976635014104, 18.93120831307812, 0.6489548624052834, 0.6740754839567424, -0.3528169900798759, 0.5341112370616004, -0.7338797673891102, -0.4196971211021495, 0.541832790632928, -0.08392096844882573, 0.8362861340770543
44, 353.7267337940265, -302.39597395122985, -108.01563628157871, 17, 18.52197769387095, 36.59417327791729, 18.01222121652311, 9.640129283352111, -0.07635510080202453, -0.7678315508116862, 0.6360853780426285, 0.08848157001555462, 0.6302129888333896, 0.7713641166616896, -0.9931469731862931, 0.11517941779591682, 0.019818964834177222
45, -191.28022430975946, 286.09440698261153, 211.73645322624634, 9, 7.560401738326707, 10.377047588801796, 7.086696210674013, 5.876476387823617, -0.23775133386223937, -0.865901369150632, -0.440101263517599, -0.9581128423661368, 0.2835438258706759, -0.04028250369207846, -0.15966867112808408, -0.41208945353367266, 0.897044144814797
46, -41.190884561052805, -156.9498529425739, -211.10900929653474, 11, 13.143072240159535, 18.639604172194417, 12.652858631632443, 9.626431918026912, 0.8881329723730628, -0.45668556649434955, 0.05155692717301256, -0.3087700370748933, -0.6760113455699439, -0.6690812543073397, -0.34041281936577705, -0.5783138888323958, 0.7413987849969774
47, -302.6529252799242, 53.12072048305564, 219.73593108380425, 5, 4.911465205097993, 8.122981958368472, 5.691722999418216, 2.5625595726096364, -0.06231032149651328, 0.7909182772887783, 0.6087410800049166, 0.6596966408537064, -0.4250521257872512, 0.6197830526967276, 0.7489444344417926, 0.4402033269005247, -0.4952809961066275
48, 262.18976488832544, -83.14085836676475, 280.334222776688, 137, 35.346673443469356, 48.82428633213218, 41.061415547096104, 22.028038243793326, 0.25307684018663845, 0.9389092800139068, -0.23324124177536393, 0.24483756388585268, 0.17108279473478483, 0.9543506926995845, -0.935952285253681, 0.29863027517233154, 0.18658316772664638
49, -285.40746359660056, -196.99383140914364, -90.25449506745151, 135, 34.564791974943546, 37.633550473359094, 34.56311520354321, 31.74780984811023, -0.7075594742842372, 0.42482606495253106, 0.5646967370966135, 0.07678863898218603, -0.7481587325506913, 0.6590614658978377, 0.7024692842209382, 0.5096874782110025, 0.4967449841528668
50, 280.2352566667612, -193.38963225717367, -206.94538035723417, 18, 18.005991488501525, 25.01602960724687, 17.305628098302698, 13.484826806115569, 0.5526636384486158, 0.202188150112275, 0.8085065582238117, 0.7794598636175525, -0.46875634402759375, -0.41558369908261633, -0.29496647902099565, -0.8598764108219632, 0.41666213454775924
51, 294.93313492787, -49.749911047342934, 185.6356056287518, 5, 9.942123464671381, 14.214756537615726, 9.857410145357784, 7.013506493884713, 0.833275516438685, -0.2388067905780399, -0.49862132974598955, -0.44400819994022084, -0.8264404767155289, -0.3461977134991711, 0.32940648458961375, -0.5098700375782292, 0.7946847882590228
52, 102.10992098147311, -50.2532877988942, 214.6862714103183, 13, 12.017571845089385, 15.61956729074237, 12.827132298660484, 8.662666778929495, -0.8088063666387769, 0.4637355292538946, -0.36163741536543265, 0.5499326297674917, 0.3785656860213182, -0.744487826686387, 0.20834194009270188, 0.8010227089632469, 0.5612096361642328
53, 249.1599753826133, 342.41484025880413, -123.09112664054199, 108, 32.25126743870763, 54.56665334397198, 27.716181302644156, 22.180924703917434, -0.8558379508638827, 0.03823923372855389, -0.5158286177258523, 0.5070886027509977, -0.13461682857743903, -0.8513163092668866, 0.1019928959347242, 0.9901596186815568, -0.095819511119828
54, -153.04730590198585, 218.00980568166418, -50.98673481068304, 11, 11.051538301939662, 13.093666253729463, 11.039780632765252, 9.337841303664936, -0.05513401443579812, 0.8941676875101391, 0.44432464152347345, -0.7858004010752488, -0.31340379138008617, 0.5331939545967916, 0.6160178326332528, -0.3197533583269425, 0.719916536632179
55, 342.30203588876, -86.77284619691437, 71.97709862532373, 91, 30.16689744625708, 60.844908984465064, 23.696069926203357, 19.041070986293924, -0.14079711348295224, 0.2277800732875279, -0.9634793256982721, -0.0717465867418648, 0.9682673556122185, 0.2393966485701363, 0.9874353650370037, 0.10283271011137284, -0.11998680596377947
56, -48.1449369996173, 183.56541039568606, 309.87425969395696, 12, 12.875564962115964, 15.236404299490921, 13.32492033365942, 10.513607841771258, 0.4830067601509027, -0.6629303032415793, -0.5720383577108757, -0.5642741117433728, -0.7352110550692916, 0.37557879508849584, -0.6695514890318417, 0.14137933918336834, -0.7291863177455524
57, 166.8166739399459, -22.776160725609934, -110.99452208157473, 8, 6.284014823340319, 10.372176309028653, 7.406436115236291, 3.230222448236689, 0.2505605176269515, -0.9377043493871857, -0.24068647686745698, -0.8871593859564036, -0.321919431291437, 0.33062985900619185, -0.3875147105800893, 0.1306844784102259, -0.9125535141495411
58, 70.76266742804857, -241.04451466280833, -22.73893212206332, 81, 27.56045064115385, 34.526762097816516, 30.664299558542897, 19.772885074164876, 0.5004605685216662, 0.8652867015240975, -0.028603208220721116, -0.3546023379528974, 0.23500931545233977, 0.9050015489318026, -0.7898078255330909, 0.4427748251833773, -0.4244455829791616
59, 262.08920117636876, -154.6580599819127, 345.33730963395766, 71, 28.469822304630164, 40.57784230857113, 30.879784246287205, 18.415820028213794, 0.23182334601607715, 0.9711513400284696, -0.0558839064742073, -0.8825779579368218, 0.23414171352816457, 0.4077178021011157, 0.4090404434844798, -0.04519660105586244, 0.9113962820019715
60, -243.68875688358233, -318.49530654964144, -79.55992229388872, 46, 23.302748198473996, 35.25556967509189, 22.499539143186276, 15.95218097179183, -0.025877925012383514, -0.999546578788592, 0.015393824381040805, -0.9927621113767195, 0.023889642619900717, -0.1176973882052249, -0.1172762687498687, 0.018328169780812576, 0.9929301863578296
61, 339.65046613313933, -214.09935249992134, 296.5756066131262, 47, 23.645566888139577, 33.229097632819894, 21.93419276534681, 18.138818183357106, 0.5544806131820927, -0.6694785914405057, 0.494317372957948, -0.6560495953353114, 0.013803172735994637, 0.754591545727087, 0.5120060332316253, 0.7427030954730545, 0.43155756731768563
62, 31.097158693637653, 323.18037694538725, -330.68724115288063, 24, 19.237576505170313, 25.176727646689002, 18.327185252436713, 15.429648347101, 0.5561585197280837, -0.8274710518252401, -0.07732631715721043, -0.7774836772760256, -0.5509084840590546, 0.30334629346854286, 0.2936100006866511, 0.10858867612686503, 0.9497376832124751
63, 92.92861001904161, -347.3884916731707, 266.88035075753555, 53, 27.383794749664023, 34.61595403696294, 25.863822880048097, 22.935693160260374, 0.34076549698334024, 0.04070383242536777, -0.939266774719294, 0.8631292393523619, 0.3824838736818845, 0.3297180652441009, -0.3726751832906372, 0.9230651571797023, -0.0952046393832864
64, -351.3324467414011, -147.79164290675942, 141.31348112242617, 8, 11.233426446814496, 18.068753507738407, 11.524902516701282, 6.80724347210613, -0.025963282110779792, 0.7909760610105507, 0.6112959830477128, 0.6057226887250182, -0.4740146313502026, 0.6390697564661203, 0.7952521187307652, 0.386868194834061, -0.46680517079405226
65, -351.2613363650048, 316.8654866171936, 74.80427156801092, 11, 15.653061202055026, 24.501865064382425, 16.25691669182056, 9.628541927519379, -0.030021068570627894, -0.92332281872823, 0.382849458478961, 0.43405585709738276, -0.35706560819494076, -0.8271031763715053, 0.9003856109253047, 0.14134752866652123, 0.4114931685684867
66, -0.8813905946185727, -224.7718081622922, -333.1882083877749, 32, 21.45601807783009, 29.524322796605798, 20.306164686181962, 16.47553515968125, -0.9652204014510806, 0.19831779710525782, 0.17035148362703648, -0.05657705201650911, -0.7946047687040094, 0.6044851517928037, 0.25524226493223245, 0.57382341613441, 0.7781889701660514
67, 18.62283026877038, 21.376382507935876, 233.03107153460542, 7, 7.2411112709143834, 10.15615643174237, 7.368458063059527, 5.073523376747239, -0.8771583527748001, 0.47967558922687076, -0.022462262959313726, 0.4614329729790213, 0.8549024313798241, 0.2371106161027108, -0.13293921770922454, -0.19761872866891966, 0.9712229416947169
68, 175.70091455787204, -24.300063339103026, -233.59958793016966, 5, 5.376264278859123, 11.568307610879362, 5.200908610356466, 2.582811885110009, 0.06644933872848176, -0.5622235390745772, 0.8243113352932886, -0.4742056864838861, -0.7446694187753674, -0.4696769354003908, 0.8779028717853097, -0.3596834008558269, -0.3160923897532059
69, 105.12522978811278, 85.98704303559248, 236.35536752610093, 194, 40.39798612315373, 61.1606398263662, 40.823709598409174, 26.40551614217937, -0.3494707676158521, -0.7757390739753321, -0.5254513028719989, -0.15479225245075473, -0.5053037356652841, 0.848944929488321, -0.9240722597087355, 0.37801722689660955, 0.05651048580740024
70, 3.2358706983124748, 102.00889853780845, 160.6664561334879, 16, 16.0047059546552, 19.483451938022384, 15.552346852671525, 13.52948484603424, 0.6046106147246189, 0.08372161862293856, -0.7921090172050017, 0.6900835911556964, 0.44157501469839383, 0.5734074847887589, -0.3977821536720525, 0.8933096870454655, -0.20920602584714432
71, -327.84389402647776, 66.33498950041806, -331.0788844520663, 7, 11.669986836437294, 20.117757474585222, 9.979673532976843, 7.91617152612654, -0.9765766445625778, -0.025281540490772383, 0.2136794351483317, 0.026730221431237135, 0.9711262575509508, 0.23706388834514971, -0.2135030504632985, 0.2372227552438766, -0.9477034408702809
72, -184.9920457862181, 66.84960397542633, -286.7156985417977, 71, 29.771156199229946, 56.462916423708094, 24.52745742592609, 19.0533465592698, -0.825231761412214, -0.2690159962857634, -0.49661145143751256, 0.23938468604479538, -0.9629915277088094, 0.12386399657805384, -0.5115540167408813, -0.01666467231695347, 0.8590895044480747
73, -213.74921756877356, 79.44193224395053, 101.22994956729787, 6, 8.924685466854667, 12.100363943398007, 9.59279074244353, 6.124002423662125, 0.8172316326311113, 0.26202156323225684, 0.5133002620576117, 0.37307827854663167, -0.9193858403428742, -0.12466865946864465, -0.4392551157400105, -0.29338435026148224, 0.8491057450741208
74, 254.4245813522881, -262.013670551459, -281.7506177695738, 61, 28.872766007087286, 41.08079371710202, 25.702747374346504, 22.79537809653033, 0.3780249181669026, -0.5877619422834337, -0.7152853000363646, -0.526259580611226, -0.7720752100430089, 0.35630145081368936, -0.7616744810349124, 0.24173491522791896, -0.6011790213405218
75, -112.36052059720504, -309.61382539950904, 11.082058324715566, 22, 18.952441339524775, 23.7102027795736, 18.668963319974953, 15.37942195863137, 0.7789435838831096, -0.6264842464634605, -0.027647460289276244, -0.47878780706757307, -0.6226194363105395, 0.6189566005236318, 0.4049804056133594, 0.4688950057970931, 0.7849384336416347
76, 304.82983510890097, 281.592384392962, -74.15404021524829, 74, 28.73186025499917, 39.799985088853084, 27.472949278193735, 21.69217216606845, -0.9095464210778615, 0.3906759802095474, -0.14176595639208528, 0.3510695830894644, 0.9047976679836225, 0.24102142610313332, -0.2224307886373723, -0.1694504603083419, 0.960109934209332
77, 155.96602017349622, -242.3756397981503, 37.09375117339869, 7, 10.024564334308026, 12.6550988651991, 10.378514619208707, 7.6700073175988, 0.7037222488701884, 0.5266041956133118, -0.4769308310515699, -0.10898824564334487, 0.7433531513296059, 0.6599603432933906, 0.7020659219451333, -0.41244892237803377, 0.5805078187867316
78, 347.3893441721305, -162.3727657513748, 157.63980441642727, 17, 15.616841741958845, 20.244462588846893, 15.001960855073664, 12.540803050492908, 0.6493718416560618, 0.7598306642756609, -0.03120212958473131, 0.575489905152266, -0.46417998778951935, 0.6733114494820043, -0.49711928179467224, 0.45518600655350816, 0.7387002904465512
79, -324.78937716006635, -338.0749823166529, 305.8001951190132, 26, 17.947282136287154, 25.786596983560216, 16.561027960650968, 13.536760559878456, -0.24092307083524442, 0.4794900180348763, -0.8438278239926852, 0.03774050906953989, 0.8734086473277854, 0.4855234173015964, 0.969810150449297, 0.08512730101419717, -0.22852049078266592
80, 168.33730258041484, 278.20231774576433, 314.3609568174656, 6, 11.59801744703476, 14.58432323940904, 13.20795354550905, 8.098963825618222, -0.6297714183006916, -0.29004751077111585, 0.7205972538020214, 0.7030131299090632, 0.1817510732794401, 0.6875602421149978, -0.3303944610113754, 0.9395951196431637, 0.08944557717266872
81, -46.456546910594916, -174.59664777799492, 38.807447495164226, 39, 21.992494209867576, 30.553867494370863, 20.159670224726757, 17.269264626385738, 0.34001619895966295, 0.16895278955838938, -0.9251183380224723, 0.7619905238657816, 0.5270298051536507, 0.3763110761304493, -0.5511437434860114, 0.8328832687598808, -0.0504582464626133
82, -87.00459879553298, 294.8011258266288, -307.3093795484636, 142, 35.662297913330725, 41.23022302370948, 39.59319878738566, 27.78380335998503, 0.9978488826093824, -0.0545288649402755, -0.03638970133886884, -0.01984389103992432, -0.7802918732155806, 0.625100641962649, 0.06248061670312263, 0.6230338638324926, 0.7796954386517548
83, 47.59058062485758, -225.9835399705189, -196.37208915604745, 14, 14.7975606160922, 22.030506189808598, 14.964642217938763, 9.828326356385977, -0.05641580838193053, -0.14988975806013502, 0.9870918483065736, 0.038477828832876995, -0.9882583598438828, -0.14786774796075966, 0.9976656319894562, 0.0296390726466468, 0.06152082671523277
84, -79.10023598152294, 334.79635584880816, 288.6669183880751, 75, 28.822117687655247, 37.318707402339435, 26.661777397365512, 24.063675950937196, 0.3213152715214298, -0.8195158565394888, -0.4745000075526426, 0.34732375702598617, -0.36416337675790433, 0.8641476973490321, -0.8809782653916401, -0.4424689773403658, 0.16762607195453716
85, -351.6311382026991, 294.1215328029441, -339.1982088274604, 6, 9.227340218047061, 15.404358223993244, 8.615056096022272, 5.92008417442957, -0.11130913181193536, 0.6519366661849356, 0.7500592379665387, -0.1345168348747354, -0.7576871136049177, 0.6386043055071986, 0.9846397809912802, -0.029813103842444604, 0.17203395167443908
86, 166.51410365098403, 149.80123612516522, 30.96972110782021, 6, 9.488309039816286, 14.691298652867907, 9.137950910233007, 6.362934554625155, -0.20416132681840138, -0.9343112825127108, -0.2921995551009675, -0.9785790740958819, 0.18670936337968072, 0.08673297739614738, 0.02647920643441282, -0.30364788982604135, 0.9524163011156392
87, -206.65184009382608, 217.4519915624794, -263.2676693971689, 8, 12.313182930477131, 16.815983565194024, 12.098268394045014, 9.176255675576245, 0.24765592453227608, -0.18158219179151897, -0.9516798046970691, -0.7948372861868238, 0.5235866919419004, -0.3067420162098805, -0.5539857683471919, -0.8323970709015772, 0.014658950277759184
88, -181.17094245604787, 284.3477152682911, -136.42354976694045, 27, 18.5677776890341, 27.77318448705985, 15.593199204910846, 14.781512567891339, -0.6080795602952279, 0.7658445330193867, 0.20909662741297297, 0.7836530511674279, 0.6211872514122931, 0.003780751092163614, 0.1269926917076033, -0.16615820752270458, 0.9778876757203249
89, -37.61705170586173, 191.3812840270145, -119.78282754529464, 11, 9.713909665977464, 15.73240347977558, 10.48876032607522, 5.554729869416817, 0.23836502160670286, 0.9347557808483258, 0.26346488693006714, 0.5140280728770521, -0.35160150266538776, 0.7824011270555183, 0.8239886266015692, -0.05106871345626454, -0.5643002124199332
90, -42.86424716565993, 310.25536767267306, 43.27531244940364, 29, 19.585103455105816, 26.11396306464136, 18.73350162775662, 15.356274334182444, -0.6654359064613635, -0.5613817727668378, -0.4919812593962355, -0.08801348568413134, -0.5954853977814487, 0.7985303797394304, -0.741248056138883, 0.574671772609576, 0.3468481988364579
91, -200.17897291178184, -55.71454504407538, 67.24095458785985, 16, 16.600897779762832, 22.33140550194969, 17.40603488904932, 11.770063850093111, 0.9293629917399493, 0.36910915726029153, -0.006546725194207609, 0.2807506370867231, -0.6951515603686425, 0.6617729126312444, 0.23971547584494937, -0.6168652512045395, -0.7496757649122653
92, -178.50404573708175, -103.93633612542293, 40.43789388576496, 7, 8.472842455334597, 16.27569804689832, 9.477592967394799, 3.943208272759146, -0.09546412703241543, 0.7396299914329242, 0.6662087332232078, 0.9939570284047227, 0.03439632253108257, 0.10424163602510766, -0.054185109899234536, -0.6721341895553818, 0.7384440433072351
93, 62.17933164346209, 202.5215763214009, -14.573352086892987, 16, 14.860011600372195, 17.75993795153522, 16.209623752452128, 11.398378304768718, -0.6160451905077856, -0.12249468745955937, -0.7781281223528751, -0.5922932209876876, 0.7232708990043163, 0.3550604836158458, -0.5193044036249406, -0.6796133152003964, 0.5181203317551546
94, 119.97123774867562, -340.5847261792026, -17.982584394119744, 59, 25.23138439189333, 37.17483831995069, 23.343909119661145, 18.50975062740518, -0.8250152132512535, -0.1139821550919854, 0.553496130270642, 0.04316112968744588, 0.9638772734645878, 0.2628264038915719, -0.5634598608491048, 0.2407252999147756, -0.790293815737444
95, 18.091679211346683, 319.47137330781794, -228.27072238215575, 85, 29.53046669289118, 45.88810808769001, 25.043704227317495, 22.408470413386514, -0.8055794599726914, -0.3888503969326057, -0.4470314334310975, -0.5924836354518384, 0.5258872641542538, 0.6102505445488166, 0.002208028958110799, -0.7564641129661788, 0.6540314750854217
97, -47.56065951177624, 65.75871110665722, -98.09125535581792, 174, 39.20300317208534, 64.82824692523207, 34.187200254862134, 27.18505397335248, 0.24962605465179621, -0.9018263099859143, -0.35269836894458106, 0.40927395980242426, -0.2318392189888702, 0.8824655247465899, -0.877599942266761, -0.3646366453825233, 0.31122091539219804
98, 135.9706939124744, 234.1238770644042, -341.4149333975027, 60, 28.547804920169465, 33.10431982157322, 28.648452646536143, 24.531964192452033, -0.9525748197081877, -0.3037146594700048, -0.018937224742099315, -0.10601274090657424, 0.2728794680820439, 0.95618936130075, -0.28524114644172466, 0.912849495548023, -0.2921357336142409
99, 52.17094365929004, -86.14361316320198, 105.60472805929135, 37, 22.3401730268504, 33.42467371492308, 19.72394042544563, 16.912146762996127, 0.30518421579212485, -0.20395273864458924, -0.9301966860996215, -0.3477391627489552, -0.9332109236601968, 0.09052539230480042, -0.8865326102981211, 0.2958388959563214, -0.35572359848250773
100, -330.52195086186197, -152.38172787240978, -66.42449492744375, 17, 17.7344523508581, 19.756536970684003, 17.661368332318744, 15.98520373657675, 0.9164851182538514, 0.08698609483619951, 0.39049769182976185, -0.23431900110123935, 0.907850875234936, 0.3477087776546312, -0.32426784259642677, -0.41017094928860026, 0.852414311598267
101, 202.168513322654, 97.63044492348035, 260.00118520993044, 21, 19.06169964446256, 23.828599405782967, 21.40414109869395, 13.579649004597744, 0.5927275984365953, -0.3731935771515537, 0.7137230191218534, -0.6459581269991812, 0.309017106767151, 0.6980304620064722, -0.48105310747909835, -0.8747771040088363, -0.057904456535023914
102, -232.18500837671445, 251.5173570478052, -327.1627815821659, 80, 30.809929247261145, 38.719999572952624, 29.61344773793693, 25.506318952974944, 0.5600123092717795, 0.1927518037844586, -0.8057499336654805, -0.4515912017995753, 0.8863960097378226, -0.10182092308598019, 0.6945873594597751, 0.42089055116348756, 0.5834376950626288
103, -271.0179442942102, -7.542279914706283, 121.18050143185161, 8, 11.820306118730485, 14.020992942122065, 12.250540197877951, 9.615063601820927, -0.44475406481866986, 0.5482092095668318, -0.7082799477419786, 0.8860416792651884, 0.1537641542544854, -0.43736338149338455, 0.13085856652200903, 0.8220846960091842, 0.5541234412613242
104, 171.38525087050613, -122.12659233281859, 309.3307436918843, 8, 13.814110487471048, 18.936824596911002, 14.494856421861536, 9.603901592792292, 0.5836257943067796, -0.6505568185389041, -0.4859596259694008, -0.6237762208476391, -0.742334646863945, 0.24462726416002692, 0.5198886020339526, -0.1603592776172354, 0.8390475216322738
105, -261.59258994994656, 133.8369924887672, 22.40668815330401, 30, 19.21326206596964, 26.874054921465813, 18.13745406807618, 14.551031923442231, 0.9131569813637057, -0.14764720659574762, 0.3799271374503241, -0.2169471177525722, -0.9651494463754489, 0.1463574195591602, -0.34507720221071725, 0.2160713968706572, 0.9133645909322229
106, -220.41703764949054, 65.96086022985088, 280.1890244259655, 6, 10.444818976831144, 14.275915543686875, 10.720690718448125, 7.445193939448468, 0.2425176149707369, 0.6164720585267142, 0.7490977289277688, 0.9258679134193611, -0.3776851153018797, 0.011070708192537209, -0.2897478443912627, -0.690880709482644, 0.662366991882427
107, 221.91994727942028, 311.21303819423343, 113.72752203610133, 13, 12.544126097189974, 16.440035293131295, 15.256604375800984, 7.86974396063049, -0.31639979420024544, -0.6221947748823883, 0.7160759962036826, 0.20720660696073204, 0.6912995311305011, 0.6922213376446656, -0.9257194997740208, 0.36739436627118144, -0.08980416120834046
108, -98.81851352289105, -75.43363603729975, -56.572340445364084, 7, 10.558838208807797, 20.52474177947311, 11.632019617606641, 4.930779457723908, -0.12388978059390378, -0.13179397096276987, -0.9835047897607104, -0.9911511396304515, -0.031161093728154527, 0.12902869698994188, 0.047652289280278454, -0.9907872301637369, 0.12676720345112477
109, -155.7138397526453, -250.73908074393609, 128.1587550064288, 90, 30.530136551556634, 38.6316334370565, 32.01719705093298, 23.006992974340676, -0.5891326645339634, -0.49421926349592565, 0.639273042735776, 0.05497888155533567, 0.7647935567446622, 0.6419253368926744, 0.8061637713033479, -0.4133257010535324, 0.4233932435532825
110, 238.50735116634144, -251.4387726415834, -99.3362858268791, 8, 12.596643117807659, 18.355103829275013, 12.530825711832225, 8.690163367049664, -0.08545333329112698, -0.07933889503402487, 0.9931782657530396, 0.1814105247280836, 0.9789229501279952, 0.09380873749595034, -0.9796876794914372, 0.1881892596496481, -0.06925931854415227
111, -176.58851722249508, 252.85721426470465, -227.67530866191854, 6, 9.482270723244765, 12.568359025194495, 8.917533804210422, 7.607005126130895, 0.7247759450885695, 0.6768494219994371, 0.12874272546438853, -0.23505833378172836, 0.06726625957570108, 0.9696508804938261, 0.6476475964139203, -0.7330416838500541, 0.20785206421286526
112, 82.82012102313446, 143.39949250198242, -103.56643733339068, 29, 17.68295352545922, 32.0309845664966, 14.256167303792928, 12.10852784845455, -0.7514104446506578, -0.6072538690340685, -0.2581183492374285, 0.22569479152636643, -0.6041274190554977, 0.7642590677402613, -0.620035647965317, 0.5160162788987358, 0.5910016879533694
113, 154.53898329505455, -178.57653458677942, 32.677357978144514, 8, 10.105080437266059, 12.55949716781327, 10.004898332800137, 8.211724915553575, 0.010626445941869487, -0.4401876388740351, 0.8978429268135638, 0.3832082964729469, -0.8275494074064712, -0.4102601367614216, 0.9236008229538053, 0.34842046564991, 0.15988964617933699
114, 10.59164202145578, 221.98155587541933, -291.00940812990854, 27, 19.39842292874484, 25.849126247926158, 18.361472817265643, 15.379630067915045, 0.42877974647468564, -0.34630640999347057, 0.8343978663746323, 0.38521827037595363, 0.9055215321846973, 0.1778697245695202, -0.8171626601733971, 0.24515836748378048, 0.5216728492753141
115, -187.5721658923102, 113.69407440889225, 84.77945276294238, 10, 14.626819171112883, 19.186753830466884, 13.184266011465455, 12.370641363609447, 0.26913195886581853, -0.8677957569852764, -0.41773019148177265, -0.8255587896026211, 0.015508933180536809, -0.5641029674637928, -0.49600471129506507, -0.4966789678957152, 0.7122424651922591
116, -67.47503504664168, 111.69964846520308, 142.27997062097955, 119, 34.136880692829486, 40.53430052217683, 38.90159415021043, 25.227918609499227, -0.12462114292168225, -0.2889210404078903, 0.9492071444877118, 0.987723853691906, -0.12693787424521413, 0.09104045765546491, 0.09418683339461344, 0.9489001045904296, 0.3011933464128436
117, -204.88283791443848, 75.10500347366849, -26.10592619981071, 6, 7.898067234760058, 11.020749169173081, 8.490858781463013, 5.2650165854628534, -0.9525082048176676, -0.29996535593963436, 0.0524300008681367, -0.024031345765268487, 0.24568644234340314, 0.9690514261221391, -0.3035631963458919, 0.9217694707922639, -0.24122692333074142
118, -214.22462056774384, 79.62500573188717, -225.59814154738734, 10, 12.100356133788814, 14.242373004551293, 11.703595193035971, 10.629009862164484, -0.9508355377362754, 0.06405649469134744, -0.3029992502723818, 0.27083926212588433, -0.3024888495436699, -0.9138635510801674, 0.15019279033586985, 0.9509980343773611, -0.27026813415850764
119, 297.02826218109965, -147.7619000936587, -50.0472048103185, 114, 35.75358054174792, 42.092350763528785, 38.50076936509114, 28.202397743950044, -0.4021053173232684, -0.6061964621225211, 0.686175752333535, 0.7401511149561898, 0.22594481358786975, 0.6333445099168793, -0.5389690536658513, 0.7625449432806444, 0.3578233763571845
120, 356.48402428318076, -155.48528616852423, -280.3325198871404, 5, 5.404524559980417, 6.831644233526028, 5.544884426977307, 4.167299788099703, 0.16571108441183643, 0.6256264149516925, 0.7623197658579672, -0.7861987352058931, -0.38284576200265225, 0.4850986201560073, 0.595341402275793, -0.679721054132724, 0.42842490976248226
121, -231.4683605798634, -35.80775143916348, 216.11740374877294, 13, 13.707898654211354, 17.610680487612782, 13.785292768035463, 10.610125554044151, -0.017359454575896417, -0.0036821721891138934, 0.9998425330744822, -0.865031145248348, -0.5014346147691335, -0.016865493223201536, 0.5014177570521012, -0.8651877072169363, 0.00551943779211612
