# Void_ID, X_c, Y_c, Z_c, N_particles, R=(abc)^(-1/3), a, b, c, vector_a, vector_b, vector_c 

0, -94.18664653442934, 185.10254698372265, -2.467003074796957, 21, 20.956996435017118, 27.051156750129437, 21.760043634547795, 15.636570802919167, -0.5954631151170732, 0.33019412328549447, 0.7323902781187057, -0.08657220522928018, -0.9326976151530646, 0.35011485539680454, 0.7987045334895818, 0.14507584097812276, 0.5839726607878832
1, 334.69629994949514, -6.5501974266456084, -138.69219449540935, 47, 24.230548208949006, 27.891280702857934, 24.78319007313893, 20.580885470818526, -0.32277042822639335, 0.7074563927668986, -0.6287485212672858, -0.40507749717248176, 0.4971336097141851, 0.7673137528918809, -0.8554130417213833, -0.5023580659507642, -0.1261146368475076
2, 354.15120681040736, 228.21858345825297, 204.23264834681174, 11, 15.980162475521489, 26.518679344249747, 18.998550832942946, 8.099742355786006, -0.1211497436283791, -0.6986440772484531, 0.7051377120424319, -0.28871134546424465, -0.6548583835736373, -0.698431282563681, 0.9497202212330764, -0.28819602840597935, -0.12237054626018563
3, -343.25983413581935, -235.75330457338845, 25.920734996663825, 32, 23.863153356715443, 26.84773763151416, 23.678879402026276, 21.375419962493744, -0.3452814250175169, -0.9170422638854242, -0.19953501894597014, 0.031803381811399474, -0.22392184624221387, 0.9740880615636539, -0.9379601710324542, 0.32998862559696585, 0.10648109941860344
4, 12.116051888190286, 76.26289155801338, -279.0297708935308, 26, 20.481232197756718, 33.12141225901593, 20.139902055751687, 12.87959014868176, 0.8793182420882287, -0.4023728437831248, -0.25474599843127693, -0.20783431875309422, -0.8055176839334816, 0.5549289655612479, -0.4284907526181914, -0.4350142014421148, -0.7919332796797814
5, -189.16731120478232, -182.68871918486937, -90.3035993515917, 6, 10.45078142070818, 16.93204266383763, 10.316265023841131, 6.534531394890944, -0.9001903401196979, 0.39222813548306074, -0.1892470377328652, 0.42688145429767566, 0.7087051886035693, -0.561702038115477, 0.08619498553793149, 0.5864247994260312, 0.8054044816651165
6, 84.11848048463146, 182.43473055948718, 235.00194293137938, 15, 17.462174575962077, 23.704948704426826, 16.65259235416639, 13.488824566857453, -0.7386712313657904, -0.09306095059639506, 0.6676110180536584, -0.6683813852135998, -0.027234884929381392, -0.7433199748041438, -0.0873563727068403, 0.9952878581179309, 0.04208258108202179
7, 113.09538287299956, 256.48556506516877, -260.06063397607994, 5, 7.44931295753246, 18.738173345077435, 13.14316947126928, 1.6784998242192728, 0.4742840041282823, 0.6385733212801938, 0.6060353098435979, 0.8039502847848812, -0.03362203509409975, -0.5937453143818817, 0.35877377694356605, -0.7688261650758993, 0.52932759693061
8, -215.72904173717978, 296.5347100543187, -303.7425555486842, 40, 22.673587902745293, 28.805995409678502, 27.616749209136465, 14.652283185494722, 0.9381476649177212, -0.29765040016408034, 0.1768705687546401, 0.09054699326304001, 0.7039766778976941, 0.7044274831287812, 0.3341858776496246, 0.6448419002036773, -0.6873854253046546
9, -86.34783940071006, 104.90426370335376, 73.43332384913336, 8, 12.279896689658223, 17.807358761401197, 14.34370886139746, 7.249752314269288, 0.877308288747352, 0.46897016852702916, 0.10196640391287091, -0.33945153436223546, 0.45615857507473156, 0.8226129163858994, -0.33926806851561686, 0.7562977822376051, -0.5593843421728595
10, 182.73881957296652, 354.49327778233, 316.2757969887167, 5, 8.726349872184649, 15.364878350331177, 10.474565529330429, 4.128884367453096, 0.693590428225088, -0.1636953845610559, 0.7015241542156243, 0.5330440856757815, 0.7716797553401358, -0.3469500798735433, 0.4845578609419198, -0.6145845558355629, -0.6224865485516895
11, -272.3553149993643, 169.45069550408277, 258.01014442318944, 249, 49.14743981122165, 70.96078632007739, 47.43340170193749, 35.26955724713477, -0.06540948851078454, -0.9365373768969785, -0.34441158587899506, -0.8708838432899045, 0.2220677966186158, -0.43846006112479413, 0.4871169575259741, 0.27126303725329, -0.8301406111682277
12, -136.80141229766744, -340.8772164326207, -117.44205735281434, 49, 28.763634091581572, 39.53655323906387, 28.723861239159717, 20.95509532631203, -0.23178271850285054, -0.14315488292960235, 0.9621764136045116, -0.9712523547819057, -0.021129038914600023, -0.23711268849462333, -0.05427370204833106, 0.9894747309597941, 0.13414217106492607
13, -9.34112668377451, -104.08324361464098, 215.13786892144623, 54, 27.515361424678595, 40.34912462963586, 24.88296573789219, 20.748629066920277, 0.09579429010289073, -0.837671851606244, -0.5377074697363337, 0.5383569267634253, -0.4107674713859545, 0.7358273600900069, -0.8372546048780635, -0.35996660050309703, 0.41161726534818877
14, 186.23688774254197, 168.12695991101614, -74.51360220876214, 81, 32.53930381952444, 55.969103169355854, 25.820384095556317, 23.840410244930823, 0.8491650921880383, 0.20748295476367373, 0.4856639472843497, 0.4013704481385608, -0.8512174192690571, -0.33812818352509033, -0.3432497772327484, -0.4820578063007186, 0.8061016448402816
15, -291.44526453481456, -190.09949186123416, -155.90903296969933, 10, 15.404841205570222, 18.30231660315421, 16.401646560976154, 12.178061557982806, -0.26387137671589045, -0.8411597232056072, 0.47204048195756176, 0.8419646031412936, -0.43963557647934515, -0.3127557624581804, 0.4706033399872826, 0.31491408344235466, 0.8242339573461384
16, -185.50378416477903, -150.4855027256226, -37.90341075011846, 7, 10.098785202080322, 16.368212611718697, 10.779350874153417, 5.83732049536356, -0.5611498937500118, 0.42633139586483404, -0.7094732818396283, -0.205561175381789, 0.7585134648601343, 0.6183865512780264, 0.801782638824269, 0.4928477092630292, -0.33800256737808454
17, 52.107261469361895, -222.51282523995593, -44.568545107271774, 92, 36.52328438977905, 61.75686836618272, 35.75096305592153, 22.06665292913337, -0.735606538890053, 0.40002416598444024, -0.5466842658890503, 0.6577937586855591, 0.22901326563767757, -0.7175376611692874, 0.1618344554676822, 0.8874308935294171, 0.43159705540360127
18, -61.406639395955395, -317.4001383629976, -26.520059582182913, 29, 18.630264911314534, 31.829756876801458, 16.69044966712648, 12.17182591271296, 0.727784695047223, -0.5300008941795996, 0.43523383350084954, -0.5439447140423932, -0.05959015857963231, 0.8370024856986944, 0.4176764126933192, 0.8459007419131863, 0.33165999021642806
19, -105.16634670133335, -334.6947262863483, 301.83143241881, 64, 27.724413068667502, 42.22393222953671, 30.822521109197844, 16.374205928420682, -0.7800314761092827, -0.16534716608007688, 0.603499139144424, -0.6062930645973763, -0.03886529645160885, -0.794291009991206, -0.15478894049606698, 0.9854693315375249, 0.06993268548460695
20, 283.4769803699068, 210.00795632827334, -49.06269457222197, 8, 12.315043095675346, 15.086165014941624, 14.970950549523847, 8.26950622104903, -0.06683464362545985, -0.9559541028704859, 0.28580567457022654, -0.39300914303893647, -0.23806681512860992, -0.8881824165239487, 0.9171024718641094, -0.17168559852128795, -0.35978759200551597
21, -348.29754839397793, 169.51520655445924, -223.88641618142992, 12, 12.496855260480297, 16.547675203882168, 12.968620523562763, 9.094345492494902, 0.6630032787825764, -0.7075237811461181, 0.24461551757043842, -0.27029351253747613, 0.07847277695993878, 0.9595746142725687, -0.6981175183332002, -0.7023191029645257, -0.13921137959016733
22, -69.82518473605026, 172.17796341335313, 139.2469952698924, 36, 23.635736741672353, 39.017303842333135, 23.103436223694946, 14.647840368276174, 0.49064158735651014, -0.867764170287644, -0.07909600192981209, -0.6056844604042716, -0.40489532506604775, 0.6849862116600931, -0.6264320930324936, -0.2881755029572379, -0.7242497582424673
23, -151.4088685632556, -110.7726604341256, 7.01848910164296, 6, 8.106243098055096, 14.757416009220668, 9.656726795142225, 3.737821916449626, 0.7708147583834155, -0.012893468239726808, 0.6369288553167206, -0.1851548576579208, 0.9521023809986271, 0.24334899790716288, -0.6095590922494653, -0.3055074705690466, 0.7315072784890873
24, -307.29239412834045, 111.88659530012144, -79.9930474297071, 73, 29.88888065026751, 41.99338964679519, 28.518547456836654, 22.295674694698846, 0.8564536888802755, -0.25885785209559053, -0.4466314937527647, -0.19247529712736414, -0.9629281315466375, 0.18900442712231463, -0.47899930981067385, -0.07590800935710894, -0.8745270923855586
25, -252.94954565168163, -15.313222448991866, 271.8266044611394, 5, 4.28410552052727, 11.923471054855828, 7.4233667756662385, 0.8883351713663715, 0.2307647450942682, 0.4834966878572018, -0.8443805926551682, 0.9155178764723437, 0.18598521398022527, 0.3567022820789068, -0.3295066771419772, 0.8553598383206015, 0.3997310304529877
26, 102.86869461992369, -277.24970988225846, -223.50193607057307, 9, 13.101649858506859, 14.492861612971307, 13.679753283584075, 11.343460314949827, -0.5233573279874767, -0.4237681774611152, 0.7392683132754259, -0.8464687121876814, 0.15885535109980714, -0.5081886428426802, -0.09791744752155013, 0.8917317473311365, 0.4418446155297387
27, 51.99444097297729, -272.5458933262441, 138.53802721114377, 137, 40.5231932779401, 55.09044278837126, 41.076870604762306, 29.4060959502325, 0.6388425242817115, 0.1511806400849683, -0.7543372211636318, 0.35206369548682376, -0.9292602265890171, 0.11192223014169125, -0.6840551026704882, -0.3370754297530861, -0.6468761637031003
28, -46.35349528358385, -172.36213489861592, -149.42131623780483, 46, 21.556460877855617, 27.30431023715431, 24.263652179770943, 15.119763538930192, -0.8231585511373242, 0.3048002982219271, -0.47906865676364774, -0.5449062042261947, -0.6612647746588989, 0.5155638916672851, 0.15964719942830932, -0.685438309404383, -0.7104133273774915
29, 90.79031588809784, 307.33715322401343, 269.841204523645, 10, 14.441027309285635, 21.538285635888737, 15.577088265367543, 8.976289583362947, 0.7482536344685934, 0.06373575409664253, 0.6603440407501782, -0.11791450445415977, -0.9667485219282487, 0.22692171555158974, 0.6528496520209462, -0.24765913873564002, -0.7158577252896349
30, -60.80302811876241, -248.60085136268208, -149.04104209185837, 28, 19.71636994596803, 26.247217259856544, 22.67504822665986, 12.878028730621685, -0.719717116220375, -0.11386310067536164, -0.6848667512180887, -0.691069371984492, 0.022918809090545035, 0.7224249797001976, 0.06656121787037049, -0.9932320587327332, 0.0951823606617818
31, -158.3464583179377, -125.60406276987553, 346.2015540164812, 36, 23.02648641349556, 28.426473012769254, 25.720218624744074, 16.69880484747886, 0.9170186711874151, -0.2294023752618888, 0.3262687648517263, 0.13170303593142474, 0.9463160402228658, 0.29519529525953037, 0.3764718675015615, 0.22772901053910327, -0.8980024670003796
32, 347.8856098544067, 335.25386701102855, -103.24491450875075, 25, 21.22424601040452, 31.032465462873997, 20.830882126097393, 14.79015994482109, 0.25662282431097533, 0.3204973094799589, -0.9118257512588497, 0.35126351383054094, -0.9098351953178981, -0.22093859149606157, -0.9004213846272638, -0.2635932320393481, -0.34606348858117225
33, -290.62913817286704, 82.59150857874363, -328.8555861853742, 27, 19.161854026252684, 30.04481781437698, 17.173854164187617, 13.63563089393117, 0.15376595009357022, 0.12258614510067065, -0.9804736965473266, 0.4382682273643377, -0.8977902606152319, -0.04351561590228388, -0.8855941471547474, -0.4230192489400335, -0.19177518492095327
34, -252.3985229237221, -293.402326345842, 191.98447795542847, 12, 14.519489982471152, 18.169147353058804, 15.656490086106178, 10.760318585194577, -0.7428511933572906, 0.6167301014452777, 0.2604152194072897, 0.6680271683777511, 0.7082893835875333, 0.22817942809639039, 0.04372421339318929, -0.34346780208411, 0.9381460771621111
35, -350.3250961278076, 128.88011964990443, 76.65096388392632, 61, 29.979663666731835, 45.95261999279182, 36.52576741059467, 16.053533619940353, -0.039927460419039766, -0.9571062235765804, 0.2869729511564862, -0.06252117006127586, 0.28903225270241484, 0.9552755938429163, 0.9972446546352881, -0.02019984378019688, 0.07137972480053843
36, -275.80651373956255, 137.73634313286533, -258.2117134610847, 40, 21.167563875802674, 30.16024927609227, 19.07532230354836, 16.485640521776354, -0.09511004741802852, -0.5703931077758703, 0.8158466654230591, -0.05888636487256798, 0.8213505007956257, 0.5673761987208044, -0.9937235404840903, 0.0059209327440263625, -0.11170706174278099
37, -138.24000778315778, 27.611978099123565, -108.71385175733496, 9, 15.272772326419922, 18.4913553128598, 17.382868020833058, 11.083156267729454, -0.3786886605672053, -0.029165877773924934, -0.9250644571766298, -0.25226024945439185, 0.9649137243227894, 0.07284415665468305, -0.8904828268434061, -0.2609422468424779, 0.3727592774295172
38, 103.61468628348067, -173.2012413944991, 126.75272721116431, 75, 31.923556791434237, 45.34622176433745, 31.676382642743615, 22.64942233374176, 0.6696984779503747, 0.37863107080578234, 0.638860282731223, 0.56216026955655, -0.8205946981528821, -0.10295714008988169, -0.48526258867035904, -0.42809210876147646, 0.7624023651937958
39, 188.9413676061619, 314.32490582381286, -199.69255815721172, 7, 14.882752137594585, 17.5780152279235, 16.513244076511782, 11.356578580889067, -0.7877862968228467, -0.32707021825202004, 0.5219366080959655, -0.055218011627012675, 0.8814593092110418, 0.4690207430350519, 0.6134685988134231, -0.34066781259427675, 0.712461732117681
40, -237.27361011204957, 263.2523786388991, 119.88000528756105, 33, 20.430483010916138, 25.912901607523796, 21.336914535892536, 15.423688265264836, -0.8112426308703872, -0.09970672955637419, -0.5761457818466303, -0.5802706280215241, 0.016098820550679484, 0.8142645922747611, 0.07191239193629133, -0.9948866247256766, 0.07091693611509252
41, -349.96591894428695, 145.23450167662563, -126.33399550227122, 5, 6.4936890146949, 9.396155627916341, 7.414380100192042, 3.9305145738373146, -0.5778914475790937, -0.18508653980433745, 0.7948486947829738, 0.6837463900559393, 0.4219362193643947, 0.5953660226062224, -0.4455696902847089, 0.8875318583418502, -0.11728107915538015
42, 191.81448856834209, -213.94373659338757, -241.24247321174246, 6, 7.134744198814196, 10.303223034039721, 9.1702792552494, 3.843966187511056, -0.4595712610362084, 0.8314104092569751, -0.31233153444495226, -0.6793559858485081, -0.5555995650432085, -0.4793584961337383, -0.5720749081382531, -0.00811509106217469, 0.82016123096356
43, -29.837613435945386, -192.17388642321583, 132.9862175725977, 9, 10.986051833778223, 16.594779589154584, 10.344662699675093, 7.723908284445338, -0.9564349316685707, 0.1713083199453647, 0.23640152495623426, -0.18446915178770257, -0.9822307284286642, -0.03455326568099182, 0.22628158016697295, -0.07665673909051869, 0.9710408801019378
44, 30.14430481278085, -151.02890778321384, 210.0204710257592, 7, 12.22219233660141, 18.55418619363481, 10.15657886813832, 9.688532169376089, -0.1989146770438679, -0.143710145063428, 0.9694226866864537, -0.37694238457222895, 0.9243121331601921, 0.05967846517678999, -0.9046255523527608, -0.3535455765508915, -0.2380296942227174
45, -325.22725367274916, 258.59257147020645, 157.23951115128082, 97, 36.5055447597589, 54.79200925336315, 35.68306843251701, 24.88267582617565, -0.5028096186469617, 0.7315902135623196, 0.46038923403565435, 0.15443489518820933, -0.44801268264568894, 0.8805875875441466, 0.8504894770332575, 0.5138680721823968, 0.11228202815786462
46, 108.94355984272259, -317.40642550533966, -69.08336703999235, 12, 11.557019571148269, 13.80088797219438, 11.500973280879577, 9.72514132467838, -0.9822873689655913, -0.0027402940424790293, 0.1873606563801932, -0.1811511278709646, -0.2417914478677805, -0.9532686738842727, -0.047914440847551566, 0.9703243718090168, -0.23701227780792994
47, 247.61273583553415, 20.270473112750636, 186.8892561558824, 24, 21.069378818813515, 28.871399558919187, 19.624375053573726, 16.507888334945655, 0.0964285912857908, -0.8177225692019797, -0.5674780406327203, -0.3078180214267667, -0.5666854737542728, 0.7642745838511222, -0.9465461385836131, 0.10098204619440461, -0.30635442526401097
48, 141.5900043896339, 216.1798256496893, 304.5562298250169, 18, 22.337069485552487, 33.514877778188335, 20.4692927629675, 16.245687991858084, 0.904559795360295, -0.07700784028175138, -0.41933443592540953, -0.35694677933323044, -0.6746576080824063, -0.6460852177384654, 0.23315354027201804, -0.734102788709909, 0.6377558484772673
49, -166.98154821548144, 27.986077142428456, -257.9908244014929, 6, 8.191066083919708, 11.6791360913884, 8.882317149005273, 5.297662587519768, -0.09250947527737516, 0.9814509278113608, 0.1679168641981012, 0.7624850509819454, -0.03862882158949899, 0.6458516557009564, 0.6403581373051834, 0.18778149653473686, -0.7447681287126958
50, -245.05123840220477, 167.93697339454812, 299.7844535345767, 7, 10.287780584024633, 15.991648114141904, 8.700697196490392, 7.825602784563112, 0.6063133676412757, 0.2960896234329152, -0.7380481252024489, 0.6177326378422063, 0.4091022282598383, 0.6715964226954644, -0.5007898644781102, 0.8631143039761248, -0.06513992560485142
51, -328.01223991484096, -44.14633561305961, -180.74882937226752, 39, 24.885846785007875, 31.149445896973194, 27.284027827026023, 18.13420243471602, 0.82099608202414, -0.3762543463000263, 0.4294159989932273, 0.05807690140661038, 0.8032647170791326, 0.5927839976068754, 0.5679722764572381, 0.46173418888590156, -0.6813288721240727
52, 291.4473427728306, 36.65581744817712, -200.9300945150124, 7, 6.311146958812598, 9.404188925073658, 6.131592827029281, 4.3594351995984555, 0.49560816360675103, 0.186141345688349, -0.8483654563875609, -0.7988133403049377, 0.48115715077935395, -0.36108869215853584, -0.3409835707438302, -0.8566441476361254, -0.38715760202217864
53, 315.44048886754985, 156.54621239317905, -28.257945579794267, 34, 24.41376108225711, 29.433316397660622, 26.184682058061078, 18.880677172156116, -0.29581801599927604, -0.43105556436882064, -0.852456920810037, -0.9456885710357932, 0.006243327781372337, 0.32501407272684935, 0.13477695657096445, -0.9023037854763171, 0.4094912095424963
54, -168.62386411512648, 275.23709576164674, 30.07370612743318, 67, 30.843993044974066, 38.69527884126192, 30.968466918015324, 24.486916634997062, 0.291938385809881, 0.8944048097042646, 0.3388392174300361, -0.5475899155159354, -0.13415867358238828, 0.8259217485499852, 0.7841666043105708, -0.4266632005229566, 0.45060098757496764
55, -337.6209425235964, 68.80224976700275, -126.17308203188333, 21, 18.784215273593087, 24.229250959203785, 21.462223642609164, 12.745722711918816, 0.6609797043040884, -0.2513002444834364, 0.7070742659867102, -0.5464451323366263, -0.8069789769886054, 0.22401483889249563, -0.5142990840393229, 0.5344465528198207, 0.6707185209425218
56, 261.1193535401785, 345.03910599048135, -126.49411794735533, 117, 38.459516143048, 83.6529173031158, 37.23111654183158, 18.26519430216952, -0.9110735703867661, -0.045685415585760496, -0.4097045180925721, -0.41146403188266395, 0.16187404426078095, 0.8969359755643213, -0.02534363449808314, -0.9857533345606372, 0.16627706875276663
57, 256.933518155228, -187.30792220211637, -189.0032898688669, 6, 7.147317776503674, 13.203066689891854, 5.315924720228876, 5.202063340543472, -0.03872951644350301, -0.17930837410405337, 0.9830302800688356, -0.9473489821405808, 0.31951635422874475, 0.020957228289467004, 0.3178520577143488, 0.9304610719189408, 0.18224231959182785
59, 24.732640385868873, -102.59279324865751, -217.861445444095, 17, 13.719073610166014, 19.12184826150338, 12.944082044240702, 10.432135861534283, -0.2851391161177699, -0.8179061397897106, 0.49972515541432483, -0.9304733757293102, 0.3613332534407762, 0.060477905195250786, 0.2300325662128711, 0.44773633586319284, 0.8640701314299222
60, -18.466575438703444, -349.477271543365, -347.6265825666848, 19, 16.416512494230176, 24.509329728853412, 14.510301114256174, 12.440414340655702, -0.9849607494179131, 0.07303843373046388, -0.1565813185035287, -0.017077826712771547, 0.860662918320344, 0.5088886802269014, 0.17193216668462996, 0.5039094444704422, -0.8464718553103932
61, 350.23976078761604, -69.91409116898524, 266.607565508697, 7, 10.63524238633956, 20.66238791472085, 10.572007221739993, 5.506862275181488, -0.06894824869199322, 0.995223361955564, -0.06911294249394617, 0.9046531164405747, 0.09157599323946351, 0.41619295570271453, 0.42053403895126423, -0.03382746339988048, -0.9066459203036578
62, -87.43762916980836, -243.3984858878184, -335.3906478115183, 112, 34.34843552147756, 50.11346935825867, 31.058525431794727, 26.03667846317888, 0.8325102472258133, 0.47408443190637733, 0.28665421623974474, 0.4516803835631198, -0.2812108293815293, -0.8467026045447277, 0.3207982533747469, -0.8343646809774251, 0.4482455351357682
63, 253.09314341255808, 141.40728049083583, -56.53099648031956, 28, 22.259433670604153, 28.478666191789717, 23.57414520868658, 16.428077112965855, -0.825161309021686, 0.15393524532638458, 0.5435188629108683, -0.15514363312256788, -0.9869126160152965, 0.04397660118033407, -0.5431751717403395, 0.04803570126635087, -0.8382441793467478
65, 349.1406014582065, 108.79926440858527, -129.88893826631931, 12, 16.603335004935417, 22.95597300414239, 18.943840641620017, 10.5250036507711, -0.3777761267134319, -0.8526555406707086, -0.3609206658656976, 0.006367764367805675, -0.3921898890585006, 0.919862241043319, 0.9258750723841489, -0.345203736775578, -0.15358948679458598
66, 262.343719730381, -317.80103294152667, -51.09855864353547, 8, 8.897432816551701, 12.271882186426241, 8.73965955589247, 6.567324250766155, -0.634523371682668, 0.7472106493914655, -0.19762675988955317, 0.7714984776894968, 0.6277266128079492, -0.10367930601353506, -0.04658529501084908, 0.21825568723092537, 0.9747790853727365
67, -277.29307909665874, 343.76475108238554, 137.03316261260346, 50, 28.71933422639394, 39.875413006531524, 26.67222673848899, 22.271970098476007, -0.7847347684066498, 0.34145884039941515, -0.5172979833392437, 0.6101833239874872, 0.27889134397053994, -0.7415496809964167, 0.10893876436485965, 0.8975664201447109, 0.42720822446117074
68, 170.69139855257987, 86.25563402605984, -304.36875591965605, 89, 34.06732321571566, 49.72288598485642, 33.61097366580688, 23.65792286332322, -0.18908563702239456, 0.9451844516473342, -0.26621978558319676, 0.15360964333309768, 0.29624393961692314, 0.9426789515605635, 0.9698714859953941, 0.13735312375178363, -0.20120492053802602
69, 305.4367629950058, 205.04577396018624, 68.7104155113152, 9, 11.383665708906717, 14.336849975601062, 11.922645361602608, 8.63018359311694, 0.2738223936305425, -0.8703028382024651, 0.4093827873313359, -0.9031103150538009, -0.08627325422382276, 0.42065268862691946, -0.330776443523213, -0.4849019441313522, -0.8096030193791088
70, -223.49080814621215, -288.015304391868, 215.31428748409283, 14, 12.189017758873788, 15.693863130210211, 12.046560686299825, 9.578846105103587, 0.312309188029372, 0.41690078759996774, -0.8536139082576859, -0.8336867755373764, 0.551070878247203, -0.035878230752764244, -0.4554441034490699, -0.7228517278435338, -0.5196691718652268
71, -201.3111481441462, 117.89659804045202, -67.39032231497374, 364, 59.042892652735624, 103.6705676471338, 51.09437157891012, 38.85745393569977, -0.6126354080603731, 0.22045357659829024, -0.7589980746719467, 0.7839000364876725, 0.29206456092951316, -0.547904211558623, -0.10088899635404264, 0.9306441386556265, 0.3517426582042631
73, 96.2351422856166, -348.4262980041363, 269.23637559542703, 47, 24.645274514540677, 36.744106720422515, 24.91025279308016, 16.354420170268458, -0.4141682662839525, -0.12609332721885286, -0.9014239402380128, -0.9037369770167575, -0.06084477577266991, 0.4237421263383975, 0.10827799211269858, -0.9901506885782854, 0.08875522706854812
74, 93.51139823979786, -98.83980561932812, 58.68386983036659, 105, 32.576892403165346, 41.83446574986747, 29.337598082200223, 28.16891884490099, 0.9535426038628935, -0.3000788721638386, -0.026630304152447694, 0.15888745539566, 0.4258390739728422, 0.8907389402040558, -0.2559517125089518, -0.8535887496674424, 0.4537344678387432
75, 232.90499608664007, 199.5952700919041, -50.60535155058905, 21, 19.43696932033625, 26.17079694884611, 21.300179193686905, 13.173022770045698, -0.27387205886622273, -0.6436487490495072, 0.714640037514958, -0.5112146339213768, 0.7268118716281404, 0.4586982682821377, -0.8146494297776243, -0.2397098060309683, -0.5280961233105077
76, 212.99367873033341, 99.1609953262994, 346.3045878340629, 27, 22.393769545629105, 29.18317663978271, 20.860881537705072, 18.446602653266496, 0.3734623224349662, 0.9253103241859089, 0.06577763811851055, 0.8698806048362573, -0.37395626556416206, 0.32165889506589623, -0.3222322563791347, 0.06290878635194425, 0.9445680798907705
77, -73.78429987702344, 58.68274484018609, 196.12628764450602, 33, 22.329994938956585, 36.713611947185164, 19.605806038745854, 15.468708620667993, -0.3525355957439627, 0.9138667816312287, -0.20141042466672238, -0.07301181838324734, 0.18771183716850207, 0.979506784337504, 0.9329458334275473, 0.3600163490979345, 0.0005479711425506082
78, -194.60045319298578, -243.24265800227488, 190.87968132451826, 73, 29.906295821532762, 46.26038404755854, 25.620885841871456, 22.567554467229407, -0.22729088354913118, -0.8628870440516215, 0.451403149593919, -0.9205537388779867, 0.0391671706811618, -0.38864732930845186, -0.31767856095936864, 0.5038768519675091, 0.8032362354613353
79, 189.82286859550248, -230.74918411724124, -313.67318049127846, 28, 19.135879346332203, 28.59273471549321, 17.607913261325248, 13.918155588676225, -0.19401167827218052, -0.7609258049620263, -0.6191537676836862, -0.9680257924035914, 0.04619262707268385, 0.2465609588834426, 0.1590142570193329, -0.6471925220110445, 0.7455577144108786
80, -280.58010935132376, -270.58624347304493, -145.48821398375728, 94, 32.663574127269094, 51.681858100634734, 29.15888501554851, 23.125018084345893, -0.8601114950320787, 0.164900952877583, 0.482717196558966, -0.08185060205146752, -0.9786606333611582, 0.18847770067822092, 0.503496469756735, 0.12260114375160792, 0.8552545027611972
81, -233.01998762976416, -300.47734088618523, -38.47547959230027, 6, 7.953922663882915, 17.394177546875113, 8.425617811435929, 3.4335109584071537, -0.6805195034622796, 0.7320546724102932, 0.03145094608609584, 0.23169986157288427, 0.17427133800218544, 0.9570499855796636, 0.6951319152179384, 0.6585783608297392, -0.2882120106662016
82, -120.35542539567726, -304.2459004636321, 105.3746980917448, 16, 18.088320544346182, 22.801945022453722, 18.1514955043924, 14.299156850487238, 0.4964874872934887, -0.32981438006222463, 0.8029462308680255, -0.617285822512924, 0.5161953139502466, 0.5937176190583778, -0.6102936901898466, -0.790420693403188, 0.05269477350253083
83, 325.9847292969004, 195.01831001563892, 35.59166069166491, 21, 19.78608525226649, 26.25990537877009, 19.89778077171539, 14.824560590787701, 0.4622595753345541, -0.46247444537860605, -0.7565933335572474, -0.8400009468125785, 0.04498481582917797, -0.5407169090187458, -0.2841029643729359, -0.885490685279391, 0.3676843101329518
84, -103.91646842568193, 43.92009599848845, -40.36773909464483, 116, 40.5975042012479, 79.20620752359184, 30.577167212814988, 27.627496893427963, -0.7433904290142281, 0.34280269145107767, 0.5743317723963554, 0.6677600589585428, 0.33120282239487286, 0.6666342281171541, -0.03830370360325114, -0.8790853230327356, 0.47512295368536467
85, 201.62901083119573, 29.498123287834556, 0.2871423884887272, 28, 20.11330952844773, 30.047960298631285, 19.47061958199031, 13.907716938881302, -0.5755729790478442, 0.7570542766015533, -0.30916754045224165, 0.7787842999225266, 0.3921466341622612, -0.4896080386486622, 0.24942084913689705, 0.5225799839206504, 0.8152909912548536
86, -244.03767187960392, 54.93948771679019, 338.05282596611625, 14, 15.027672411331658, 19.459388390554206, 13.76285442081468, 12.671775075472073, -0.5712182492763315, 0.5367986214532987, -0.6209323245729126, 0.1861411283427008, 0.821507662227066, 0.5389588493025484, 0.7994130296867759, 0.19228208681013176, -0.5691804696745583
87, 139.31924168803084, 84.0464543994574, -240.5183944772863, 25, 18.31455385142363, 29.441043117113317, 15.817336279962912, 13.19175234512245, -0.6805442995069275, -0.2813196661002905, -0.6765491126842501, -0.23430037842198986, -0.7913196174413222, 0.5647270099117199, -0.6942353988957468, 0.5428374604959963, 0.4726147505128474
88, 194.14036065972547, 319.95718428285545, 300.15451033928804, 46, 21.769510997928425, 34.60173052715642, 20.758244258204865, 14.363410866246058, -0.22667268955120995, -0.16372584173907545, -0.9601111084444613, -0.9728820398495555, 0.08466292530729876, 0.21525037889996565, -0.04604376559088978, -0.9828662359778374, 0.17847670387187634
89, -172.41950728703995, -245.45993828144455, -211.17571633811377, 5, 2.733839484308752, 9.47417808117937, 2.750856429936968, 0.7839882731318992, -0.4346476699351708, -0.6675051802409037, -0.6045810428482566, -0.19344536437275642, -0.5864429103573566, 0.7865517172406942, -0.8795796121003593, 0.4588262713088169, 0.12577026172442174
90, -134.05493249236858, -23.593156354103208, 337.76786372584723, 56, 26.337374695008673, 38.8180934835119, 25.6710824548781, 18.333233249872663, 0.6169079502809581, -0.6969256289821516, -0.3656764260216662, -0.628854463061442, -0.15710104304238467, -0.7614862615718686, -0.4732511438632273, -0.6997241813334929, 0.5351816746576064
91, -313.83831907872434, -314.51465432491074, 52.22750823696448, 52, 25.309816642059168, 38.52266490353197, 24.51993118242233, 17.164510665071795, -0.010169503893774964, 0.5054173474048788, 0.8628150938253055, -0.1627193645860448, -0.8521950977447754, 0.49727851730040235, 0.9866199823535242, -0.13533964800452505, 0.09090759098525744
92, -267.3014867222637, -338.9552172657547, -47.837922950956674, 5, 7.20370356634329, 18.929771831635026, 5.923167983138438, 3.3340190028497663, -0.997344953200437, -0.0635928666957453, 0.0354822720669824, 0.009443712933549899, 0.3701859564619969, 0.9289096694105112, -0.07220706760177215, 0.9267784551572908, -0.36860254264535186
93, -111.25179452857257, 44.62451503852714, -338.89901532055154, 48, 27.19293012788935, 40.12477099171394, 29.42671471214594, 17.02996183697017, -0.40455353083714723, -0.9124751876866979, -0.0610366491816398, -0.882706505098088, 0.3721627662693147, 0.28692176853680973, 0.23909342639377593, -0.16995266181762858, 0.9560075450520185
94, 304.7552155749247, 210.53911442729247, 324.4670415327681, 29, 20.69254585500356, 26.16735250691361, 19.07770748676519, 17.748261066509293, 0.5202064322841415, 0.7292861510315578, 0.44444007213996856, 0.6237239231713869, 0.031064061194857717, -0.7810272029614436, 0.5833984362970978, -0.6835032801791501, 0.4387134947895306
95, 248.00308371787935, 218.0176817067412, -176.61126191005744, 9, 13.35243765575996, 17.45694157757122, 12.507813132544118, 10.902651592368722, -0.657109448405402, -0.6738743305358297, -0.33778774320752925, -0.7373069075730125, 0.4813767833942866, 0.4739777594508956, 0.15679826804358896, -0.5605085004296166, 0.8131694313515929
96, 279.20150782106, 197.1286497526492, 151.2109679680477, 8, 10.228349122821061, 17.179218905351043, 10.218994357740081, 6.095439946961042, 0.2754290490917588, -0.8173408727942347, -0.5060560607051041, -0.6574699968072137, -0.5442088619965513, 0.5211237068323998, -0.701335898278943, 0.18918406958403583, -0.687268030393449
97, -316.6118705469202, 333.9897548189735, -74.2969227982408, 7, 16.20259736867948, 24.14882952422486, 16.733433708975127, 10.52622785725227, 0.24604908549092222, 0.7565767760850702, 0.6058476949017816, -0.6934240272999661, -0.299327361229074, 0.6554130370863364, 0.6772170744245725, -0.5813731269231155, 0.4509792915417095
98, 327.4470898891639, -239.18041010389578, -167.06134999111865, 59, 31.131868874111852, 49.54315990856261, 26.9303002102868, 22.614692143063706, -0.9310263784267212, 0.2880128153734674, 0.22413946741766072, 0.3049145969122584, 0.9513590793859952, 0.0440793677321571, 0.20054169457611157, -0.10938244946279511, 0.9735597097692882
99, -51.27911613371072, 101.09172567292397, -84.47865079797899, 52, 27.71237278986291, 37.38384632672908, 26.77225036649774, 21.264358089820952, -0.5868961480658114, 0.7302190710317245, 0.3497613753505075, 0.8049131342116643, 0.479486365465649, 0.34958213871148697, -0.08756573393210346, -0.4866959355019389, 0.8691716220671407
100, 221.55963513082497, 339.98739836916735, 229.47920074985606, 14, 14.764824074430292, 18.959435840990448, 15.669423672362605, 10.834438192261969, -0.6590886883880207, -0.6073054716667088, -0.44360135811631035, -0.7441247371073881, 0.612092717748944, 0.26762077741381035, -0.10899759843142967, -0.5064805711598305, 0.8553344109608785
101, -153.14672168205894, -38.92238920397797, -265.62431441403373, 9, 11.304338469131933, 16.158618118374672, 12.0816169713392, 7.399564789969197, -0.6708950164679927, 0.1709407180847857, 0.7215810056944888, 0.7269146703541004, -0.04078403366588847, 0.6855156632943767, -0.14661152377081874, -0.9844368611031372, 0.09689751079878729
102, -349.5901732925658, -171.13493734694643, -309.8638040770437, 13, 16.42265815440826, 22.52546839574313, 15.715936807504974, 12.511698037919132, 0.10817906775387824, -0.49140407216456006, 0.8641870903687406, -0.33812984339667307, -0.8356492164085956, -0.43284939196011524, 0.9348612187402167, -0.24538220183173035, -0.2565581351658305
103, -316.70339045156055, -73.9548148341201, 249.7518492006002, 36, 19.91774016710681, 24.07007247562492, 20.12598427057409, 16.311190534191287, -0.49612283808520014, -0.8008319432777817, 0.3354554041243308, -0.15461400918354753, 0.46166871348013316, 0.8734738159543127, -0.8543749982849895, 0.3814842036304135, -0.35286422981933596
104, -177.87863377354782, -23.56942548442087, -46.37695218623743, 27, 21.97427763625756, 32.97592023125781, 18.56708211067591, 17.330186648384455, -0.9406634929992153, -0.3286723839362394, -0.0844195295899263, -0.04372499735952348, -0.12930471335498211, 0.9906404068632046, -0.33651198722248327, 0.935550509134518, 0.10726102420599698
105, 160.0956153114407, 344.9639659812159, 349.2766857345603, 11, 14.947685979031402, 20.553812649137083, 19.096914810675713, 8.50876036265569, 0.8040819602864607, -0.49036934765632006, 0.3361400065761256, 0.2531616334139354, 0.7939925759647044, 0.5527069537106635, 0.5379232180423806, 0.3593239376830454, -0.7625778119633957
106, 100.06610568062175, -253.04912652868177, 298.47912879876594, 8, 12.890846090442405, 16.768407276251132, 14.118840396023216, 9.048017398762475, -0.8825869524855701, 0.005354040868142172, -0.47011871431439123, -0.11045050595710519, -0.9743113223716476, 0.19626036999921953, 0.4569912001735412, -0.22514169170723028, -0.8605058173069796
107, 269.475903686072, -226.8171707096697, 175.5036082604204, 44, 25.173060066639994, 33.87005027199059, 22.66173324738074, 20.78256138405804, 0.9138231469599065, 0.37884216638519636, -0.14630744700412263, 0.32944584161957996, -0.4808700319807963, 0.8125450447712758, -0.23747145832680533, 0.7907228498730505, 0.5642381422491584
108, -274.23991537748987, 89.96659991742347, 13.257441152972756, 15, 14.982486732342997, 20.31649424098439, 16.58316869387732, 9.982410320303057, 0.30506150055410836, 0.02975041490544638, 0.9518678446573502, 0.7304899067357828, 0.6339602392414554, -0.25392698009085984, -0.6110007995386126, 0.7727931986462291, 0.17166448406500964
109, 315.83770310291345, 19.286105982759164, -4.763385963132539, 15, 16.37883782233032, 23.153142797607334, 15.675391744898075, 12.106563789306827, 0.14679189643293603, 0.5230682364489473, 0.8395545004106704, 0.9299032078329886, 0.2163959096037879, -0.2974102122803903, 0.3372419950177333, -0.8243618321616645, 0.45463766503834996
110, -58.71212289779273, -20.03551921291343, -236.95606132058757, 12, 12.944572941035705, 19.81499431298972, 13.708704976014193, 7.984960994331907, 0.3299980791296407, 0.7784006594828461, -0.5340352807515789, 0.686972639177412, 0.18997735169999294, 0.70141086309144, 0.6474332867503574, -0.5983318637326003, -0.47204779424323406
111, -268.9400511870647, 249.75578328048758, 276.9063960241981, 9, 11.6308798899289, 14.00604691629844, 12.03545163279544, 9.333826931739642, -0.7644867527356876, 0.6417961501142845, 0.06047897643087796, 0.24193276918408105, 0.1986853944750549, 0.9497329357336272, -0.597518652500962, -0.7406900942504734, 0.3071638718870747
112, -134.283684889181, -211.48046593853945, -197.80312229280085, 31, 19.642002635630828, 31.361088338615275, 16.838199855084966, 14.350614865646115, -0.9427431544742769, -0.15064810465838901, -0.2975575461229718, -0.02301910402056012, -0.8606562875775866, 0.5086657797643334, -0.33272430861297203, 0.48639068989445117, 0.8079100390773837
113, -154.06598117705784, -95.83212843144047, 286.76919715095283, 21, 15.952069909826932, 24.890934201507715, 14.654072301056058, 11.128883754727697, 0.5417714972963423, 0.31121159946943044, 0.780788694252778, -0.542759628392191, -0.579759809512196, 0.6076928081374281, 0.6417909554557854, -0.7530112241062952, -0.14518424799229754
114, 138.44100984518508, 39.83232439907967, -213.82651215581777, 20, 17.881454591812524, 26.011163241119114, 15.975495252742636, 13.759239409649936, -0.8176926553675451, -0.3516604127234934, -0.4557561579190296, -0.5745971438008537, 0.45062402883316804, 0.683210148471219, 0.03488328674126994, -0.8205321070874116, 0.5705350274477622
115, 290.32996642960023, 339.7663611242224, 123.17516207571342, 79, 30.704704251986115, 45.86605510824151, 33.48862832057026, 18.846296002054178, -0.9877331150612697, 0.07433952591131968, 0.13732053123492088, 0.10834160089893148, -0.30704080027762637, 0.9455094100428253, 0.11245172709219406, 0.948788481091626, 0.2952203028618252
116, 305.2409088317819, 78.01261510275657, 188.4554664627272, 15, 17.961024159330844, 21.61414853577757, 20.60315419188226, 13.011322655507298, -0.08629583206095805, -0.9934074478483242, 0.07546305008668645, -0.7867132087179353, 0.021475094294472398, -0.6169450117747722, 0.6112571934935707, -0.11260756140030012, -0.7833799719917793
117, -292.0838707362292, 256.65829386948536, 31.464183620869726, 35, 20.564092038648727, 26.013924314875098, 22.805829542934244, 14.658072674149679, 0.5808287604480422, 0.13695203089975982, 0.8024226394293857, -0.4709585159182549, -0.747481605037012, 0.4684755344896541, -0.6639548383139215, 0.6500118394027322, 0.3696600888868186
118, -6.247673895978676, -268.9596940905363, 87.2279156039016, 7, 12.38926082905883, 19.443979875035218, 11.749303926909608, 8.324130640418286, 0.49319763547913187, 0.7584907588718697, 0.4259669717991863, 0.7604541088131191, -0.13812184487603177, -0.6345328237036174, 0.42245193897890676, -0.6368784222078943, 0.6449187813817683
119, 54.086570848185154, 161.80441606734732, -3.822503036044709, 47, 23.7617072594941, 43.3223660249429, 22.24918903261787, 13.918953059132182, 0.13837753571876538, 0.9903405445877485, 0.0087899575677917, 0.5315246194053815, -0.08175145398500165, 0.8430885355271429, 0.8356633512212716, -0.11199243508817902, -0.5377029457875916
120, 120.66346231493242, 320.2282657797861, 232.4088178075715, 58, 28.37763702946196, 38.12536504118462, 31.676447307245787, 18.922486788601883, -0.374178612361221, -0.3208314332532698, -0.8700905455687262, 0.02775411695364141, -0.9417020010702036, 0.3353014318080042, 0.9269412468131702, -0.10131402971467778, -0.3612691411391497
121, 165.08741971788396, 82.24477220138839, -178.7744516786378, 121, 35.82483050928866, 53.24670350237981, 36.18709902284437, 23.86195039313484, -0.973937008512515, -0.2246479274409049, -0.03130514568244462, 0.12115223949488202, -0.6319176223215516, 0.7655078402373496, -0.19175202297516403, 0.7417637274064981, 0.6426645582175435
122, 8.008165764593143, -196.33824522675548, -178.8344969672854, 6, 12.685385466623284, 19.106152165742305, 13.400584016311852, 7.972858333866929, -0.8094703054849268, 0.30603216915252107, 0.501100923948402, 0.576346770285344, 0.2510926353073977, 0.777674024817622, -0.11217051715933214, -0.9183119295414761, 0.379632684501768
