# Void_ID, X_c, Y_c, Z_c, N_particles, R=(abc)^(-1/3), a, b, c, vector_a, vector_b, vector_c 

0, 305.3640869104662, -317.7521086508716, -255.12516709316532, 141, 40.205780278818864, 58.72977926982852, 35.939893081246225, 30.791463805371595, -0.4678520429170415, -0.5551524950558736, 0.6876919173376903, -0.1931240967180389, 0.8235142438093768, 0.5334110736663722, -0.8624485777164873, 0.11674758017324695, -0.4924961454859312
1, -163.06233223757826, -49.264158135737716, 344.0722785843205, 72, 31.87318207922829, 56.56873716717484, 28.732413939099658, 19.921758579848344, -0.6738557607236438, -0.7170087462738935, 0.17837284408311352, -0.7383290424145991, 0.6442761549622777, -0.19944538418866445, -0.02808271473167512, 0.2660952722499257, 0.963537579557506
2, 218.55845809150398, -13.130098706781462, -221.56479028572744, 23, 20.517317785807283, 28.276398653185073, 19.72642564127618, 15.484217383816137, -0.06570155376488437, -0.8542856389389327, 0.5156349027515295, 0.7667397487132129, -0.37392740631587196, -0.521812660395552, 0.6385870837842543, 0.3610738732012946, 0.67958236771957
3, 10.801385485611815, -185.47602573441694, 14.582455716728703, 10, 13.234735679530374, 20.22981611358897, 19.50721159875555, 5.874334683989237, 0.014134539966198638, 0.4873928738930175, 0.8730683829221221, 0.07450759957936792, -0.8712415310585692, 0.48516678798495794, 0.9971202697693317, 0.05819262012512211, -0.04862907132681774
4, 111.99073590541286, 318.35345034209416, 84.28499713012924, 27, 20.230962043474566, 25.800108748974385, 22.182604871625912, 14.468234058475902, 0.6955716056100387, 0.71812433531484, 0.021853615208746176, 0.6775392376850766, -0.6455353355128023, -0.35245526241141467, 0.23899942022146894, -0.25996455457041223, 0.935573464512974
5, 112.27203376223562, 205.26733404612884, 261.99360079797685, 9, 13.359723310631603, 16.920543622244523, 14.627496050383154, 9.63403211330246, -0.8808081015080381, 0.22187013682078693, 0.4182711210506062, 0.4567842474222791, 0.6306790062047137, 0.6273692233760729, 0.12460031952072759, -0.7436515538340251, 0.6568539615893114
6, 34.126127595940574, 239.7558856450854, -171.2744539214001, 30, 19.958075487910587, 21.738136978294357, 20.47620207630373, 17.860115161657287, -0.04074612828945784, 0.9973621622128396, -0.060070545324213374, 0.9363156330147705, 0.05910058289573293, 0.34615048241124025, 0.348787597832219, -0.042140698706997264, -0.9362539041899459
7, 270.2520614943655, 135.09770787880635, -332.46306539805545, 22, 21.26256280333885, 32.85208563340913, 17.668949130485842, 16.56048919320456, 0.9484925863973804, -0.3062920531224443, 0.08091348307448816, -0.2301375422459262, -0.49065216036980097, 0.8404148791956576, 0.21771202354994684, 0.8157485125444529, 0.5358692369256701
8, -0.30379574580956725, 99.89829554969825, -336.61169404737365, 97, 39.10344680510583, 56.00679862617426, 40.183291526247054, 26.568000080724588, 0.6196826183082645, -0.5569695602517125, -0.5529722972442903, -0.7169727093847865, -0.1151030722776274, -0.6875328477605194, -0.31928605757854917, -0.8225182014431444, 0.470659347862849
9, 204.3506141032395, -92.53743580787692, -77.72248671197441, 88, 33.44266654573509, 47.24449045674053, 31.827993163669237, 24.87380756813894, -0.5677689052465014, -0.5423447825973401, -0.6192742583255284, -0.8214665167900693, 0.4219100430170988, 0.3836465526941443, -0.05320932275438076, -0.7265356511491738, 0.6850654826958268
10, -262.9813568948841, -351.63622830328717, 291.21735733172335, 15, 13.705490654727383, 22.423120725745466, 12.650804900381138, 9.075478875016644, 0.8607353785367363, 0.14130638316488095, 0.48904714927303417, 0.4045167631641951, -0.7730791302094262, -0.4885845338872276, -0.309032031437493, -0.6183697635812226, 0.7225773585119583
11, 321.54196328537876, -291.9607284699561, -99.50485461932877, 8, 9.562361360620939, 13.73159157420801, 11.65427335236313, 5.463731852743187, -0.41920907781224265, -0.5017518908811368, 0.7566431054843575, 0.4425040408280656, 0.6147954917033316, 0.6528527224666313, -0.7927508580447218, 0.608499419373973, -0.03570061191205229
12, 211.12721815067462, 64.68209805576979, -139.69302457401156, 31, 20.455625369601165, 30.09857533444856, 19.01784963999863, 14.953089576692724, -0.5875962829760699, -0.8087120112888283, -0.02674866407663146, 0.2685171781602342, -0.22607104031349215, 0.9363708719115736, -0.7633014694506834, 0.5430255680248898, 0.3499915701923019
13, -233.44475298239962, 48.428099096561255, 141.71834386945199, 8, 8.437851486425833, 11.283290024553155, 7.768088013077198, 6.854025921672622, 0.5787887714225745, 0.17687842588468708, 0.7960638043094925, 0.5435003470233639, -0.8114438265260546, -0.21486341982347107, 0.607956356049206, 0.5570214886782291, -0.5657880612827215
14, 70.175081271748, -347.4505030368258, -205.5285074376015, 7, 12.142715096782489, 18.52920149057402, 10.373150708205763, 9.314939196496905, -0.07138622563635033, -0.46554580740525175, 0.8821400727757402, -0.1560933654288623, 0.8787139646242611, 0.4511060071018836, -0.9851593110043105, -0.10549345753033856, -0.13539668518766224
15, 339.27358486803996, 83.1661794281865, 236.13258369228782, 27, 19.989220786081802, 25.83854265473938, 20.7044457044536, 14.92986812526666, 0.47787841073181375, 0.4802345923513975, 0.7355317538118413, -0.67576191050272, 0.7359528439837609, -0.04146386072145045, 0.5612290663090684, 0.4772296593269349, -0.6762202210733932
16, -323.58218917382544, 237.5549795716648, 146.54929923006407, 143, 37.1446722210465, 54.71562672809119, 32.42887584774202, 28.88326725704573, -0.03694498665246545, -0.7354847883888406, -0.6765332172257853, -0.9603454698045496, -0.16108770920380333, 0.22756829429722766, 0.27635420493838747, -0.6581131179304157, 0.7003681013729699
17, 156.00214897425855, 29.212123998930526, -246.5080114380004, 20, 18.30724010809794, 24.898009993559217, 17.865235741329126, 13.794159533165836, 0.3071408724447454, 0.4319861956133693, -0.8479695815731649, -0.2737688265800801, 0.893480551055004, 0.3560100201952361, 0.9114357432462515, 0.12280240912105017, 0.3926887498353107
18, 215.94518083720808, 229.40242939861346, -10.952272040905155, 6, 9.088642487298806, 15.344529494833354, 11.87296485205608, 4.120826240027685, -0.9949436054971058, 0.09583459642021006, -0.030049159878356824, -0.005999368016128476, 0.24194603253008137, 0.9702711605146058, 0.10025582009951667, 0.9655453627209485, -0.24014771092859744
19, 136.32393484167017, -18.222214057375005, 196.1627589325489, 5, 7.48725306532213, 12.176697467086894, 7.990010343747139, 4.3141046847721105, 0.3787689451121678, 0.16374719480068867, 0.9108901922918705, 0.9254911169435801, -0.06757698825791045, -0.37269229012217964, -0.0005278987974020424, -0.9841850470581718, 0.17714263876877287
20, 257.89272128879173, -91.84981106930447, 304.2415665944419, 84, 31.658349741466868, 50.76721841546988, 28.594847245876874, 21.857156821129344, 0.11120898154052139, 0.7297722457313595, 0.6745850812054238, 0.9491389723272425, 0.12320248871493313, -0.2897522355117086, 0.2945637004695348, -0.6724980417329519, 0.6789540560531612
21, -224.29793246263156, 248.30070188555683, 246.8003977412612, 5, 6.062258964256282, 15.144759219026634, 7.429115783513959, 1.980176732648452, -0.04498114878966353, 0.44825495488211153, 0.8927733148326052, -0.35745268299516325, -0.8417316728905387, 0.40461756050924724, 0.9328474021366632, -0.3009240540012235, 0.19809199390774854
22, -259.1822007038737, 283.02495172714174, 265.857191524281, 12, 13.770081055975101, 17.280108131570245, 16.051299217776858, 9.413537209968908, 0.013304884604908297, -0.8539205855119387, 0.5202332300849282, -0.984784223942043, -0.10134797578211603, -0.14116876453286514, 0.17327149886960072, -0.5104392436361207, -0.8422759442342318
23, -56.46039365654292, -72.18375379118791, -192.58166226686197, 13, 10.457603249860155, 14.441725060044712, 9.973484117766116, 7.940182971801707, -0.8879736600056706, -0.45609945333176627, -0.0589581869344536, -0.0715938143636079, 0.010457721641384258, 0.9973790462020649, -0.45428746942987885, 0.8898673635596125, -0.04194008095439833
24, -23.143034875661606, 32.8415910741818, 88.4771004820894, 9, 9.565217473334032, 13.497340204467301, 10.640445332930735, 6.093636532110477, -0.6433472487357501, 0.14208402074039134, 0.7522741844529727, 0.5950033781932024, -0.5255261496968566, 0.6081062784772693, -0.48174194075544, -0.8388291822743419, -0.25355533021835897
25, -44.53053029919695, -266.3223141336105, 195.22786119824895, 132, 37.03187251287084, 57.919358504920545, 32.66897102407305, 26.83909200893359, 0.5123507377763437, 0.6907829083973616, 0.5102114218303222, 0.6780408652551374, -0.6899955670096969, 0.25331147339003696, -0.5270268556194275, -0.2161598736422874, 0.821898778733032
26, 179.1309092887076, -113.39913246672248, -285.073347267689, 46, 23.11482934834804, 30.170978260142828, 22.43222410907687, 18.247793070887994, 0.36804813583895085, 0.0986083357799123, -0.9245631215986225, 0.33156919762721493, -0.9429073668092475, 0.031425543777255274, -0.8686785578626416, -0.3181227651891123, -0.3797307853968577
27, -326.20342808014624, 290.64490383166594, 338.1291190921343, 13, 11.348421515674978, 15.188994034116247, 10.52526980165694, 9.142061250239301, 0.7129396991710527, 0.5792842615596158, -0.3951540581282437, 0.5148059798756179, -0.04976598224937629, 0.8558610577044966, -0.47612161096740224, 0.8136049971086, 0.3336991463125437
28, 264.9854571227941, -208.44534071625375, -348.02892206019385, 40, 19.596222227113813, 23.19126718524103, 20.38720987080824, 15.916031663011765, -0.9777549324974552, 0.03375095365266073, -0.20701730629208964, 0.025648695651727706, 0.9988009638192717, 0.04169867006343344, 0.20817645493249723, 0.03546135644938053, -0.9774482368956977
29, 78.39196063538746, -102.04916914774076, -347.98651345450963, 24, 17.90140146698681, 26.057904416199616, 18.105713130458852, 12.15922725475669, 0.8314493553671206, -0.28521434946398516, -0.47680682075599046, -0.32626586813421726, -0.9452715681746607, -0.0034993844091967597, -0.44971385652459556, 0.15847535221747838, -0.8790011433378921
30, -225.3684098103545, 122.94883437850913, 162.66800792249842, 35, 20.407008458575753, 28.135437276372734, 17.81442193654648, 16.95557919949823, -0.792842732929189, 0.07231522027866445, 0.6051205745613206, 0.048039850847751545, -0.9824289175311609, 0.18034853680880558, 0.6075298952083761, 0.17205792895011024, 0.77543761548786
31, 7.003184844394281, -218.07171337645323, 234.99321251184244, 16, 18.079210488706277, 19.934071331680443, 17.83708164251927, 16.619523777058475, 0.41564870634984336, 0.722683218480443, -0.5522364698536758, 0.5940717785719101, 0.24404090994737818, 0.7665003301867932, 0.6887052161949347, -0.6466629724971136, -0.327890416430681
32, 194.28873552452094, -77.79351191585843, 107.50811728212022, 33, 20.53276109756928, 29.12740559151909, 18.325169941341443, 16.21781149421042, -0.8366638315495593, -0.5357296257711984, 0.11396227905698622, -0.5473523311143755, 0.8102197485464078, -0.20964108540325527, -0.019976451148026767, 0.23777663286464426, 0.9711144187288555
33, -2.4072933342124214, 144.02657098526635, 50.70426676361256, 20, 18.814722723830645, 21.50873064200203, 19.90316671127934, 15.55809810491408, -0.6111182256655006, -0.01929420765863759, 0.7913041436832463, 0.6071499561466464, -0.6528233636841982, 0.4529796756800183, -0.5078419488488292, -0.7572644118000489, -0.41066673302149675
34, -156.32356796538858, -300.7549687797842, -197.147822131925, 10, 13.899429521462316, 16.447230063356024, 15.710716767623726, 10.392072325131597, -0.15476499683374612, -0.16495629801775283, 0.9740827559808914, -0.8953512307122272, -0.3933455263697747, -0.20886711217179452, 0.41760503998054316, -0.9044715123369903, -0.08681770530074158
35, 64.12787789494232, 277.5082058758506, -128.58836852506735, 25, 19.35488771362652, 32.56318467912334, 16.20055310816395, 13.744066693088959, -0.6869170904014804, 0.606404655425077, 0.40052253968179846, -0.2500272475690485, -0.7146789880752025, 0.6532383328287238, 0.6823718094905518, 0.3485790267394157, 0.6425428979686817
36, 263.280396636651, 9.91343537711041, -46.54861555357458, 13, 14.78138992166129, 18.25723286327689, 16.089617306488257, 10.994238429748762, -0.031996015055598605, -0.830490275033209, 0.5561134399525214, 0.3222364339250212, -0.5352596894193653, -0.7808077519684152, 0.9461183518312323, 0.15421727516056755, 0.2847404017174283
37, 246.4978820911494, -204.02409480222647, 30.89291466610757, 25, 20.175578498278593, 29.674919764923562, 16.875752600287125, 16.39929903724911, -0.18810008381742885, -0.9532799671810769, -0.23638033471319342, 0.15600963266061002, -0.26662119027095826, 0.9510910237278023, -0.9696800260833356, 0.14202269209440785, 0.1988723257401061
38, 19.3605814321396, 82.39774883807753, -275.22604178912104, 42, 22.796585980726796, 27.567468877456598, 22.851383839532975, 18.806156132286798, 0.8088395334293629, -0.5848141984602925, -0.06140816265787572, -0.40674129914159307, -0.480999193544802, -0.776660344926828, -0.42466472037877023, -0.6531708268810656, 0.6269192501248673
39, -322.5518094087872, 228.0196261744198, -111.17140580747288, 81, 31.39691954671109, 49.54542008978804, 29.82613893629753, 20.94404530877676, 0.8470418100551995, 0.22561238536643782, -0.4812683488322054, 0.4178512534640796, 0.27697143571595956, 0.8652670996726604, -0.3285125598769543, 0.9340159931000672, -0.14033396822004884
40, 146.38433035975257, -135.2360171767664, -110.06336295474519, 55, 26.089015726182716, 32.20291618106069, 27.821159361303035, 19.819954726325932, 0.44259818913517557, -0.10972738806580262, 0.8899813162547404, -0.21306143990377263, -0.9769313552379385, -0.014489650758251319, -0.8710405649568763, 0.18320760754188703, 0.4557667240358643
41, -285.39070307481916, -117.73167272396643, -280.1599562559104, 19, 17.784770176427408, 23.866575708292206, 19.156582423621547, 12.30372532567082, -0.17648158785090684, -0.30525142609319544, 0.9357755158250792, 0.9684315040092226, -0.2238899626210386, 0.10960705579471244, 0.1760530351685475, 0.9255781174518015, 0.3351275537796339
42, 192.22347019526217, 243.3096276734597, 246.89677222295063, 16, 14.962451809769226, 16.566920681185298, 14.974790710730984, 13.502237402857173, 0.7061247374633742, -0.15233205842647266, -0.6915076276642469, 0.2530884536518396, 0.9663699132805337, 0.04555683630691134, 0.661312399528696, -0.20718140525087606, 0.7209311864164778
43, 183.25385226590234, -337.18968847337476, 177.58428933066583, 7, 12.278562113907448, 17.996466713214705, 12.084143535400464, 8.512152820528037, -0.1663884526710847, 0.1819290709627646, -0.9691319290769175, 0.9845865926189813, 0.08436646532580769, -0.1532042465578987, -0.05388992904677202, 0.9796857213755108, 0.19316252970045492
44, 68.34978962514067, -250.38636301763117, -29.742655203692404, 79, 29.574124309111035, 48.469100308863446, 27.35325501088879, 19.510199457849026, 0.24854837756994524, 0.37443938345557554, 0.8933190091589658, -0.41815035741929457, -0.7904175779266508, 0.4476497862109208, 0.8737127574881027, -0.4848042910515286, -0.03988504457262576
45, 208.49721935904026, 219.2527821577117, -132.67661869786502, 31, 22.05148403789228, 28.756928034222884, 21.41532314909064, 17.411907211582967, -0.639436896292762, 0.6369311948877981, 0.43062641423661097, 0.7449180965628383, 0.6518811522068614, 0.14194362546677783, 0.19030892010801023, -0.4115454001398352, 0.8912984340562178
46, 74.7496006073105, 40.60287492762595, -209.24193903495046, 20, 20.20030096988767, 26.2528345083389, 19.196969019250734, 16.355531266898012, -0.7997563028164436, -0.07833517948020237, 0.5951919486696516, -0.5952539293114871, -0.02511507106199783, -0.803145063388169, -0.07786280077551769, 0.9966106726607714, 0.02654338701139607
47, -44.42182451180124, -110.25418982435423, -265.43951550463913, 12, 14.007125895663153, 17.92858204398691, 16.089231906995536, 9.527212274398691, 0.9346518705475906, -0.04436808978702682, -0.352785137853822, 0.204385966348688, -0.7448429584712994, 0.6351656035833767, 0.290950610313164, 0.665763050810401, 0.6871006494932344
48, -331.7302646931082, 104.50247833231215, 38.037072838947324, 20, 19.30958743331042, 32.603089298806445, 17.528243809841566, 12.598586595790653, -0.9204211050673154, 0.1985295940701925, -0.3367654816411362, 0.37475308726997975, 0.6933227454716672, -0.6155190445414738, -0.11128842225622962, 0.6927406230978183, 0.712548465847598
49, 20.97544983233358, 152.47286031040207, -118.46196321733936, 13, 13.112300540441968, 15.412139150145554, 14.657494668675781, 9.979620315512895, 0.5886225199924845, 0.8069252679128135, 0.04894017737535675, 0.5305248941157639, -0.43125901612173795, 0.729766399430097, -0.6099728401176202, 0.4035929546183181, 0.6819427111578366
50, 302.5337317405669, 230.9345808844413, 271.96526015569185, 61, 28.42221558190603, 39.59142925746007, 28.26622242528596, 20.51657374088265, 0.0734221820860663, 0.5636828795381743, 0.8227215777486772, 0.9507654586346098, -0.28861697197200503, 0.11289502272921882, 0.30108840204338727, 0.7739262592813757, -0.5571210993578473
51, -323.0958293231458, -139.39892063961094, -329.27918107489245, 8, 12.058448971257642, 14.57204554336527, 11.948876132196009, 10.069937398276112, 0.8294451763519246, 0.416870870021212, -0.37180556364083933, 0.44029999895725547, -0.07832516594007466, 0.894427794346028, -0.3437391603305708, 0.9055848088987675, 0.24851467471160907
52, -66.93834586145734, -162.4715447130715, 111.3660652099756, 6, 9.41930561557497, 10.73448824657767, 10.152397037260899, 7.6684347363531415, 0.05460104891953626, -0.014429105549105476, 0.9984039895603078, -0.14012341839392373, -0.9901117393142179, -0.006646148491851376, 0.9886274086198944, -0.13953689327639154, -0.05608299510801022
53, -136.70739483806892, -126.09829168450888, 16.680001451002497, 23, 17.781378259853, 25.14955356639763, 18.368785322219967, 12.169858912083816, 0.59326305791068, 0.22313386769051666, 0.7734663672118782, 0.6643175027452659, 0.40696392395272996, -0.6269470632735193, 0.45466603091144125, -0.8857717774294162, -0.09320492822146954
54, 193.61995916937738, -229.2217824112168, -103.06328008109696, 26, 21.531150617645565, 32.035302172012344, 19.942172000688632, 15.624295153200238, 0.5010870192584465, 0.8632090853632417, -0.06149694363983316, 0.6376768651042781, -0.41633899180071, -0.6480972609239668, 0.5850470193424333, -0.2855379464322115, 0.7590705278864474
55, -50.644640844566375, -127.33051523835934, -325.74889464430356, 12, 17.05008891287778, 21.54364556783563, 15.691026439473152, 14.66254623464783, 0.2735648885958634, 0.11953223748857901, 0.9543973469831666, 0.8652385750445952, 0.40284298402638163, -0.29846228987180046, 0.4201481405199021, -0.9074302036089024, -0.006779793210291806
56, -288.86978206691157, 159.39993234828202, 257.34244059776523, 239, 49.945669851626235, 64.39728264865978, 48.20364662752861, 40.13710922048532, 0.667476516655107, 0.25558564313076443, 0.6993933648093884, 0.2383859078391913, -0.9631611961242188, 0.12446955139410155, 0.7054411801544123, 0.083645019612634, -0.7038154957347502
57, -40.33414320418137, 135.69954166828242, -131.55723459299455, 151, 41.30752746482299, 61.462138508124326, 35.05331919951357, 32.715290895405346, 0.8640685928066139, -0.4547240406574925, -0.21589699806463558, 0.26866083704177623, 0.05389569371867227, 0.961725849105968, -0.42568394562775186, -0.8890001693175914, 0.1687361176158883
58, -251.27528987864898, -183.15025275917986, 338.687381917726, 90, 31.445766833956515, 40.36654903639033, 30.789616023141654, 25.018465788851064, 0.7449946246558666, 0.6533898108824969, 0.13440522411275282, 0.5159238466633539, -0.6920961560148041, 0.5048024319212615, -0.4228541044828028, 0.30673223805864813, 0.8527073005771556
59, -158.92597537647774, -178.1725973110812, 250.2967830537477, 22, 17.7126774055318, 24.119969368081808, 18.04806385057644, 12.765718647771013, -0.606154879369059, -0.1500650054415516, -0.7810613012810893, 0.006594693778361035, -0.9829534034785439, 0.18373654128647537, -0.7953192894875941, 0.10622194091511455, 0.5968116344686775
60, -33.48751902709086, -122.38380265217529, -112.27411482495614, 12, 13.726515309687159, 17.763427693613906, 13.881216127512994, 10.48881940145052, -0.509299248120121, -0.7510354158968136, 0.4201905281333453, -0.8265489065027195, 0.5628493403112435, 0.004186319428410832, 0.23964803571787968, 0.34517593221413656, 0.9074262475797488
61, 291.8610961040247, -148.89218875128088, -47.68791263157205, 78, 34.15764161310068, 40.29852375318197, 38.39891716569387, 25.754642035625974, 0.5078426331377413, -0.49219812279374664, 0.7069914199522068, 0.8243199548011112, 0.5160046431208046, -0.23288585271429652, -0.2501848758107124, 0.7010565000027326, 0.6677778910083031
62, 99.92264345281933, -68.03132888584643, 183.49464944834654, 14, 12.994028246034471, 16.36915127011039, 13.526172225974586, 9.909011774011024, 0.07451438899152579, -0.9878455478470545, -0.13641400013185037, 0.4184255191254976, 0.1551416642271011, -0.894902871246597, 0.9051893121208274, 0.00960404183654718, 0.42490007249072703
63, 3.2000269745483454, -179.85963102510516, 350.95625791610667, 29, 21.13797186777928, 36.010330833517706, 21.893011845093287, 11.98001393830596, -0.35855056820338316, -0.9320988906528042, 0.05131420938534368, -0.921918039182864, 0.34492687433180647, -0.1763308832647122, -0.14665817082677282, 0.11053103368512164, 0.9829925083754422
64, -175.13669007297605, 332.4255086732594, -6.876969228152848, 48, 26.4253107769102, 31.15047251354122, 26.116848027750052, 22.681663863116256, 0.14187107211924027, 0.8584095681891443, -0.4929559941182014, -0.7147478230555163, 0.4333637870713236, 0.5489365878611125, 0.6848416958196537, 0.27446100141281804, 0.6750281552426787
65, 151.56617959905677, -337.1990737111796, -4.699827175194793, 9, 12.590867392808311, 14.550040865429809, 12.752875426331384, 10.757085472098904, 0.4397667277145939, 0.06965394841929143, -0.8954069201568641, 0.5668159282392163, 0.7518240372328504, 0.33686840239656357, 0.6966526600031856, -0.6556744195929103, 0.2911462292422593
66, 202.54327049032472, -96.02472703230302, 170.5981908259157, 16, 15.630292538517718, 19.88743217464711, 14.967122477028623, 12.828748619192599, -0.06986607698794656, 0.31864164891653457, 0.9452969009057769, 0.8759909980258864, -0.43374969865295276, 0.2109525309070363, 0.4772405081967849, 0.8428100014203824, -0.2488228262074234
67, -77.73062796876364, 101.72768623805125, 2.5139926981040794, 49, 25.720216603135206, 29.28722898088778, 28.49885101049806, 20.385352773571164, -0.7454533213833376, 0.48419389157667536, -0.4581000120043495, 0.39167722710498515, 0.8742877248999215, 0.2867227299267865, -0.5393406116786479, -0.0343110689013966, 0.8413884092052527
68, -299.0688836215818, 286.66014252135903, 172.25839235635954, 152, 41.090377728460794, 58.00976722273045, 37.92984728390387, 31.531031897331662, 0.4134272846108244, -0.5849661446552598, 0.6977768195823663, -0.5059564362319677, 0.4895476114239604, 0.7101768940091912, -0.7570244150453592, -0.6466511778047394, -0.0935750461874052
69, -320.6961531591532, 33.10622909528693, -75.05638847493987, 38, 22.265577174478995, 29.789430063004314, 19.957973311913317, 18.566209244020452, -0.5277208502168801, -0.7858614643583464, 0.3223855813818737, 0.25304178227030855, 0.21685966366165293, 0.9428370711326641, -0.8108517501194892, 0.5791318028852417, 0.08441441947351702
70, -14.232506146273701, 67.52373519091928, -186.27459313207257, 17, 15.547203206300429, 20.90280703096579, 16.157987519323164, 11.12666327456062, -0.21033422377909392, -0.8778826612141549, -0.43021104988923686, -0.5545654131639155, 0.4695437859001758, -0.6870122529073739, 0.8051190699701392, 0.09407797968750746, -0.585604488463276
71, -2.1202194984015783, -8.63405173333975, 309.08910226877776, 35, 22.114939930943564, 31.668636229815647, 23.99996577383314, 14.230406574301163, -0.0727084124614522, -0.9928041780168069, 0.09514909810243932, -0.18322633063689045, -0.08048134393041059, -0.9797708227134015, 0.9803782935778801, -0.08867140120426181, -0.17605619582904958
72, -241.48483756308602, 203.12195276529016, -138.46225162242078, 6, 7.861424691778609, 13.261662572506458, 7.486061915794174, 4.893869531363236, -0.46892007142909975, 0.3711986373805289, 0.8014521434357555, 0.8543015438341945, -0.03975631057230127, 0.5182550607299371, -0.22423835268178385, -0.9277020035423644, 0.2984730369900147
73, -218.87506369349052, -135.57734054316276, -34.72612061176602, 53, 28.042797244373038, 37.09962888566218, 28.35632150677249, 20.962570622805767, 0.27972908061109425, -0.7611559567528071, 0.5851437865689002, -0.34566657458730793, 0.488755134330525, 0.8010199984261489, -0.8956931732873423, -0.4263332360551653, -0.12638714792723854
74, 49.27771602454021, 188.55068910244054, 248.78328643736924, 16, 13.988590814353293, 19.385052369540155, 13.618544271658989, 10.36869821494465, -0.039703928181752765, 0.32795958424696386, 0.9438570385325824, 0.561525167945042, -0.7740124044866784, 0.29256500724632595, 0.8265065540279952, 0.5416154621143197, -0.15342622770393755
75, -28.561711473973048, -303.1891302152291, 262.4402243726073, 9, 11.617571724312391, 18.811795840670378, 12.211420783081678, 6.825738308616736, 0.7115141104336227, 0.6142173207651462, 0.341298628075086, 0.2798025449352218, -0.6932045152415849, 0.6642123424752452, 0.6445604754416949, -0.37710022927699793, -0.6650843635040684
76, 149.06245201967278, 42.84030000237622, -141.88147989486976, 14, 14.23732330369126, 17.146503655258694, 16.118309471916547, 10.442151146728609, -0.5560961464806224, -0.07138361451885451, 0.8280467712923139, 0.1648078142024102, 0.9670490844250422, 0.19404755265272317, 0.8146136877362339, -0.2443776746982243, 0.5260076918276599
77, -256.6577961621475, -331.2557469259896, -139.90747040168185, 11, 8.577894210193913, 15.591487571673271, 11.948782666168414, 3.3879020276009997, -0.230777243058297, -0.44257451184709035, 0.8665273599545034, -0.10264157929124831, 0.8966709718813537, 0.43063426986939524, 0.9675776817842637, -0.010438852842075508, 0.25235780167122124
78, 254.95904707212443, 346.03110939940586, -18.66864344247256, 125, 35.89445133267459, 56.93906797180841, 39.869026365258954, 20.372108190149426, -0.8329185651144081, 0.06259006268924143, -0.5498446580083434, 0.5528879488806082, 0.13666575148328558, -0.8219716469283493, -0.02369767647575573, 0.9886379298934802, 0.1484367330063027
79, 314.35046165270313, 354.0383825802179, -17.61200647335805, 8, 9.749511459591902, 13.402327454688804, 10.763007618156667, 6.424431308210452, -0.608315787466981, 0.7533026248594884, -0.24997411485638182, 0.7686809756496389, 0.48071515784289387, -0.42195082023193287, 0.19769031436250564, 0.44882969197668504, 0.8714760164269397
80, -94.48148776835288, -24.37926810968947, -238.42746785951636, 76, 31.061659630156704, 41.35425882313571, 28.14134076169011, 25.751880167207013, 0.08171490972381475, 0.09679244193869121, 0.991944502838931, -0.5478054030024195, -0.8270883809262555, 0.12583342393077418, 0.832605497201519, -0.553675025010454, -0.01456202971719252
81, -219.55501088725728, 259.10671566605004, 185.15925607652443, 10, 13.221558573079308, 18.8893320506505, 13.058312792424823, 9.370101420825279, 0.09075739583788274, -0.09905654077549027, 0.9909343554596942, -0.9708654189727024, -0.2303887448664994, 0.06588903157429257, -0.22177338285665688, 0.9680438151077834, 0.11708005247642443
82, 32.69753071499155, -180.63734585096802, -127.72396863735528, 27, 21.591540808930535, 29.001576092532115, 22.117988240595004, 15.692194526141563, 0.34709539290265456, 0.4682126952890532, 0.8125894782704929, 0.8053138915687738, 0.29523958102094466, -0.5141041974589728, 0.4806186890582898, -0.8328327934037761, 0.274581889350252
83, 287.6702529158631, -196.90578168755724, -49.235790765310874, 20, 19.69506255839542, 24.90383073681424, 19.93766894359893, 15.386206522055065, -0.8327625667199196, -0.5123711991723034, -0.20971948342676103, 0.10909123213817576, -0.5232453446748186, 0.8451706409635306, -0.5427758382063691, 0.6809479154347021, 0.49163434168547204
84, 33.798982341258075, -257.57523182929543, -336.9476841845795, 116, 33.95160341720945, 57.50880045010415, 28.06147650898872, 24.251356758538165, 0.550808687730099, -0.8335171442371165, -0.04311565590186705, -0.6384592041429573, -0.45405570013066726, 0.621452545110237, 0.5375682600062869, 0.31477387350549163, 0.7822645168944851
85, 89.80020075207544, -348.7602844033567, 268.16947613338243, 19, 17.301042552670786, 26.547060206387478, 19.533832416326497, 9.986491360097844, 0.21805957651309726, 0.09480230658982225, 0.9713200006981109, -0.8702172088321681, -0.43164768545573223, 0.23749165268080424, 0.4417827866081691, -0.8970467090993413, -0.01162631286188891
86, 254.71521729924692, 138.86790409022996, -101.94165346497869, 29, 20.54778891768924, 27.386819447535007, 19.408478384799185, 16.32158007846042, -0.11078617732170169, 0.8837996572413684, -0.4545597746990862, 0.981308748076825, 0.02486205687385121, -0.19082719689786337, 0.15735172023953004, 0.4672044991093736, 0.8700347074396629
87, 348.1118252088817, -298.51565869792773, -240.51799192638603, 15, 15.033163427658097, 19.044793097068247, 16.501821576617, 10.810430533257065, -0.873301921795136, -0.3043616046010044, -0.3804047410766909, -0.09195147653811876, -0.6638209625180433, 0.7422173911220878, 0.4784231174926461, -0.6831586516807938, -0.5517296233503304
88, -26.993404516509834, -40.052266331893115, 168.075436435808, 81, 29.37396761363197, 36.80709814801054, 34.48529422076134, 19.96743687885807, 0.2796151279119236, -0.659537115739333, 0.6977292979408563, -0.7539188869527554, -0.6008037850153779, -0.26578397959078365, 0.5944928024280158, -0.4517140742476812, -0.6652313153992713
89, 163.78205978819958, 145.9859498237369, -290.41025192438366, 6, 9.510094387706925, 13.486058446229569, 11.867796931228606, 5.374020737323635, 0.09937624534110823, -0.9921180019380498, 0.07632975889098442, 0.9712733001510017, 0.08004694987100845, -0.22409967030348485, 0.2162233527528565, 0.09640724063471677, 0.9715724912107762
90, 200.86763784250883, 59.92197071819255, -348.3232721407465, 27, 20.866897991482567, 29.730919935647545, 18.429149695188194, 16.5828828961803, 0.9267363412030277, -0.1006120742435229, -0.3619902822038755, -0.21624605699102936, -0.9307287453624988, -0.2949265084589397, -0.3072415934235765, 0.35159808456867786, -0.8842971164705778
91, 11.397113781665716, -322.94099189891944, -237.17236152598218, 272, 49.5639633376773, 68.82032020201275, 43.243295424437115, 40.91312093236516, -0.4125124870172115, -0.5005866429274406, 0.7610824271900581, -0.0452717589187157, 0.8457135069779909, 0.531713392683872, -0.909826310841405, 0.18488287383536292, -0.3715298198840795
93, -195.02797120443876, 178.5554093952855, -216.174500609431, 49, 26.9294763050168, 42.746901001149325, 25.686582096196343, 17.78577393520532, -0.9763697874087397, 0.16087053124374542, 0.14430076372898268, 0.11165113635061888, -0.19620147295867416, 0.9741863301034676, 0.1850298948468276, 0.9672774442662259, 0.1736038128232503
94, -320.3747713754696, -169.9183140449176, -143.19063967320463, 9, 13.386883403339233, 17.778812978235496, 11.856320915325647, 11.381139198974521, -0.7916655511401827, -0.6063531289254397, 0.07484342442886939, -0.5963163742518529, 0.7935329533653459, 0.12129399705836935, 0.13293771826323314, -0.05139391953919513, 0.9897910022309578
95, -147.27441411146577, 300.20753515115695, -110.2666726238527, 32, 21.23196469316367, 29.764369351969684, 21.454131292802117, 14.988664229089766, 0.46584773965464055, 0.4099251937028335, 0.7841857044261624, -0.33666411718262557, -0.7374620927823085, 0.5854971681492417, 0.818317270782125, -0.5367597202443865, -0.20553794555473778
96, 339.40395542627516, -282.0562269825675, 142.49160293066473, 23, 16.546662899849238, 24.125640114244053, 16.707559842586505, 11.23930320131123, 0.6916585678938576, 0.12438572206934431, -0.7114327920501737, -0.22084949116263686, 0.9742982770979637, -0.04436631038461122, 0.6876292080127359, 0.1878059088240499, 0.7013522744659423
97, 5.3575300811231585, -125.49540542496607, 97.79386695098641, 12, 14.403491089536137, 18.689233859323018, 14.692812398786577, 10.881953680771229, 0.6484069861330296, -0.3232275641830078, 0.6892694118312525, -0.24281111574062572, 0.7703010804474063, 0.589643118788264, -0.7215338816761644, -0.5496909924802104, 0.42098535649051755
98, -169.11916497879733, 200.01299859573174, -24.353084806979425, 9, 12.227440274307254, 17.058206568316873, 11.109906409360145, 9.646347009468352, -0.3800136648682028, 0.7077073177577796, -0.5956005094906538, 0.8808173857762446, 0.473455801978947, 0.0005800748008330462, -0.2824010400613635, 0.5243948473855947, 0.8032805839852593
99, 102.0835981216704, -50.340800312378015, 299.6679160531541, 73, 31.108933193735623, 43.203674160058895, 27.680251781379255, 25.174719290015847, -0.4266332316828174, 0.8945398708113304, 0.133351059811027, 0.858075074743924, 0.4469403833412765, -0.2528862587052962, 0.28581681498310124, -0.006535538814911467, 0.9582619866222987
100, 284.1762887900878, -134.70948127529346, -196.85430268629898, 16, 11.827920041770223, 17.209520295364467, 11.612922990264853, 8.279704344072686, 0.3217551219263473, -0.24598376765003563, 0.9143115593531861, -0.40637349004892515, -0.9080743953418183, -0.1012989590768194, 0.8551808160264223, -0.3389585204376555, -0.3921388699467295
101, 264.27765768362633, 304.0534731191292, 298.7403693982038, 35, 20.816145579784127, 29.952020732322893, 18.760922112875114, 16.051685476809183, 0.7432816149363051, 0.668653272479056, 0.0208624567279948, -0.42903693897169437, 0.45253035526792545, 0.7817567285024695, 0.5132832998408162, -0.5900161682226462, 0.6232344465290642
102, 103.37341211234137, -150.8654020868663, 318.95744640970855, 59, 28.424718026877663, 36.808098634882356, 28.407348440694964, 21.9641506181422, -0.6622189492237466, 0.7404747542861465, -0.11473099648250253, 0.11503869959804214, 0.2517692562125739, 0.9609257719621005, 0.740427012529789, 0.623144750351825, -0.251909625114193
103, -166.7345609030337, -86.5942328600591, 118.87056106843814, 26, 19.789579558003087, 28.44148231184237, 17.72371098906733, 15.374564243186633, -0.6675953155762558, -0.589501050970425, 0.4547581835716689, -0.6889738045507894, 0.7206584929443693, -0.07724269020406493, 0.2821907001717978, 0.36488333402872136, 0.8872590158936876
104, -120.66677538634997, -286.6822412228254, -45.39873225721461, 7, 10.408098685674192, 16.725257808222402, 10.487367855035792, 6.427985401026503, 0.35305048858126964, -0.4591042016968584, -0.8152169554767719, -0.7983822371057748, -0.6021140562084469, -0.006668342386948414, 0.4877921237438181, -0.6532089981778433, 0.5791173013414416
105, 179.2851172872843, 189.1563472578613, -165.70402690385413, 44, 24.585156096532852, 31.790197494404385, 22.39640963943919, 20.871193376246733, -0.23310343012414445, 0.4494963561523907, 0.8623316164156809, -0.03230212580064097, -0.8898498435972874, 0.4551085898097756, 0.9719153067696369, 0.07823222900829258, 0.22194673868132567
106, 157.5690308859535, -181.67671767034753, -142.1957625015777, 18, 18.01809641237492, 30.371355019063024, 15.229113196747932, 12.64701216035644, -0.350382174114032, -0.5618016321599048, 0.7494072712254608, -0.9315904986030689, 0.29174323020408616, -0.21685255484446422, 0.0968063787960802, 0.7741219630862779, 0.6255906899018217
107, 186.65272761438888, -179.03939111944774, -73.83672600339833, 28, 18.161502711962733, 29.05076140882746, 15.601741249787063, 13.216752249629028, -0.026555161429176338, 0.7473482018018026, 0.6639017161184949, -0.5569187052476547, -0.5625822557467252, 0.6110178076490095, 0.8301423848634313, -0.3535136076341878, 0.43115165553516804
108, 172.77988971915173, 346.36414716422144, 334.51321179225084, 47, 26.649570083557567, 33.68123202770634, 32.30726051215366, 17.39332127681504, 0.9479830183368163, -0.11531119720875668, -0.29670106966996684, 0.23534756619996874, -0.3737066356202803, 0.8971927739215928, 0.21433553141924577, 0.9203513884879264, 0.3271293347891248
109, 57.26152374024808, 211.35746752133053, 354.2349936233055, 8, 10.979722688551234, 18.86146121601526, 10.575706172898904, 6.635740639188857, 0.6158584904546982, -0.7612824266297318, 0.20289747814994583, -0.6914169295261531, -0.3987800874861408, 0.6024259883082506, 0.3777048441567664, 0.5112959111212342, 0.7719556606251552
110, 158.46119930470746, 284.86516608790026, 327.29046664008257, 169, 41.65523798681402, 57.12231387556345, 42.2840442643933, 29.924475708393352, 0.7798452668097504, -0.48972873881734624, 0.3898809077279891, -0.48193276609679175, -0.867199966134141, -0.12531970195958708, -0.39947736956769464, 0.0901664078984851, 0.9122981147026227
111, -111.24031893583269, -107.04177072694806, -321.28551816134166, 10, 12.564613116275426, 16.82351780267803, 12.983311608709897, 9.081238234134958, 0.7285170821211574, 0.6635967592524521, -0.17000647683931916, -0.1605808066514578, 0.4066923708541638, 0.8993414924399887, 0.6659404369707863, -0.6278858627160374, 0.4028432422276629
112, 345.8708116071606, -162.15542188415904, -218.2130856805564, 40, 22.936848841742382, 31.564622219003404, 23.746777983280715, 16.098891365118835, 0.08019641261161606, -0.4531001010683599, 0.8878450505668596, 0.7230009864549451, -0.5867201385095739, -0.36473148020493473, 0.6861764415872962, 0.6711630036579403, 0.2805389697198011
113, -15.374073869734357, 13.731389171423098, 233.1718564343133, 28, 18.75600931890502, 24.569652079227367, 17.56525792890791, 15.288602227356312, 0.3580733019286248, 0.4152112364031533, -0.8362913006904332, -0.5447111095206689, 0.8203587215447113, 0.17407290182647206, 0.7583358870650209, 0.39320630354826897, 0.5199187294560705
114, -337.6938506997636, 165.9226078786466, 354.75989179205806, 14, 14.153447262254005, 21.069431007571627, 16.522608695562834, 8.14432822771786, -0.9431425144975799, -0.3072423627887713, -0.1268240034660452, -0.31332255808296244, 0.9491517518545874, 0.03065822153544624, -0.11095572064355678, -0.06865189334126934, 0.9914513329443498
115, 138.415208393003, 74.56330864981098, 30.907738615048135, 6, 8.140563841732689, 11.566356389085657, 7.804737365784708, 5.9759725845800835, 0.312026400334879, 0.46936224039579055, -0.8260379003318806, 0.49970377511950476, 0.6583934282464419, 0.5628625327495274, 0.8080443444671667, -0.5884022271648381, -0.029105952004446926
116, 48.442183190071134, -223.29167900149153, 211.20450915320518, 29, 20.330987704357028, 24.11518663298249, 20.152107529866832, 17.29276078836433, 0.12193392832157243, -0.8134119691809024, 0.5687645255440216, 0.7369386370250458, -0.30966776370275695, -0.6008554912647478, 0.6648710870414938, 0.49240922464610754, 0.5616757010051988
117, -29.780797435373604, -128.82843859346008, -52.16982763295968, 21, 18.85281711886017, 26.342828966468606, 23.409332092325982, 10.86619086506496, -0.7556127691855519, -0.1603173500762805, -0.6350965991943754, 0.05775937223374683, -0.9821164647071915, 0.17919571610451898, 0.6524670090992377, -0.09871979039466874, -0.7513595710587094
118, 352.2318838024224, 250.73779168382748, 238.28269724080883, 10, 7.54743309066868, 13.267425955157073, 6.965499629685799, 4.652205269103022, 0.46828642543532134, 0.7693118409400767, -0.43458844340640207, 0.755418878801662, -0.6037125783089806, -0.2547026508334039, 0.4583122748771294, 0.2090225207505479, 0.8638630936184493
119, -220.4439033087042, 295.72500350836617, -301.8799137509735, 15, 17.387601009598146, 23.293064511406392, 18.074246262466144, 12.486254225027414, -0.8925267756728096, 0.001662191739884962, 0.45099134340441394, 0.39979341636930543, -0.4598651443734402, 0.7928992831489723, -0.2087131498848536, -0.8879872105548674, -0.4097774212375887
120, -93.14715764273299, -340.25563643110206, -239.77515655011757, 32, 21.467520935225753, 28.512139541716426, 20.53911294926586, 16.89406630097995, 0.6341218781191628, 0.3061892574427785, 0.7100264659273383, 0.6738578961016091, 0.2315084498487534, -0.7016547395337257, 0.3792162701574647, -0.9233915617305949, 0.05952347581075629
