# Void_ID, X_c, Y_c, Z_c, N_particles, R=(abc)^(-1/3), a, b, c, vector_a, vector_b, vector_c 

0, -280.18129244318715, 227.3975253465522, -199.64557070831077, 283, 51.607516059922524, 71.28889288783456, 57.521318078062514, 33.51877743617355, -0.5525995038907879, 0.7264805030249569, -0.4084848430777582, 0.4228376212299924, 0.6667281957262634, 0.6137441316185134, -0.7182215078735925, -0.16643194329276714, 0.6756169579573743
1, -228.68611734083692, 311.8101969886627, 104.31248887242569, 43, 25.149608145671472, 29.50308704547109, 27.831786808935945, 19.37247541972165, -0.0043199474771966305, 0.9994749685686446, 0.03211113916542494, 0.8458613780161889, -0.013475702527275502, 0.5332325333491482, 0.5333852896681236, 0.029465108961337264, -0.8453590598790247
2, 224.5723641396635, 114.00765692290669, 23.977996208591435, 13, 10.667788060322275, 14.636908014755011, 10.914987524826929, 7.598896851747841, -0.11123377399441742, 0.9935053317154626, 0.02396254109871492, 0.5847071342580785, 0.04592917743946969, 0.8099432559182397, 0.8035823633397288, 0.10410411381248304, -0.5860185311205216
3, -217.65805266787197, 123.69988528816086, -95.16092029420587, 229, 47.04051443790407, 80.62819971044257, 36.2974275567359, 35.56750307213413, -0.2616399910745195, 0.4139774628550032, -0.8718756650570422, 0.22319524195249804, 0.9048087670197243, 0.36263615249173936, 0.9390039398427932, -0.09971838031367161, -0.32913195771199444
4, -349.8843594278389, -197.9898017307888, -271.0089091894319, 17, 17.4280600502179, 20.64479147258716, 18.29021136269736, 14.019028487009958, 0.804677406313609, -0.2292231211417323, -0.5476778546759453, -0.1343142775457358, -0.96883100353381, 0.20814937290089908, 0.5783199344789784, 0.0939321421331019, 0.8103843569927278
5, -355.71082892061105, 159.0997919289061, 125.1337282852949, 5, 7.239790285400644, 15.816501875759124, 7.6670376171194174, 3.129247596555023, -0.08608743728477797, -0.8017137196260578, -0.5914761744187931, 0.17780677751788154, -0.5965123097942695, 0.7826607273478157, -0.9802926619180857, -0.037791216271196186, 0.19390234903759554
6, -192.77468254606708, 66.05010707118878, -299.8400035579256, 115, 36.12299651955562, 47.61311385841337, 43.06260893452912, 22.98922786930961, -0.76524183697282, -0.468656248188763, -0.44132329643935264, 0.1669750502456139, -0.8065989898724707, 0.5670250454187935, 0.6217107555302052, -0.3602213077683535, -0.6954971932996702
7, 100.59775158362297, -147.21758722733662, 154.37062620709645, 8, 11.179952503122184, 13.802137988572332, 11.229012934823439, 9.016374215995617, 0.9100148414737146, 0.38732474571876696, -0.14782601141701185, -0.31672733145124177, 0.8796082004188537, 0.35492705062826785, 0.2675010015109207, -0.27616834559702574, 0.9231328501796783
8, 75.97510835243602, -231.56433665110922, 335.2802586913674, 16, 13.460670383972031, 16.526561555413622, 13.253323408824292, 11.135065285197186, 0.9009874286712906, 0.31202203819668917, 0.3014363963689185, 0.2707279195339924, -0.9472834227085155, 0.1713490900076102, 0.33901039358859275, -0.0727761275503423, -0.93796353249883
9, 287.80890271962204, 346.5975689097122, -105.27638956010611, 54, 29.244884787064137, 40.086897984846566, 32.26446049228374, 19.33850450379517, -0.957953194846581, -0.28662231979243447, -0.013165191986136207, -0.06655625184037542, 0.1773446284338619, 0.9818956910520669, -0.27909844468249695, 0.9414863400827752, -0.18896436069627567
10, -100.08901640162878, 331.11550140304075, 336.3744110894324, 18, 18.828189076845497, 28.579524146671528, 15.753040967565367, 14.825394440928703, 0.02294282986637375, -0.9821184420407827, 0.18686089040007406, -0.5330352902787787, 0.14610980705670445, 0.8333818474140593, -0.845781890250167, -0.11872358689509876, -0.5201516163962352
11, -185.18706043956286, 23.564764852808178, 160.39364355669613, 38, 23.061653084474802, 34.99184935421819, 19.257734892923, 18.20116574732178, -0.4877185830129579, 0.2434924337382561, 0.8383567370135778, 0.26104626633130484, -0.875701547210138, 0.40620394760299383, 0.8330578795127728, 0.4169631097902941, 0.3635331270402876
12, -71.06127779700681, 309.5743915464819, 201.7030958644899, 27, 18.45484830303843, 28.35893743235077, 17.043298650854492, 13.00432546964681, -0.7898603212526388, 0.5620438888788358, 0.245412591128966, 0.604910333695262, 0.779888231864878, 0.16080371260440773, 0.10101564779461104, -0.27546508448917667, 0.9559889257350244
13, -147.69758921107325, 6.653766647685133, -55.8270322093049, 412, 63.830867972501586, 113.02849161358874, 62.487882904119495, 36.82209610357701, 0.5987879075976912, 0.7239435171539449, 0.34257674422755946, 0.7379093188291816, -0.33238878043200343, -0.5873734211112881, 0.31135651414388615, -0.6045026737854027, 0.7332350499576974
14, 163.1271447717583, 175.10134157922468, -168.4404989658105, 7, 12.274179148250111, 19.42898815521231, 14.558779791994656, 6.537357157616089, 0.5313041597728558, -0.8386906207252778, 0.1196408480223536, -0.08890772590345124, 0.08524335055489717, 0.9923855034515829, 0.84250300063723, 0.5378955418049336, 0.02927592908244567
15, 149.62935469667278, 36.5648009498914, -256.35872275239865, 30, 17.601358628241073, 24.813835654406997, 19.959587881863012, 11.010146659140483, 0.5559198475612299, 0.6619055653562663, 0.5028261584662238, 0.7094526266894151, -0.06259342665575297, -0.7019679717928592, -0.43316289496099436, 0.7469692667639631, -0.5043875701671463
16, 94.17569242415807, 180.88314533277688, 200.77946326257333, 38, 22.01580883855326, 26.631621695065885, 23.22581455682948, 17.251837936483458, -0.7719310833572249, -0.6350008669674904, 0.029938294832481848, -0.6068704789069785, 0.7501215127344593, 0.2627278781632834, 0.18928978941864494, -0.18463914829608022, 0.9644053922175794
17, -92.47529011145845, -107.28350798742635, -25.243078541880276, 7, 7.877977593599179, 15.004993793173682, 6.516332513159902, 5.000404835094925, -0.698159252004171, -0.6122514708309332, -0.37110887257829805, -0.07217276799747797, -0.4555227580308546, 0.8872936991073167, -0.7122954095040617, 0.6462562598391774, 0.2738395446573022
18, 229.28050140517618, 194.200140600938, 306.262063484534, 157, 40.1813941592076, 69.87373301142655, 39.55104250078445, 23.474866022910525, -0.807908657552669, -0.3189252091087504, 0.4955505141218039, -0.5807184576961211, 0.28780902511713835, -0.76153269000888, -0.10024806203853821, 0.9030241835388809, 0.4177291586679759
19, 64.03403624910742, 1.030822007210835, -17.995129965067925, 7, 11.336938082134779, 16.936004811328452, 14.188743057249408, 6.063626349678565, 0.10984699018977376, 0.9933273591730076, -0.03513397592966517, -0.9360535926730214, 0.11527176203896371, 0.3324396073279505, 0.3342713125444317, -0.0036302058909953518, 0.9424698993681505
20, -287.5662845309177, 186.71290110671842, 261.7309692313298, 180, 43.5700796597201, 57.583026601193836, 41.731168524272015, 34.41993360742244, -0.4546436837229957, -0.889857380133675, 0.03811776321371835, -0.8597784396951503, 0.4272972547084183, -0.27963921533651526, -0.23255140396514043, 0.15990903395456088, 0.9593481877679038
22, 53.38885265917488, -164.34285982362468, 331.48989245267353, 36, 20.57819102840826, 41.45819894714876, 14.79723749134881, 14.204649043550123, -0.07112293135253858, 0.8895621590688935, 0.4512434972257339, 0.9195298790483396, -0.11683360433731328, 0.3752528619942797, -0.38653115032709556, -0.4416209619687885, 0.8096694361136365
23, 349.44618661059775, 43.64557012019425, -192.03750389808246, 23, 16.901684098912703, 24.515566574508966, 14.534467571975638, 13.55029901487901, 0.07654567755575406, -0.7098849528121787, -0.7001457798333011, -0.9096340047024593, -0.3372720949091872, 0.2425149716708941, 0.4082973631270434, -0.6183129367613294, 0.6715522135300305
24, 132.83778759281662, 75.6714782521444, 293.131159072194, 9, 13.273332206433365, 19.674769553311307, 13.753513828905087, 8.642045919110476, 0.2209121385103086, 0.9668375407993134, 0.12815224055762073, -0.351110835579862, -0.04374839980159611, 0.9353113164359828, 0.9099005485201188, -0.2516172633503823, 0.3298025842634516
25, 340.89687008682256, 51.478686412309834, -269.7435383363779, 49, 27.286085551212587, 33.519639813400424, 28.878091105505458, 20.98726682054935, -0.6964445614243314, -0.7168143437513508, -0.03379599761496737, -0.703550865741135, 0.6913186841984424, -0.16460454487356543, -0.1413547034143874, 0.09086073668232679, 0.9857804899429566
26, -24.153146836091643, 1.4728268013201682, 67.55516507709764, 7, 11.85727814079035, 15.001022007233134, 13.409100380038522, 8.2877097346102, -0.03763241518183235, 0.6163072567560827, 0.7866061063819516, -0.35181058183224173, -0.7449386256996605, 0.5668295673759096, 0.9353144475728158, -0.25540518634220005, 0.24485725423410346
27, 110.85960588253333, 258.97603195237264, 115.6020353227575, 48, 24.185100104005354, 29.877854959406157, 21.931825995350792, 21.5883505587412, -0.4483356699994197, 0.12946315882589224, 0.8844401718109559, -0.12880528905247937, -0.9884861358027802, 0.0793999800868668, 0.8845362200149163, -0.07832272870955558, 0.4598491335744941
28, 153.0015095503394, -106.91568779655123, 287.12359097446483, 59, 29.523445885293803, 44.85658637712177, 27.13065710752712, 21.145336656120598, 0.7179876848550264, -0.6748437547412006, -0.17052739100601316, -0.5498798655322233, -0.7001280782865912, 0.45546987548792833, 0.42676201550604614, 0.23325218258683694, 0.8737663311433407
29, 148.72466644707103, 200.42731850482315, -329.3401557036598, 9, 10.452057302169946, 20.18686866619329, 9.365452676796728, 6.039592189429898, -0.18864339583659043, 0.6454632650223469, -0.7401289365468231, 0.9781898124806636, 0.056781421293585446, -0.1998013036867492, 0.08693882887573166, 0.761677782072296, 0.6420970303086163
30, -250.39084267474473, -79.72857672356194, -174.45583188072877, 6, 11.413973489121746, 15.12752534225722, 13.025775353477334, 7.546387558028719, 0.6174308001566781, 0.5149667482731637, 0.594633042464719, 0.5547095260490031, -0.8210124729033272, 0.13504022011109754, -0.5577423677006923, -0.24647062200215192, 0.7925753489489175
31, 177.70156325289202, 341.2196369866445, -336.7668453816434, 27, 24.255248853830818, 36.142815080555444, 20.323299032421875, 19.42678891103832, -0.8485061105299686, 0.08390968677070085, -0.5224907127015253, -0.21952478123215718, 0.8425723347027219, 0.4918137159723974, 0.481504154518192, 0.5320066026466646, -0.696507518927165
32, -219.22835017366313, -322.53827026947283, 251.4086978246822, 27, 15.777313248115428, 20.40250816182303, 15.732476856766189, 12.235408763060923, 0.5775673181117392, 0.7409809991092609, 0.3425830585540602, -0.5022063040742394, -0.008335233518437032, 0.8647076685390767, 0.6435874619640332, -0.6714742607436524, 0.36731117048282064
33, -118.89910898362271, 305.0437797751846, -39.62662822342827, 5, 2.64807648118723, 4.161997081710756, 2.7121262237010653, 1.645053032648142, -0.6852083978166679, 0.7002405734868276, 0.2003811138913898, 0.7180433369175562, 0.60333455717183, 0.3469887295440192, -0.1220787363541098, -0.38164191510512874, 0.9162129832986835
34, -87.87960244300108, 244.3843715248212, -277.52903929260714, 11, 11.105757247971454, 15.521378463500618, 10.271419656574208, 8.591792245239576, -0.04894527512345873, 0.9687921694219118, 0.24299401743638618, 0.4927605661768763, -0.18819534465039361, 0.8495702070299805, 0.8687873068042219, 0.16132031712932365, -0.4681713049911978
35, -310.31830471680377, 175.36328683925467, -346.88713691316684, 9, 9.921894375065651, 13.157744127571547, 9.292731579593001, 7.988384655374514, -0.5624983574213848, -0.6986648635032994, -0.44211198400875745, -0.8143835304938734, 0.3758704011997036, 0.4421548447798671, 0.14274124547087874, -0.6087600923252852, 0.7804076414499879
36, -136.33701998674462, -342.44880080921183, -119.95568913477146, 35, 25.789834580246335, 34.02021978947681, 23.98899000808539, 21.018251815884277, 0.022032013795899887, -0.20311193284480658, 0.9789076223547063, 0.9143447551342503, -0.39190696391138835, -0.10189504598480467, 0.4043368139640337, 0.8973040033198357, 0.17707983086622409
37, -192.619229313343, -119.23167989243603, -46.05206847070077, 44, 24.793162469978363, 36.20624217886942, 21.924260838566745, 19.199387174794275, -0.8767359280894439, -0.42356520624731464, 0.22787415047304332, -0.44531540969097994, 0.5358348958624293, -0.7173389368128947, -0.18173689303191973, 0.7303926891972347, 0.658405818077526
38, -328.96919425332027, 219.97880377391692, 243.74018460164018, 22, 19.828748830737222, 31.237123132881848, 18.310668775044018, 13.63046583978371, -0.7504002662441519, 0.5965274568268178, -0.284700603568793, -0.15828398505518362, 0.25601733182211217, 0.9536253488040978, 0.6417519929815229, 0.7606642617202515, -0.09769473090104742
39, -316.23563596054083, 214.98637012870964, 66.46616582398238, 14, 13.373958861727367, 19.338031203215355, 11.620868274117525, 10.644594304662569, -0.6840332257907468, -0.321143825367057, 0.654954341494824, -0.7291842675805102, 0.2767662194682133, -0.6258520301751426, -0.01971927806436683, 0.9056859848699683, 0.4234903149810342
40, -283.86211275745615, 137.4387421242359, 241.55459079247927, 87, 33.91986416798756, 48.12415757489074, 30.41806849073796, 26.660453941961478, -0.8614649883042601, -0.30001257287705674, 0.409720063020631, -0.4998084788795926, 0.35819337091622444, -0.7885993871870178, -0.08983072061387867, 0.8841323233246023, 0.4585198757814454
41, -31.996227013395394, 148.1103630145567, -112.42781039533052, 78, 28.15042341317242, 38.526589990451924, 28.521353846630564, 20.301311114303306, -0.06509781995275568, -0.19703969689058015, -0.9782318905487937, -0.9978762956374253, 0.010619824990653365, 0.0642659935121013, 0.002274300404092242, -0.9803379912899614, 0.19731257028186472
42, 34.39559620723364, 197.8254967791809, 172.18783002009488, 13, 16.404613594293153, 32.2063653700692, 13.263648586069065, 10.33459098292526, -0.41182337734784713, -0.4701103128561198, -0.7806393531049622, -0.8966909822501654, 0.36164738174678424, 0.25525762207411007, -0.1623169375667444, -0.8051133243351623, 0.570478524360854
43, 129.78656085228428, 342.39601158918106, 306.45897751593446, 10, 13.665395254820005, 18.0517979959221, 12.825639745259036, 11.022169640853207, -0.16749699234570628, -0.7657373506530144, -0.6209597952927749, -0.21406760866308053, -0.5865820673347522, 0.7810867667567788, -0.962351191861065, 0.26375706264703336, -0.06566883147579622
44, -56.550856280031255, -25.06584167724264, -239.69627614297727, 11, 14.916292999875846, 21.558863469615176, 15.732014752489741, 9.78526315462774, 0.686407375709816, 0.7073614989981045, -0.16877388514316458, -0.325664485625365, 0.5065055482112063, 0.7983700723559418, 0.650221160355098, -0.49304344571895525, 0.5780316628525202
46, -324.0487673246042, 195.22096986612178, -201.58462985147085, 144, 38.22447188938222, 64.19067648248401, 33.06951553605108, 26.310233142378635, -0.5298541153622064, 0.4702682506852101, 0.7057636919190489, 0.781680194348485, -0.052013782488871375, 0.6215067499187078, -0.3289843312333424, -0.8809894090332031, 0.3400396608842533
47, -80.8707405167039, 101.13758492817894, 201.06724405202905, 7, 9.76985686176926, 18.82215545930675, 9.022969271105861, 5.49092824371883, -0.5693657217582525, -0.7489259498726442, -0.339017103542081, -0.27994051006525195, -0.2111115950145406, 0.936517594749198, -0.7729527706859656, 0.6281256371600942, -0.0894550067414603
48, -310.77447144653905, 351.0091419548696, 61.051306143545546, 31, 21.490786035801133, 30.345883912446034, 21.55480570121712, 15.174451308725528, -0.002486838265805349, -0.10652004090447297, 0.9943074456731927, -0.9997872233822488, 0.02062579297889236, -0.0002909048043742632, 0.020477392340165334, 0.9940966037310967, 0.10654866894168927
49, 273.7410307020209, -327.91228566648846, -24.544096099211977, 149, 40.10488695448135, 46.43008174945754, 40.52528291455856, 34.2820185663572, 0.8072327702311721, 0.4537458864589825, 0.3774783771111395, 0.2494774992722688, -0.8419021326469412, 0.4784995051213609, 0.534917032839451, -0.2920881195223181, -0.7928103798589884
50, 247.6458248613136, 344.2241912704494, -22.761045629807608, 151, 39.116081472405, 65.14174664186663, 43.11969909359019, 21.307421909757483, -0.9942645928582794, -0.10585256394521038, -0.015269384224158838, -0.021240424690021333, 0.05551319692136813, 0.9982320017543802, -0.10481776446455712, 0.9928310630081002, -0.057443159548009506
51, 100.65910095960426, 210.0015355119168, 145.29112982460893, 12, 9.109976521024006, 14.567676500731901, 8.057988756154229, 6.440726050696863, -0.6383498948030931, -0.6998040057206777, 0.3205990726470896, -0.7406805580307351, 0.671805301872712, -0.008363452097860801, 0.20952737950005365, 0.24280030879924244, 0.947178065247941
52, -28.084102859338987, 166.02720985583414, -259.90897286271905, 61, 27.761647353065857, 37.30905346658216, 29.604752927991413, 19.371356227777774, 0.8817681116632332, 0.46311240273432047, 0.08950921565682628, -0.2636844972274543, 0.32663316996729697, 0.9076239629929453, 0.3910952354296333, -0.8239160604762839, 0.41013027456343715
53, -91.32408011761528, 120.6600512741967, 88.25378135739342, 11, 14.754628776314243, 18.547893580902276, 13.545300322696692, 12.785026355410059, 0.1776215834101276, 0.30948437816509333, 0.9341680752298511, 0.7878729814405017, 0.5240716554576038, -0.32342706297089824, 0.5896666331266562, -0.7934534136404597, 0.1507479424714475
54, -175.63615265826783, 324.87438732607245, -17.831743207082383, 67, 31.09971588644501, 44.185563259300274, 33.12463405602188, 20.551228115339732, 0.4806009319704602, 0.4795350142458707, -0.7342131259391496, 0.5121888661166295, 0.5261024554518041, 0.6788805283654437, 0.7118183122224986, -0.7023264030917497, 0.0072328351922700766
55, 21.711763005748526, 293.77275128360225, 339.3052569396194, 80, 29.569639571002526, 46.74208080167238, 27.816533732032184, 19.88506614641558, -0.6989877572074696, -0.6605825879588264, 0.2739466367008195, -0.12891901608410566, 0.493190910877079, 0.8603154146707725, -0.703417374370279, 0.5660330113287184, -0.42989606595102214
56, 189.49435831125865, -111.492618523053, -82.23103351840128, 57, 25.56505361734542, 45.80297664254243, 21.78609503118669, 16.744301184507357, 0.04402310899127299, -0.17150899755140897, 0.9841984706519581, 0.5860018200616024, -0.7934409600335136, -0.16447890389221845, 0.8091129913425148, 0.5839829678167049, 0.06557484686037092
57, 350.7945890511884, 191.40299316173315, -55.68704873760363, 40, 23.913361465299936, 37.24618868442954, 23.67169965794348, 15.509957387828685, -0.014864991480238291, -0.4560905536385288, 0.8898092148938406, 0.375928910787281, -0.8271657745835442, -0.4177011316622135, 0.9265292688644977, 0.3282958852000827, 0.1837534372416293
58, -163.1452332107649, -87.43605069646934, 71.67496067936634, 34, 21.942548873170203, 29.720836506471493, 21.59658270495441, 16.459443882169133, 0.7073410130402237, 0.23054332603307293, 0.6682203724018285, 0.555299708884878, -0.7661633856112025, -0.32347472831915275, -0.43739104309942095, -0.5998695202878612, 0.6699594271640721
59, 201.36555526092351, 174.7635248115216, -323.2072559502699, 33, 17.671304268391857, 23.566029705596208, 16.181320109124513, 14.471229928066371, -0.9845236099026291, 0.16750171868611366, 0.05154062263393661, 0.15890847896176544, 0.7292158843667941, 0.6655766592220707, -0.0739009936222371, -0.6634661771517452, 0.7445476982150272
60, 303.4322517756167, -44.36812114975176, 274.7441052738671, 11, 11.318329846866433, 15.25401680734683, 11.44276962532139, 8.306760017437044, 0.5917760178146974, -0.4613215566537227, -0.6610473251636112, 0.43253168957294025, -0.5102880177530724, 0.7433185565104761, -0.6802334027777209, -0.7258020117802279, -0.10244001874861541
61, 120.1486592350236, -303.46836071818797, -113.29098711988597, 7, 13.214502047063599, 16.464358830839412, 12.850716642376812, 10.906370259745325, 0.36666682212046275, 0.561689395890691, 0.741660612477184, 0.6423356422123889, -0.7295266253054081, 0.23493791885113105, 0.6730233014537292, 0.39025110571842675, -0.6282863281863357
62, 115.63964111409167, -65.61671909375444, 80.79877781340012, 38, 21.065563695736106, 26.905694447239604, 21.06530508561094, 16.493290018001645, 0.2991571433985035, 0.9325439837066866, 0.20215519287446085, 0.445316911870349, -0.32381557353287793, 0.8347672264408978, 0.84391815453627, -0.15970345265534094, -0.5121493489735779
63, 59.01757912393037, -187.6072093517246, 118.81502979400031, 9, 10.563346733744925, 17.15009012944524, 9.611229576340996, 7.150876020055873, -0.7577640880329565, -0.5497340748656447, 0.351548053357141, -0.17506074647349096, 0.6902653487434167, 0.7020594585704786, -0.6286074466085536, 0.4704531807265659, -0.6192951499991998
64, 237.1893763443718, 340.920844858695, -199.55680225714616, 63, 29.961785623584674, 38.37209556550291, 31.402405397217404, 22.321565165073878, -0.8520590151218537, 0.5202757495526922, -0.05752025014689324, -0.09452439949545793, -0.044852771773600905, 0.9945116222368888, 0.5148403370459619, 0.8528196604743641, 0.08739596134141715
65, -149.62623905071507, -145.5408995849233, 350.7381083646691, 18, 16.759005323165447, 28.52419145244818, 15.520499360441406, 10.632262337663184, -0.21875574957046984, 0.9756975665489258, -0.012656249853987299, 0.9556784415129431, 0.21685044496350844, 0.19913463020409206, -0.19703968751815862, -0.031466540159877404, 0.9798904114201307
66, 334.06017205916896, -300.71283333723864, 231.11642094631983, 8, 15.015757318686738, 23.78048764453217, 12.565630819342658, 11.33017636534085, 0.2968798785289117, 0.7856592902415974, 0.5427723439728004, 0.6345025920337249, -0.5870781822293031, 0.502738171072002, 0.7136307157256762, 0.1951376119752604, -0.6727945555408812
67, 267.4431899718305, 231.2661483218876, 257.4287507945646, 5, 6.709289954013504, 13.66227927819435, 5.60248662251829, 3.9457148500085903, -0.09155331411876937, 0.8663593754308654, -0.4909576593525258, 0.23142513645300825, 0.4980405415878438, 0.8357021150820391, 0.9685351810293604, -0.03710864505648247, -0.24609459882430568
69, 176.98603202680238, -159.48375303262412, -344.36569551619385, 27, 17.742998880611164, 24.878296065214105, 17.697191725215163, 12.686916679647261, 0.7662560899252685, -0.14890804149537068, -0.6250423984262601, 0.5710279481295019, 0.6038044504212119, 0.5561899568551638, -0.29458222469702805, 0.7831006198628301, -0.5476994906543193
70, 162.57437933429827, 272.85592618880145, 326.1244305332022, 213, 44.19583459422817, 58.27185480487634, 50.61905419884997, 29.266524420430343, 0.899322434461849, -0.19069877269782937, 0.3935138332576825, 0.0765830520378869, 0.9546774449723571, 0.2876212999790078, 0.4305278098034735, 0.2285277973302015, -0.8731671379714371
71, 288.74152727468794, -53.668870367455526, -133.0661984362706, 130, 39.01748414408379, 50.39453956663136, 38.640341483120984, 30.50375824068977, -0.35697458891969763, -0.6695624887076298, -0.6513487672370754, 0.15526693824571175, -0.7301215360577512, 0.6654432511285033, -0.9211196017637532, 0.1364134022019654, 0.36459575278144635
72, 133.27650811522227, -50.07699425826237, -296.2090980088802, 15, 13.273857405314386, 16.456628370060194, 14.599819972986799, 9.73426312203175, 0.34095762898891036, 0.8802727514646603, -0.32995117557465525, 0.9140548623107291, -0.39244042304282567, -0.10244131514229014, -0.21966247726995786, -0.2666653284377335, -0.9384231447960035
73, 57.675179031855556, -14.588847265919595, -318.87361183489077, 7, 6.389195622321396, 8.695109128392609, 6.529835925032128, 4.593685413450877, 0.8640077280250494, -0.4221222071494124, 0.27441481035888127, -0.43047840083977573, -0.33669873756577046, 0.8374498829972131, 0.26111107277061507, 0.8416928194733072, 0.472624803965739
74, -49.366640061049864, 203.55436694569224, -124.52221225828639, 14, 13.035915708332407, 16.27894949181377, 14.154257573717004, 9.614155909487875, 0.39673435532894136, 0.83365962997725, -0.38420498779678025, 0.5172816223916927, -0.5488117285496453, -0.6566775538589458, -0.7583017700345602, 0.06178436657071593, -0.648969273240196
75, -205.33951578451902, 283.38599809555706, 349.5469170520329, 71, 28.79199467056586, 49.6183023781887, 30.977461373566108, 15.528429484697721, -0.8783892326765338, 0.4699479177866181, -0.08707072117510203, 0.4556812342794727, 0.8784111004621102, 0.14404357434637877, -0.144176865840073, -0.0868498310474255, 0.9857332997335371
76, -344.583941186448, -190.2374451346117, 236.48211406967715, 8, 13.643836367513364, 19.23028914436594, 13.198350200539918, 10.007003340103967, 0.6996836257418385, -0.20347634884611004, -0.6848650957152154, -0.5838649418231667, 0.38961130147513745, -0.7122533000784759, -0.4117578822300605, -0.8982206907119795, -0.15380194146469617
77, -47.11181843494998, 63.39767772955739, 120.25237326423269, 6, 11.492663461839001, 17.41157696409267, 11.031919511596767, 7.902652349241721, 0.8912403895339273, -0.436975272396612, 0.12142149470880428, 0.2006418274934558, 0.6199912065027962, 0.7585207715806426, -0.40673507977982426, -0.6516621173377459, 0.6402367216142679
78, -171.18088813916233, -243.1087577190795, -344.6883638487117, 8, 8.744354037718605, 13.434574704075134, 8.967225937436952, 5.550104541400654, 0.36507394008257266, 0.4135140589270789, -0.8341025964125987, -0.5283854756821927, 0.8296908725458543, 0.18006067061466227, 0.7665049297693324, 0.37499223869801823, 0.5213933386183214
79, -4.330649786050757, -277.87845883034356, -213.2553560365244, 82, 30.24361132124944, 42.4681513156828, 30.219951116095107, 21.554791712933238, 0.5013249008476356, 0.8488650420333995, 0.16763497309256006, 0.6791551379025873, -0.2660003299116206, -0.6840994979879947, 0.5361171909672597, -0.4568062662667229, 0.709863643701261
80, 309.0502334321368, -246.84076517475887, 146.01045883026413, 28, 20.402753618205505, 27.182229760715916, 20.577982114572222, 15.183730641760969, 0.930365461309379, -0.31041370168967797, 0.19509854485848488, 0.22266405943491813, 0.9011464582854514, 0.3719620644038189, -0.2912744840155926, -0.3026192236506113, 0.9075135152925005
81, -64.9312022517311, -21.402806832524288, 177.41040839741396, 31, 17.415998832907, 25.63769711448596, 16.685625663372644, 12.348768590276896, -0.5017784738741342, 0.18157606762876893, 0.8457236515677079, 0.23839036100565267, -0.9108267268159903, 0.3369936342088141, 0.8314976842638466, 0.37070851808684135, 0.41374726063349176
82, 181.10467551343217, -208.5526149468864, -337.19717614659095, 24, 15.369879761361462, 17.007931478917893, 15.633055167120204, 13.655765554771238, 0.056104482218051616, 0.941254994823465, 0.33300348616031533, 0.9521027847876913, -0.15085060784227605, 0.26597815946641007, 0.3005870494125912, 0.302130979599073, -0.904634897012014
83, -83.59209733685402, -60.85023199382385, -237.19669643940836, 6, 11.978630948075972, 18.79539027568338, 10.93715914229001, 8.361143460932716, -0.9438200321911329, -0.09329007016615488, -0.3170184689306335, -0.319055355205081, 0.5070994385994647, 0.8006583788901903, -0.08606641127460053, -0.8568238571494735, 0.5083753049370219
84, -14.648970531761243, 80.31812096573825, -163.647089755472, 9, 13.56713295834557, 17.052475633388237, 13.563886661124148, 10.796740259574735, -0.19567866311664922, 0.9587061564331573, 0.20637918116429205, 0.0069870218919426234, -0.2090792561870569, 0.9778737373287762, 0.9806431778817218, 0.1927910014742122, 0.03421384843316806
85, 262.6917013173226, 144.98389802045492, -98.12127875688202, 11, 17.51284807705968, 23.745131587421067, 16.621369946473248, 13.60908555037714, 0.6525549687096003, -0.7571515110386315, 0.029893178893015352, -0.6246014008196933, -0.5598134902425301, -0.5445015576070955, -0.4290047819156436, -0.3366458754750954, 0.8382269690359035
86, -316.0403724987136, 163.42315396365987, -216.91465672071882, 7, 10.70446411032446, 15.412608879695936, 9.899920287507339, 8.038720630091754, 0.24967882653834247, 0.38135434467111257, -0.8900726641004669, -0.498911459038545, 0.8384518062218658, 0.21928503068682362, 0.8299083320575027, 0.38931662235737846, 0.3996057155969823
87, 180.74685842680228, 207.46899739174282, -111.68521244184876, 9, 11.27995887807185, 16.27820401011748, 11.166891223678475, 7.895575239249706, 0.6468552682598496, 0.26290703887088546, 0.7158618238435549, 0.5983441640549296, 0.4070313005814483, -0.6901519989744159, 0.4728239876168358, -0.8747602010031764, -0.10598144873041071
88, 7.4276528344009405, 140.00984340706134, -328.74124449577965, 9, 14.348166074523188, 18.871373461566595, 16.770349586775787, 9.333479100478012, 0.9076896532633097, -0.3437810482215554, 0.24065345258778498, -0.13523863901806726, 0.3032352818142609, 0.9432703082253605, 0.39725307283301586, 0.8887423444096237, -0.2287510467255005
89, 119.88057584266893, 233.68013203019885, -343.07638152161417, 45, 24.291798276128116, 31.39243706552709, 24.554926284122068, 18.595819884825847, -0.8501365062079352, 0.005065705961514444, -0.5265379942945018, -0.035979489439408235, 0.9970578375832819, 0.06768415511350755, 0.525331702024773, 0.07648533935899947, -0.8474530050161448
90, 99.65736108066903, 68.52900734232996, 229.9589262720901, 104, 31.628031739698216, 52.0129525697351, 25.530611845425945, 23.825595668801498, 0.3826430728878424, 0.185087979595212, 0.9051666799989445, 0.6119763178533895, -0.784751274275046, -0.09823657114485819, 0.6921482970849192, 0.5915301153221678, -0.4135490992728543
91, -101.50639981915457, -202.41348951885905, 337.51310683452544, 88, 29.554721957756, 43.69734698744731, 26.70808993966025, 22.11987832002337, -0.972336091931384, -0.19879199022421598, 0.12265508122494631, -0.1522802871365184, 0.1412945048931709, -0.9781853490196085, -0.17712492336546706, 0.9698028704379511, 0.16765784805098746
92, 4.53929305314405, 74.20450336000809, -285.49586028035117, 55, 26.252875548854636, 42.82253664092349, 23.08953479166777, 18.29966194416149, -0.9263367175537286, 0.09416762348229615, -0.3647365410806545, 0.31586345673153626, 0.7217596651249866, -0.6158678937079544, -0.20525730781969417, 0.6857079877661932, 0.6983365901198716
93, 50.957829665224956, 253.75207010473238, -175.88101032164585, 11, 13.209075875502315, 21.891090489712937, 14.247801886443433, 7.389278591435757, 0.771120507145103, -0.6068228776010187, -0.19271522690306128, -0.45413404926015977, -0.31207339493261105, -0.8344893417400878, -0.4462459285672531, -0.7310103907573772, 0.5162251251555824
94, 301.9590735663201, -321.49271745297307, -113.31718631631617, 9, 13.334600367924123, 16.702671640195366, 12.841996042630887, 11.054052903122566, 0.22595570209707716, 0.765392190417002, 0.6025934081438997, 0.7274345542878398, -0.5440049362691817, 0.4182076022059085, -0.6479066212949718, -0.3438508748911784, 0.6796937442103652
95, -67.84064965759846, 116.03087914358112, 156.4507627781721, 110, 33.477471257774134, 40.250458661133266, 35.92288750381285, 25.948715571702763, 0.6759104924146239, 0.7360454892217054, -0.03717585291827372, -0.6490243694040512, 0.6183808874586454, 0.4431393076060074, -0.3491595253798663, 0.27539447311491183, -0.8956815896367786
96, -7.568732485739479, -90.72465201561539, 339.0752315390139, 13, 14.977219215926583, 19.64853092630011, 15.736879592854859, 10.865378321971141, -0.1091789551081687, 0.46844501514884646, 0.8767207215206478, 0.9270163110699674, -0.270358004836058, 0.2598986499220333, 0.3587766920686439, 0.8411098721351821, -0.4047387654092687
97, 35.18725745967429, -266.6981085492439, -330.0117177708687, 71, 30.723291952420777, 40.58646091344281, 31.187770110544427, 22.910667162440642, -0.693354989284683, -0.06314823317603668, 0.7178239056208577, 0.043829195018234034, 0.9906127616752141, 0.12948111086277952, -0.7192620249242214, 0.12123801818303795, -0.6840785645296582
98, -348.9902871970655, 170.04121075326645, -259.7804689460555, 18, 15.861045469518919, 23.76431522943297, 14.655425276055844, 11.457020768874047, 0.46833530042857274, 0.23479433461666913, 0.8517826405864316, 0.4385817612494914, -0.8986672554599733, 0.006572873293572485, 0.767012441275741, 0.37049802212151584, -0.5238541118787489
99, -174.54569615679884, -322.5345702966695, -351.9431972471448, 6, 12.223794703910691, 18.0236762483091, 11.579024167853738, 8.75190921671494, 0.1932538397658795, 0.9553056371606373, -0.22370537102370225, 0.8066998174822944, -0.2844875130078624, -0.5179790144558313, 0.5584696570895982, 0.08036164851289539, 0.82562318739151
100, -264.8579875502824, 321.44941208665784, 142.92237228482577, 119, 36.27040374888483, 48.473824670534604, 40.998114922586105, 24.009659104892815, -0.09444021521836592, -0.9634403892007133, -0.2507262694778649, 0.9947530851125576, -0.08137323141621532, -0.06200561964799406, 0.03933631157794808, -0.2552665541461732, 0.9660702049674141
101, -219.17141838534883, -350.5741891259937, -244.99334977137065, 8, 11.783304222148224, 14.844600416004193, 12.658686848549998, 8.706510000199275, -0.7620412147061327, 0.3523659923005668, 0.5432599695902862, 0.6135668979745886, 0.6610690796895233, 0.4318834722332953, 0.2069513198775098, -0.6624393401274439, 0.7199619933388661
102, -76.36885812435283, -50.83401313051564, -17.791584190079252, 6, 9.282972660323583, 20.658443552305922, 7.822692788973047, 4.9500244183738475, -0.7829399226296931, 0.433328940718659, -0.44635311882886536, 0.6198963839564803, 0.6037373450418567, -0.5012281829261898, -0.05228336934714882, 0.669124239089762, 0.7413091136309176
103, -271.2920399331884, -262.35184004401066, -339.8106219587073, 44, 20.87501542661422, 36.61680410848405, 20.461825421259604, 12.141031996316242, -0.9454354063549383, -0.2044492605212128, -0.25367773312374503, -0.3234628657778424, 0.6822807540690868, 0.6556407149420357, -0.03903417570870658, -0.7019212722942999, 0.7111841256858121
104, -296.01791981059296, -281.8638282430769, -48.66614230593973, 27, 19.010135341198072, 26.052092117654755, 16.969878611211, 15.539401414363626, 0.6357442161988611, -0.7387357543795078, 0.22382756034732476, 0.4126032178163452, 0.5702916302882066, 0.7102999655573814, -0.652370965185679, -0.3592171232340678, 0.6673643548753154
105, -250.77232294386906, -335.5517643756775, 20.976262408711307, 8, 11.81550160920427, 16.693508865721157, 10.859116097660591, 9.099434068635972, -0.30273739270618955, -0.5904401745394163, 0.7481513692745085, -0.9362243140876307, 0.331187892658131, -0.11746749962356327, 0.178421144398875, 0.735999307096501, 0.6530474065371261
106, -145.58678114517434, 143.3570797751083, -241.34281866959242, 36, 22.819451550237435, 29.209224021055988, 22.4361106016378, 18.13209621505453, -0.22507227370451258, 0.9209462705518608, 0.31812016340700555, 0.963285257510709, 0.16127606660285684, 0.2146428265832283, -0.1463693419811932, -0.35475061254031665, 0.9234327363865019
107, -186.57653762483983, 235.22978143419155, 106.97606253463361, 10, 13.738687715674544, 15.247564209345606, 13.351572913169175, 12.73804718612326, -0.5597321951901061, 0.2685231142101421, 0.7839612278694348, -0.02691770969860994, -0.9514358539312769, 0.3066679845674197, 0.8282362625315594, 0.15054950344969226, 0.5397773063392025
108, -131.19235740028012, -224.25624227887968, 184.33567017544868, 179, 41.32711991408481, 68.18396745620876, 37.67387454489636, 27.477857421674546, -0.01515127095652547, 0.16990703452587685, 0.985343614485335, 0.8707925797416208, -0.4820836370273427, 0.09651761485564239, 0.49141705511239103, 0.8594922725243734, -0.14064960510272842
110, 334.3879847813714, 355.4311961257987, 347.56965569151146, 5, 10.416422152795157, 14.235685147447295, 13.132529781929758, 6.045454391006928, -0.7550535394611807, -0.05137239877721663, 0.6536474808266439, 0.5668767059585725, -0.5520900452262206, 0.6114306029335362, -0.32946161049309114, -0.8322003716689776, -0.4459793589453597
111, -82.45567010510113, 223.3838086234878, -70.75820282238575, 26, 18.837460239807353, 22.572899923972145, 17.53430500263177, 16.888502137199726, -0.5398442639124147, -0.7443311338905457, 0.393114911752375, -0.1682507616006964, 0.5530022620925018, 0.8160148156383935, -0.8247786684569677, 0.3743790341910064, -0.4237693792814207
112, -293.2461293214789, -27.2886091456147, 184.82696261798696, 8, 8.26746443805661, 13.24841189622551, 9.472239265047083, 4.502985255412777, 0.38011293224008197, 0.9249030217854638, -0.008280038403584256, 0.8071390779295471, -0.33606002881797903, -0.4853763137091668, 0.4517086091972199, -0.17781467128158343, 0.8742661351408596
113, -86.62970272265943, -211.61759803224928, 56.51541732678045, 57, 27.52734491270047, 43.49508545436056, 26.852312169093324, 17.859574090589824, 0.2908254125219685, 0.2992394333305743, 0.9087773880172325, -0.32601952074133833, -0.8619960336175283, 0.3881676314728435, 0.8995175659913566, -0.4091681800527087, -0.15313245542777468
114, 348.0361896437052, -69.34134008833311, -354.8034427217629, 7, 8.027306143520553, 12.543384661926, 10.829408271502885, 3.8079392489897548, 0.09348573722476411, -0.9440371484693079, 0.31631357739667204, 0.8281311367611703, -0.10263242024187987, -0.5510584421292772, 0.5526836683512496, 0.31346522713888386, 0.7721918894371878
115, -180.68217352925063, -120.83190032940229, -241.72398973825574, 10, 14.555901659255749, 17.00588467473447, 14.730776254869106, 12.31097574668726, 0.834969497593628, -0.22216078145674556, 0.5034585636085381, 0.3195879396705497, 0.9405536378271213, -0.11498870895571191, -0.4479838020569248, 0.25691134959883705, 0.8563335048577312
116, 190.75345905998984, -180.68750713440036, -99.67631499285282, 10, 11.97734874869476, 15.982176989910352, 10.673130432487428, 10.072895608012322, 0.6320711239146394, -0.22555526262893455, 0.7413574831440476, -0.444239083306237, 0.6784124407461408, 0.5851565577724462, -0.6349312806725764, -0.6992005318513829, 0.3286044507949113
117, 288.4143112927837, -194.8036802260261, -49.20354737557241, 20, 16.729866232029714, 22.074606715566706, 15.583354502128477, 13.612048257142892, -0.36862615883611866, -0.47711960404575415, -0.79779172623997, -0.9272981925755702, 0.12867232016493083, 0.35151315205757805, 0.0650601035029042, -0.8693677688174303, 0.4898641296049291
119, 20.34241166115012, 186.34369866099678, 266.24433635239535, 7, 11.185478585092318, 19.865383261575154, 8.800375657255865, 8.005077718495318, 0.4960427563745768, -0.668454161340516, 0.5541756202097488, 0.5243518855551832, 0.7393254752114681, 0.4224369086834876, -0.6920958632754821, 0.08103626280798401, 0.7172422464879494
120, -103.66380177445204, 261.21045093306964, 31.91687577808502, 70, 26.706750580430004, 43.69928793341882, 22.955681324608015, 18.98884738050421, -0.4358466075078997, -0.899185932654131, 0.03876071775361569, -0.26562393059107686, 0.16966057133592904, 0.9490306728611635, -0.8599311962135123, 0.4033360249852309, -0.31279128620840924
121, 152.15582466963494, -227.63557093205446, 292.8126339185867, 74, 30.085710249763284, 41.29917814198606, 28.121929981611697, 23.447377409076047, 0.8109213916701008, -0.30500831250464333, -0.49937603650445295, 0.3585671286436589, -0.41540203575244716, 0.8359849059336923, -0.4624241676081266, -0.8569778748578009, -0.2274924421077295
122, 313.83299490168736, 345.85584367319717, 330.1239694241222, 7, 10.69845852803116, 20.179656374557602, 9.521550751852416, 6.372974330465893, -0.010816085384556544, -0.6534268041580452, 0.7569124281611166, -0.8290927784817993, -0.4173080963237111, -0.3721009505658517, 0.5590064194320885, -0.6315753037845007, -0.537237804592372
123, 351.4918455928047, 32.33587758972839, -131.54636911474648, 13, 14.835936081317728, 18.020494879839788, 14.451756772243256, 12.538844127151163, 0.43445880404210707, -0.2388333257559453, 0.8684493019737286, -0.6169702246354247, 0.6235525052505629, 0.4801354133044761, -0.6561960755015348, -0.7444064183657345, 0.12355482504654851
124, -238.54434739565264, -181.79200292356398, -120.5680291182565, 20, 16.28809853613134, 20.343530372959748, 17.5818052162868, 12.08151445648158, -0.7653246699769546, -0.5932684524516662, 0.24962109856795084, -0.6093443088597973, 0.5429188607992832, -0.577874228399731, -0.20731054672843188, 0.5943665989219233, 0.7770139530929573
