# Void_ID, X_c, Y_c, Z_c, N_particles, R=(abc)^(-1/3), a, b, c, vector_a, vector_b, vector_c 

0, 329.44090200516433, 297.9269341765591, -130.11850169380648, 22, 19.469550238483762, 32.92930435002631, 16.899589366463093, 13.262000780679118, -0.23131368375003125, -0.5334293109746301, 0.8136013458095568, -0.00686300667268267, 0.8371558497495436, 0.5469213676293239, -0.9728550143003843, 0.12092664480274988, -0.1973065323990778
1, -330.893405445551, 66.17992440402858, 161.74933693302887, 68, 29.269667266184143, 34.40642132246549, 30.998297586437666, 23.51126572825914, -0.5705512518596253, -0.8212467438283257, 0.005005472284092821, -0.8204949720787033, 0.569744437856666, -0.04668271976823709, -0.03548619161000728, 0.030741849045957146, 0.9988972264063273
2, -206.11253344531428, -107.79185346110002, -311.46322323230146, 45, 23.011979153402308, 27.96135296096809, 21.74364735528977, 20.043397438124156, 0.8898006362710633, -0.239578792811079, 0.3884029218824147, -0.21646536212259243, 0.5276838352068381, 0.8213966867857073, -0.40174317006359433, -0.8149550736676149, 0.417672902174257
3, 300.7620013531263, 10.782641989223544, -305.0898389345009, 8, 12.77405093861383, 15.882685338632573, 13.420007482075778, 9.779333142709035, -0.5244854159755395, 0.3253463349480984, 0.7868067175391966, -0.8320134894852691, -0.3920257087986407, -0.3925167473566821, -0.18074457597258964, 0.8605031121249731, -0.4763043063837706
4, -269.0017121169282, 342.209203115714, -292.8794903042681, 5, 5.771297222850269, 12.08312685234467, 7.181550442453538, 2.2152501429906017, -0.13111081412673214, 0.3693716274816335, 0.9199861712170434, -0.9236811270250949, -0.3825329308827746, 0.02194840239937529, 0.36003212356215636, -0.8468961905698973, 0.39133580516165445
5, -1.0715416536597426, -64.27045611714998, -232.36810007918433, 214, 44.14096001356293, 65.50575769320933, 46.75766560118928, 28.079736487817364, 0.7500111621472721, -0.4330629910179363, -0.49993969882886574, -0.54953933721334, -0.8286351400887856, -0.10663170947312746, 0.3680893553332138, -0.3547115030847431, 0.859470753469681
6, -188.38831555518772, 99.53615844267394, 322.84322685775373, 141, 38.59452401737275, 74.53910521188872, 31.505952078500165, 24.479372692658654, -0.600157614938764, 0.3077418261343146, -0.73831281018179, 0.7861467223773224, 0.05661873344924803, -0.6154410206656658, 0.14759460737576857, 0.9497838109117885, 0.27591039198165895
7, -94.46975701756095, -249.81600778829986, -57.30067860501758, 21, 17.523796937621135, 18.873131975361208, 17.31589152773975, 16.466291622577696, 0.744549624915431, -0.4727124467494718, 0.47136906848712373, 0.31226742640024513, 0.8707063470145562, 0.37994672215711345, -0.5900295843834081, -0.13569598356876758, 0.7958967832549944
8, -295.60702489426274, 85.68633040549943, -154.89754574899203, 34, 20.40495800473205, 33.76527689521538, 17.68824685934656, 14.224991306630528, -0.004534434670924399, 0.48977822109393243, 0.8718352671487191, -0.8154293435417848, -0.5064735052545911, 0.2802848090177948, 0.5788388589177725, -0.709649126411913, 0.4016761043298193
9, -271.4876064390946, -265.8493158294944, -148.85328542880796, 52, 28.268107689720363, 33.47130212807058, 28.53484781493752, 23.65059345269508, -0.9957807926486341, -0.07565313983273128, 0.05193472273447882, -0.09049289958215874, 0.9034535839051235, -0.4190258427044819, 0.015219990711933595, 0.42195760943776944, 0.9064877978882515
10, 34.83814294708688, 284.4921271294326, -352.6593284723767, 15, 16.544234971698867, 21.711965729424442, 15.249879777498492, 13.676485330851051, 0.3336984820816632, -0.935163005876906, -0.1188085665920749, -0.8828886068184447, -0.26586991316376857, -0.3870670448701048, -0.33038315787367445, -0.23405841517356316, 0.9143651498607428
11, 292.61799277535954, -270.02144554402923, -137.0186111626835, 295, 53.26244644728835, 91.31825523994041, 43.50890891336329, 38.030105836924115, -0.6524453505151623, 0.392711865195794, 0.6481453969022594, 0.28460230137208287, -0.6656850947599345, 0.689829605531809, 0.7023650010107721, 0.6345397903590414, 0.32255644437251924
12, -334.9193737280633, -100.98870807161677, 127.60956230631989, 8, 11.940071058997521, 14.150609001813795, 12.842530819520746, 9.366880649339203, -0.1596107422566858, 0.8959268280622305, 0.4145353178133567, 0.2677818547430653, -0.3648806363644779, 0.8917146401605267, 0.9501669796549624, 0.25333227185774193, -0.18167407852734904
13, 226.23462049741556, -69.14451025265595, -347.00813746642257, 22, 21.139080938389245, 30.534217575629558, 20.234599783913083, 15.288922877578788, 0.9335309178723588, -0.27336326057379995, 0.23193221670318315, -0.2685427726338504, -0.9618224557582945, -0.05274791811254493, -0.237496957122646, 0.013041908125125986, 0.9713007278850045
14, 24.396301408388208, 277.5589956000563, 150.58040951750243, 8, 12.574661402116268, 16.533370088921426, 11.885757362199122, 10.118139234873516, 0.583544396560849, 0.49062858812533977, 0.6471163154770325, 0.6049752581019069, -0.7942284578915828, 0.0566223786120757, -0.5417387509925472, -0.35844768821864975, 0.7602857229250992
15, 54.632210543463145, -284.3403784883919, -156.26475926628424, 206, 44.758338467596424, 58.94937685990517, 48.71626980663233, 31.222568187124416, -0.7840181774172977, -0.07544205054217341, 0.6161363440743054, 0.6184046130337649, -0.18090920232219046, 0.7647532903451336, -0.053770178145682364, -0.9806020383035825, -0.18848981515466762
16, -265.18431238108064, 312.62569376712554, -353.7043175580302, 8, 11.861410235371245, 18.08244142343048, 11.890596160668013, 7.761546849767973, -0.29054182355825825, -0.9390489149447775, 0.1837731865764915, -0.9536255148956196, 0.29995225887507043, 0.025040362134102514, 0.07863730732614146, 0.16797552719601433, 0.9826496813003681
17, 183.2634828707487, 211.38352268682155, -132.70917841899777, 140, 36.53282952627474, 52.91178880968553, 33.009345809307796, 27.916474366226495, 0.09565909226374493, 0.6425488375171686, 0.7602501755820986, -0.70835923123817, 0.5805253569695196, -0.40151900258279244, -0.6993400729165672, -0.5001212866103022, 0.5106879292604307
18, 290.8400772031763, -56.16069800456796, -138.29579640688792, 132, 35.91663380466989, 45.20900479384377, 37.21954838357797, 27.535364781728138, 0.7636483235326862, 0.27917844681335013, -0.582151726614809, 0.5485340640891729, -0.7561071396682366, 0.3569486992223571, 0.3405166934227051, 0.5919133282648766, 0.7305388376553733
19, 350.9571920480015, -263.68660678354235, -16.140617110414283, 9, 12.276939945848692, 15.11778027149377, 12.546247629203377, 9.755926290745963, -0.2052274699056923, -0.6270246033238802, 0.7514797618183998, 0.9184270708074457, -0.3887010519249103, -0.07350651563312859, 0.3381913677256753, 0.6750938001929798, 0.6556485031911826
20, -32.69814839539048, 111.15188252023437, 32.536503846144605, 87, 32.53926283834541, 44.595653883324324, 30.23408013146288, 25.552525714049995, 0.3736347894058011, 0.7961005380985603, 0.47604724280775484, 0.6971443105791182, -0.5795533165635026, 0.42202815485155787, -0.611871599580213, -0.17418922612902177, 0.7715382421680238
21, 226.17368611186575, 336.22093504179395, -211.76391886999167, 7, 12.29008209316446, 20.07675898356198, 11.732274800647128, 7.8811305080982965, 0.015957171261482793, 0.1204169894460248, 0.9925951427133259, 0.8727229792994518, -0.48614238596636833, 0.044946434448299204, 0.4879548852998819, 0.8655433722348536, -0.11284813109793668
22, -206.79252863160977, 218.07092558117267, -109.06610479312565, 46, 22.031861703857945, 27.983376908625445, 23.626238021265955, 16.175543930300428, -0.7381510321208551, 0.2932748726099446, 0.6075548558562733, 0.6745523157185854, 0.33498804900960655, 0.6578466237501194, 0.010593731052407414, -0.8954176992422911, 0.44510101858570394
23, -138.78333565439112, 306.28252294104857, 151.23106339312508, 102, 35.26188522454379, 50.20655790985178, 31.63947887049584, 27.601126849425505, 0.17585770503386636, 0.968307843262147, 0.17735272272291402, 0.5287169252059184, -0.24487556489312573, 0.8127080476524591, 0.8303809249862503, -0.049151585887758455, -0.5550240004033138
24, 256.56019827502604, 346.09176923203023, -22.02373373340777, 127, 38.770046512088705, 67.06985105160066, 40.650277685011865, 21.37460548297402, -0.6134784243912665, -0.057397689016238165, -0.7876228336596166, -0.7893249466341847, 0.013365714753208496, 0.6138301770767524, 0.02470529148482494, -0.9982619210231004, 0.05350500544733031
25, -278.18806616791824, -273.4340682367883, -50.21722314292285, 61, 29.56546246992417, 47.602667169659455, 29.037819440047457, 18.696432369195964, 0.43744842707853554, 0.860001927402778, 0.26274618648045495, 0.8060644403172104, -0.5045304284051086, 0.3093689785183056, -0.39862136383116437, -0.07645738471112305, 0.9139230146027169
26, -90.22320394367875, 1.1344413789591161, 156.08023034325515, 38, 22.10917802249554, 32.26184119451632, 21.526895669592438, 15.561348709160006, 0.13510664698831623, -0.7658310342851875, 0.6286883336481238, 0.7994966856421868, -0.2905383548885873, -0.5257304575405457, 0.5852787742492747, 0.5736639183915204, 0.5730257107224366
27, -176.51874392409752, -32.45038535278714, -72.92491417616037, 89, 31.354376996188275, 50.06513003122651, 26.975505869104378, 22.823885578303628, -0.02253328744425123, 0.3108082254280009, 0.9502055030167168, -0.982793412162253, -0.18117481967724744, 0.03595544083157497, -0.18332855742472642, 0.9330455142817062, -0.30954274068592746
28, -302.69396809774923, -114.51801931675651, 249.5698322497915, 71, 28.106910793556267, 36.42977839557373, 31.83669201427619, 19.144978384977826, 0.9058590800650926, 0.16509474812792194, 0.3900808265016397, -0.3644272808888793, -0.16562739484682498, 0.9163843751506198, -0.21589831867701678, 0.9722712019888443, 0.0898700493802305
29, -96.67265858539201, 190.96822768307962, 73.53008837029026, 40, 21.962522973063525, 25.28983937703342, 21.78712530725051, 19.22652000150053, -0.8519411728186544, -0.5232607986784843, 0.019858867609466854, -0.5213422148241288, 0.8440495656055699, -0.12562892120575125, -0.0489748210680489, 0.11738171649538895, 0.9918785205527686
30, 22.912269292587155, -220.91656644034666, -175.90455611223865, 5, 6.9835159692568425, 10.199078163193047, 9.376031515639196, 3.561577615893442, -0.8340281881199497, -0.5073471738959182, 0.21678520835421103, 0.24854966769676043, 0.0052858265673764475, 0.9686047298693774, 0.49256476133518096, -0.8617255393553821, -0.12169244312401574
31, 82.44765968844403, -344.5986899781551, -206.7256029430075, 24, 18.52359521296162, 22.765020735842278, 18.64758578712042, 14.972184906108469, -0.17450071612778398, 0.8454535216918952, 0.5047354185409051, 0.9649205545545513, 0.24894511210230252, -0.08339457151703146, 0.1961576495297284, -0.47247716751092184, 0.8592365813394053
32, 193.32117559431825, 2.131724010414011, 304.3225799107727, 212, 47.301019512963556, 98.55539362154805, 34.805483752551126, 30.852007864785936, -0.8964938988010457, -0.4430538064681084, 0.0014191499640039264, -0.4388342569364411, 0.887505641129019, -0.1405639779716355, -0.061017901893970466, 0.12663752026270986, 0.9900705803679704
33, -324.0282407138938, 215.1711990583684, 234.8925430879377, 37, 23.322435186295053, 37.65978426649207, 20.43233478996321, 16.48640106159168, 0.0028580362537864324, -0.7471963719851682, 0.6645971812466361, -0.9483105125624541, 0.20887390531258251, 0.23891183194435084, 0.3173310627598688, 0.630927312272715, 0.7079772053082077
34, -346.8770905112817, 177.75818961059392, 348.3525796048814, 52, 23.927269337179563, 40.94545739739012, 24.63345954023703, 13.581516921914524, -0.06725033447350251, -0.9971702281761575, -0.03359953202519628, -0.9260892490242849, 0.07491665033303925, -0.3697921015172081, 0.3712628386397408, 0.0062475228680899785, -0.9285067975535637
35, 113.06528797660206, 18.499757055902133, -188.05995135871854, 6, 8.683999391187523, 10.687510584629699, 9.855311072222745, 6.217452245887698, -0.2135723570471876, 0.8300305491126344, 0.5152049454780956, 0.9682989113467115, 0.10991911720767482, 0.22431006655310623, 0.12955333492458512, 0.5467788174500396, -0.8271933620368664
36, 306.7875736190504, -244.68971816388952, 225.31124938611578, 137, 38.49939631520951, 46.807678456609196, 38.12585462425729, 31.976068800546496, -0.8777892595019986, 0.3657640278670319, -0.30935851664600783, 0.46778245348908915, 0.79367268582963, -0.38892575637994137, -0.10327435359594772, 0.48610733761841884, 0.8677753535350445
37, 121.1034575056465, 86.0313719598872, -90.42464878326619, 8, 9.912651642971493, 16.083853038484992, 9.105768112244894, 6.650630963682785, -0.7318438792236542, -0.5219520336505578, 0.4381445092785261, 0.03796056401777261, 0.6107160501657944, 0.790939252818662, -0.6804142356111647, 0.5954762637065714, -0.4271352096698846
38, 257.37849083851944, -140.51714194504532, -272.9689037891049, 7, 7.177678751471216, 9.821303198633146, 9.337087482382849, 4.032473334298754, -0.010525963092377221, -0.447880111060504, 0.8940316606347946, -0.6252949521665789, -0.694757670131146, -0.3554124401156175, 0.7803175167173773, -0.5627745426992691, -0.2727441790279931
39, -78.42750036256606, 336.3276460558798, 288.57663311344356, 119, 34.19571808721903, 40.52602749563729, 35.93799427599283, 27.455370849091615, -0.6004113565168719, 0.45768223471488667, -0.6557691476365424, -0.23679520717427005, 0.6815016252881821, 0.6924475175700037, -0.7638286671923639, -0.5710363445140371, 0.3008043557184355
40, 261.3580234386647, -351.9696829886704, 150.22693581164535, 9, 13.689541171826223, 22.061487254244778, 11.702011061135904, 9.937368296912648, -0.9345252301899786, -0.2746456825932743, -0.22634562768306768, -0.12983026547235738, -0.32907659545897605, 0.9353356063405832, -0.33137093461217254, 0.9034812357509169, 0.2718730592395127
41, 319.7374121563045, 128.5804256162063, 63.78677245756103, 38, 22.25641582238972, 25.883870593726773, 23.308593810610386, 18.27344316156395, 0.1353516297445543, -0.955448240510091, 0.26229486466887625, 0.8353638687927825, -0.03230498040971501, -0.5487472960810675, 0.5327730689900227, 0.2933854937567611, 0.7937744068764461
42, -267.8355009726176, -44.72560716319735, -185.36705235488031, 14, 16.422994264681392, 20.88967358976212, 16.031687650189767, 13.22653625994665, -0.4393616187911242, 0.7736822557395042, 0.45648344448301204, -0.04520602388877728, -0.5265567162251215, 0.8489372414980887, 0.8971721035216208, 0.3523546391805415, 0.26632390976129144
43, 136.4553858719468, -147.7861096167458, 345.1314508027029, 11, 11.53385242280642, 16.788938518137094, 12.396693345931675, 7.372148482423232, 0.6649013007853771, -0.6469630331983802, -0.37328955770107625, 0.4132989558144855, -0.09761602322497645, 0.9053480464066825, -0.6221657603376846, -0.7562472781336094, 0.2024841252516803
44, 353.56090573989826, 46.88723183926102, -214.0607281389477, 14, 15.220145446183794, 22.331222804322547, 14.788115144148847, 10.676553480149822, 0.1124824640649874, 0.5656813341037853, -0.8169163503838263, 0.36653702052014336, 0.7405338385561652, 0.5632585965091768, 0.9235790750477649, -0.36278679992501595, -0.12404607988195969
45, 271.0617019881302, 56.05295121169753, 329.03751695576943, 132, 38.14029626111893, 50.26468063933628, 42.9490872776198, 25.700129991365152, 0.40648783910652836, 0.7081676295386362, -0.577292166179426, 0.6871007133571257, -0.6534064873222434, -0.31773034483557894, -0.6022127915966524, -0.2675043379065775, -0.752184274522228
46, -228.52445954975627, 135.91822539150178, -116.7629755929959, 141, 35.61241666836641, 46.87833657746248, 35.56764765160541, 27.088003827298675, 0.48926400438533774, 0.6295335881947336, -0.6035794855257157, -0.4911463775619215, 0.7707804174822099, 0.40579894508703773, 0.7206913138234892, 0.09790306103801312, 0.6863082549545505
47, 77.29865225961858, -83.86202725742068, 43.66285056818921, 157, 38.29122163053082, 46.11532023727376, 40.32165489393415, 30.193543831332118, -0.2136283483386945, 0.5823394450150243, -0.7843747188465948, 0.9754798327115353, 0.08365118381170616, -0.20357203987771816, 0.052934154939475266, 0.8086304781706498, 0.5859306486388556
48, -346.0184969297302, 221.22663194209966, -230.6046326251774, 29, 20.34261174625611, 28.44648805869112, 21.797475039694103, 13.576420630588935, 0.40533406440574415, -0.8737346317515727, -0.2688718830786584, -0.2783895542271332, -0.3981226033258573, 0.8740695903749655, -0.8707488457239196, -0.27943905596567065, -0.4046112475839941
49, -109.35518649165955, -89.89269992492993, -26.053567891797478, 7, 10.120024378478773, 14.216720130737771, 10.468683242433787, 6.963910850215731, 0.5106470739266286, 0.5796052529489732, -0.6350569396866153, -0.33385268422667275, 0.8143291580278478, 0.47477405954864654, 0.7923269218730472, -0.03042652033363106, 0.60933757124895
50, 102.54255997944487, -70.13966002354107, 188.10486998514813, 7, 12.527332202386154, 15.232507664593502, 13.9325692735289, 9.263458633085348, -0.3768437667052367, -0.6307004566350708, 0.6783846324141802, -0.04692410471626634, 0.7444361527731519, 0.6660427485085962, 0.9250875114776904, -0.2191614666053793, 0.3101311781543304
51, -201.4828620155691, 268.70938068509435, 325.8193733554877, 12, 13.393411344923637, 21.479458168757485, 15.965424319881643, 7.00599518656181, -0.24884849912904428, -0.08031516173394618, 0.9652066614341573, -0.4779926052167383, 0.8769243770503977, -0.050266353487070994, -0.8423760999929525, -0.47387035329341126, -0.256611368474276
52, 59.40805013369946, -302.89371849422247, -119.28993692910842, 7, 13.038525558348786, 18.86832875616241, 12.327826475537098, 9.529398762271166, 0.7983412059311722, -0.2931867740975067, -0.5260160020442908, 0.2653362205710941, -0.612871523051551, 0.7443018112872759, -0.54059967532862, -0.7337779035421884, -0.4114875202333863
53, 295.2814369178305, 334.74883978093186, 112.0126659221858, 161, 40.91021919516928, 61.516614482519984, 36.028959893682504, 30.892372867352176, -0.20009594617377804, -0.2113016263324457, -0.9567200400504235, -0.28013576382025096, -0.9233659471228439, 0.2625248207746804, -0.9388746274948888, 0.3205416515886755, 0.12556864036509144
54, -94.85049742152577, -22.43913633861737, -253.25000073555793, 90, 31.956675222236058, 40.37180030388254, 31.010280252337054, 26.06759465741055, -0.2899495877511284, -0.22357737668100736, 0.9305602576939279, 0.9169621394931612, -0.3433385581054737, 0.2032217243657254, -0.27406143708861513, -0.9122125800242455, -0.30456286304543523
55, -53.468221952070266, -108.60992267761651, 349.36229532825797, 21, 18.744213546353194, 24.21998054286275, 18.68922786416249, 14.549113139753869, 0.35095397237084064, -0.9134423621552439, 0.2060445590093938, -0.8330517611263856, -0.20408542173281496, 0.5141730291646641, 0.42761673559550395, 0.3520968498245719, 0.8325693579409813
56, 295.8739406054512, 270.49565115448985, -79.0658127043083, 146, 37.56184296536752, 55.30576678451123, 34.055685535906754, 28.1371841646955, -0.5479784984455447, 0.7943470602091806, -0.262168482427615, 0.8242377820203403, 0.5661970817263551, -0.007276217063092678, -0.14265918803763167, 0.22007637897237295, 0.96499468572985
57, -21.399758750845056, 96.22762571348902, -123.65231200557605, 13, 17.16554513595273, 22.39508455750689, 16.684673079289645, 13.53637547183818, -0.9411711925574594, -0.2988832922731363, 0.1576881856701395, -0.09477500196354931, 0.6813608062466049, 0.7257858848956666, -0.32436782408675896, 0.6681438687221092, -0.6696038271890882
59, 254.39725191756528, 114.54230521985865, 3.2565995333697106, 6, 5.1094210388323935, 8.681665619114344, 6.149532200720654, 2.4984458500853357, -0.008267562304253753, -0.8356985753720638, 0.5491261590332847, -0.9967327798994445, -0.03723579097044615, -0.07167469110314027, -0.08034558411929418, 0.5479246179830836, 0.8326603149668064
60, -48.897573654272236, -62.29291876442429, -251.98868764678724, 8, 13.93421150883012, 16.575973455003265, 14.259924033273542, 11.445926186297909, -0.7053068817235435, 0.3616572729337695, -0.609709947046561, 0.7052046464662427, 0.270217228240433, -0.6554914615496371, 0.07230912249386974, 0.8922929263959042, 0.44562845993944333
61, -237.01440673935483, 308.7762086193196, 102.6991544412959, 51, 24.682112486081778, 40.878887389868474, 22.954346949108, 16.02444412391623, -0.7503273499622193, 0.3313700670658602, -0.5720163866109436, 0.21744971343519648, 0.9408590560160977, 0.25980734947158174, 0.6242791763511129, 0.07055576068093401, -0.7780086083129869
62, 159.40803194708658, -265.0250535525612, -288.8462765269051, 5, 5.106245964557258, 10.511114621333075, 5.834720686066558, 2.170882657454029, 0.22208520805959658, -0.964346382209441, -0.1439243394311342, -0.7302350309412188, -0.06669335989555214, -0.6799329344370072, -0.6460920677019668, -0.25610164166870375, 0.7190111189593607
63, 144.8307873783173, -350.08355706083853, 74.26250075729259, 19, 16.687290136377857, 20.77514928995335, 17.909373536896016, 12.489150608933056, -0.9605936021403194, 0.1594592193311746, -0.2276679355934384, 0.2609075636883404, 0.2348271969446031, -0.936367145293637, 0.0958497508463123, 0.9588685754291006, 0.2671776194168717
64, 209.7690326909534, -60.78779155464531, -120.4506910953224, 8, 13.54681573792112, 17.305105159292758, 13.27061140264607, 10.825463399437417, 0.4826205705725393, -0.2780517135481857, 0.8305206977873305, -0.5682685299852727, -0.820978284290668, 0.0553672696773846, 0.6664444933290501, -0.49868015933669213, -0.5542290465099398
65, -30.927635884292535, -250.03181343750813, 217.49775433759677, 69, 30.9634667911863, 61.32111133582895, 24.186626072375585, 20.01536123686372, -0.6781711094620229, 0.6983174082027196, 0.22899070656270187, 0.7076749145483558, 0.5365010056654352, 0.45974219540841976, -0.19819223398010571, -0.47383485342576026, 0.8580211944171096
66, 279.16552184000767, -167.55953665892181, -44.584155539287046, 136, 38.995979608774114, 49.522101819581884, 35.41750495941497, 33.80978987952558, 0.4289244261833709, 0.8124338466714146, -0.39493680685136734, -0.5628774369955727, 0.5823168408033896, 0.5865799927018095, 0.706535793533887, -0.029297469164555546, 0.7070705981413684
67, -3.791017946377552, -78.66324358780156, 112.11602149513469, 11, 14.827164673621743, 17.176123398533434, 16.601907460256736, 11.43118340007263, -0.9735371152726938, -0.22672251392764353, -0.028677288310629965, -0.2274661039667254, 0.9734381473796669, 0.026025848156026547, -0.022014920683938757, -0.03186024018069213, 0.9992498528210592
68, 249.79278636987004, -350.99995130746464, 94.3283842400231, 7, 12.469998295498042, 19.552959412372207, 10.657306407796463, 9.30548966745359, -0.5378068533800647, 0.4024702214711038, -0.7407978869343745, -0.04510922452933739, 0.8636968757651255, 0.5019889088973214, 0.8418604078585687, 0.3033898937383397, -0.44634697944272367
69, 118.2876657970573, -100.2433939182949, 182.87265299269347, 46, 24.990901045669332, 30.64135380416029, 23.840177149457418, 21.366250555724907, 0.7081163178824079, -0.7033538862354106, -0.06216583520074134, -0.6064533295229206, -0.650919518441743, 0.45663786485806585, 0.3616429723625561, 0.2856520457289151, 0.8874780387771075
70, -21.872542406776105, 321.2433813301191, 316.7669969717449, 12, 18.418852718105974, 23.291338611739512, 18.317480563955915, 14.646286892283127, 0.43003170200387336, -0.13311782106808573, 0.8929459003689624, -0.2790508749505282, 0.9210392677270169, 0.27169335011042306, -0.858605464961059, -0.36601408855256606, 0.3589294394724932
71, 89.1268178744704, 340.44976499638915, -164.4263528476948, 5, 7.276777445671256, 11.332618471554138, 6.996528730317651, 4.859643243959805, 0.8722152553477703, -0.145593365897313, 0.4669508755161672, -0.35435778041499805, 0.46996096712052077, 0.8084350640852368, 0.3371514671449308, 0.8705970716639458, -0.3583149829579878
72, -212.20813349884605, 55.416460989300084, -297.7188345557118, 39, 21.90208735573463, 34.603404822510015, 21.48486383052664, 14.132047266926213, -0.8637408313886111, -0.42260286935419483, -0.2745151926682974, -0.47379395313092587, 0.8665832962086673, 0.15669295041159687, -0.17167139007033563, -0.2654057375900565, 0.9487300608105536
73, 235.24956593376234, -181.46393901127217, -102.16349509265066, 14, 17.925361586617527, 23.605802111928732, 16.32945003476438, 14.942162475191143, -0.20349641584009984, -0.6523470023837807, 0.7300908143656711, 0.2965059872021996, 0.6696149088577888, 0.6809552653358546, -0.9330988202186744, 0.3550482535040419, 0.05716055799454346
74, -184.05900694556613, 213.57099541939706, -354.82088466196404, 6, 8.317211342668003, 16.05698296153645, 7.133240415000698, 5.023222362665148, -0.9962004772361039, -0.046695222342013655, -0.07351302853908885, -0.060749651616125076, -0.23224221766858605, 0.970758997980908, -0.06240263602668109, 0.9715364679428178, 0.2285230895864042
75, -185.98065446800433, -283.72300464651596, 26.51874513529787, 5, 6.855360811559009, 10.603223107961686, 6.919484807080568, 4.391160313979826, 0.45776377891813885, 0.8686883272575701, 0.18929583407204206, -0.42035803898555735, 0.02385771440356777, 0.9070446122014366, 0.7834229009741818, -0.49478419492732606, 0.3760813192373627
77, 89.98827199660617, 226.03398024055463, 252.46797474177305, 17, 19.794060616704336, 25.364360039840857, 19.06590479948266, 16.037008459727797, 0.9221260737546179, 0.3775139769933898, -0.08465637174204392, -0.1944231961298901, 0.6413424097935556, 0.7422125936730212, 0.3344893494695025, -0.6679544225280862, 0.6647960322660176
78, 311.1326738516114, -170.66386175640784, -214.9589659088074, 13, 15.252114476999655, 21.58906530777506, 13.228324437540493, 12.42371530748652, -0.5143064183344038, -0.47088752448927107, 0.7167662431646759, -0.8137237442692763, 0.5318658750641003, -0.23446184967855266, 0.27081834515488024, 0.7038349452980174, 0.656714392795612
79, -322.480777175381, -142.8809814752739, -292.13886415779336, 8, 10.100690118432155, 14.282032549516694, 11.499411016525869, 6.274621408715516, -0.15565796230088558, 0.9159705671850722, 0.3698222800521805, 0.9860302913362952, 0.16654706121472693, 0.002518127875813376, 0.05928628289576702, -0.3650479371964668, 0.9290991013928533
80, 271.0924749231832, -155.30607894618623, -133.76206709821474, 8, 10.893733510824545, 14.236038672857964, 12.136634756778507, 7.482432363753579, -0.02463928902855849, 0.836644581850086, 0.547191693190843, 0.5466048104549509, -0.44701833019647785, 0.7080944807409953, 0.8370281277374579, 0.31654455630960876, -0.4462997392415535
81, -294.57566736143735, 354.5915969052865, -237.46353385796954, 8, 13.178604815759966, 20.793152616869783, 14.4662724946949, 7.609065499880493, -0.9195376666976667, -0.007862725763683711, 0.39292322032144633, -0.392964924883592, 0.004684235454334248, -0.9195415301928681, -0.0053895580007636504, 0.9999581168637883, 0.007397106379047481
82, -46.79810278288922, 209.67738947762854, 357.7360953794385, 5, 5.799395825527489, 16.1778727348579, 5.953789378490004, 2.025038913985861, -0.27034767219458294, -0.9505249919112454, -0.1530175672630338, -0.9516115703742294, 0.23969978753355298, 0.1923003665785968, 0.14610802602480014, -0.19760124394470854, 0.9693328598178441
83, 285.99856792855337, -104.12747880277573, -11.382567501288387, 63, 24.386490882399013, 33.75573392362098, 23.302858845273725, 18.437039041726052, -0.2178160639816643, -0.8186552117358641, 0.5313753913846998, -0.9733458122388549, 0.14215946659955975, -0.17996837459179504, -0.07179200560382405, 0.5564120149258426, 0.8277992374830654
84, -110.13451384978696, 180.0095813505414, 1.4273315087034297, 60, 26.635927337890465, 41.82898865781327, 22.11616253416444, 20.427552115081117, 0.896188700253109, 0.4425345634273499, 0.03176434653519528, -0.29984754945416414, 0.5513479664460419, 0.7785286552093934, 0.3270126306811011, -0.7072330450904941, 0.6268047218289383
85, -147.83684197807574, 36.571590903751996, -82.01360983293857, 9, 14.162525146216991, 15.323228624330996, 14.438326722677807, 12.839701740563454, 0.574061701309605, 0.7966481383692008, 0.18922184525685334, -0.5531115791949891, 0.20688711333838533, 0.8070101011108445, -0.6037555333493405, 0.5679343852659368, -0.5594012781382038
86, -140.15986935206558, 109.7882788511744, -12.006423586862281, 11, 15.48540317506526, 22.293215914681856, 15.415172424515225, 10.805539170915672, -0.71493375491441, 0.4867636457996747, 0.5019271652459062, 0.6913305383319541, 0.5994741793163262, 0.4033519494221738, 0.10455531002121612, -0.635367501105326, 0.7650988992839689
87, -194.93242586631902, 77.81411083782149, 240.46256721573894, 8, 12.581897712705176, 17.493622209903045, 11.66426383224993, 9.761158680635727, -0.9441858638995573, 0.32365481424197495, 0.06132385857265834, 0.30923329673921063, 0.8066949483352832, 0.5036050322605348, -0.11352454624461632, -0.4944601314042696, 0.8617548119109207
88, -297.25634744291114, 55.96502514792205, -323.8261553455958, 28, 18.230210774665125, 25.218175533690474, 16.763000561626068, 14.332093965199492, -0.17387650432404889, 0.506929275630641, 0.8442687195156778, 0.9532749404145509, -0.12843522578242278, 0.27344337760467413, -0.2470502969471645, -0.8523655919186393, 0.4609111069300736
89, 92.04243157227036, 230.9534577766184, -71.5791012306704, 8, 14.059067199405304, 22.667508524525097, 12.469133587877671, 9.831718939329253, -0.39311753402540245, 0.6386875821027395, -0.6614656279123978, 0.9182335534012541, 0.23512333764736693, -0.31869132009150863, 0.04801818249260146, 0.7326630798404672, 0.6788954747152085
90, -224.56585816760966, 224.91861550365178, 163.79464286473217, 82, 30.099519724578105, 46.45441690661517, 29.242032752335803, 20.0744717293844, 0.32282476989678816, -0.20013729806203517, -0.92505633875214, 0.7294881302505845, 0.6753387147354246, 0.10846514741155801, -0.6030184373338784, 0.7098328551877074, -0.3640138485435337
91, -237.75354452573245, 51.57122030732176, -159.5420745838746, 7, 7.1216765505622, 8.827972992883089, 7.7110405244299685, 5.306067300551689, 0.6932029773628504, -0.36398539137818775, -0.6220805952917573, 0.5902860553211836, 0.7819633672764883, 0.20023902000102914, -0.4135601589474453, 0.5060117855355579, -0.7569148352559093
92, -31.04057107250645, 263.1574553820692, 213.07425919336887, 8, 10.550448052443492, 14.298902879182878, 9.332464482382482, 8.800627684732135, 0.07376807753692687, -0.2602503247509071, -0.9627190863401189, -0.8917463893737457, 0.41497554059566377, -0.1805094948921652, -0.44648252796206594, -0.8718171076403476, 0.2014653395753762
93, -349.69108099642386, 255.5158096625615, -223.707516689499, 11, 16.444055853768123, 26.936643278325285, 21.694617744339258, 7.609066022339284, -0.08187179643028142, -0.8881056194299619, 0.4522890864106739, -0.06094328166408687, 0.4574245018769038, 0.8871576756713985, 0.9947778271399552, -0.04506921143741214, 0.09157423661226716
94, -351.47021844336365, 291.0379686981702, 291.8522884932581, 5, 9.890923412981016, 14.071190786136821, 12.068732849034731, 5.697941574040014, 0.16322067575966628, 0.9265261807508767, -0.3389811903155571, -0.4109411144166689, 0.3762115071104214, 0.8304169449136328, 0.8969316648923397, 0.003760093203483309, 0.44215319767311057
95, -148.05202414730118, 58.944492848765115, 6.865117000791012, 12, 14.836986619603783, 16.54963715500038, 14.534578033693236, 13.578325354410046, 0.1573490470945823, -0.3479855276057014, 0.9242009250998445, 0.8801193781581879, -0.37506181927914506, -0.29106444631638284, 0.4479186952660853, 0.8592058567630918, 0.24725318629924542
96, 208.52250980418847, 201.82524315403745, -212.8724514913299, 34, 24.030197743814597, 34.36442903676681, 22.972764601279838, 17.577197755831342, -0.08330188244909502, 0.5307313503764478, 0.8434364410600419, -0.3885219725125255, -0.7966985820301137, 0.4629492912470896, 0.9176663191244481, -0.2891290423302351, 0.27256728275012676
97, -45.7571959451879, -146.3221656237761, -342.3197965930019, 6, 10.823260603390283, 15.505386137083184, 12.399837970532456, 6.594407037122089, 0.884063084585225, -0.04085626085132548, 0.46557838053640976, 0.06062914587630565, 0.9977796276965057, -0.02756666871661914, 0.46341835218727223, -0.052598293727749316, -0.8845772155967859
98, 344.9683925109811, 271.3499309279444, -168.73845620728844, 5, 7.209099548555494, 9.70358559787338, 8.033084862372844, 4.806494743675154, -0.8141089778765208, -0.40149130139953565, 0.4195608502247961, -0.5589892443099747, 0.7375632387686551, -0.3788555048601716, 0.15734546986364295, 0.5429596704338162, 0.8248861735996009
99, -21.35206102492375, 260.28644924157817, 77.65046830247313, 30, 20.154718023159656, 27.714598264375237, 19.034747356436586, 15.519383848344582, -0.8798112476448348, -0.3472248925011669, -0.32460289977939594, 0.03726394923324498, -0.7311941218400175, 0.681150904186545, -0.4738602817341642, 0.5871882408684271, 0.6562517833733181
100, 38.59039573574324, 140.35596859959588, -221.90511322232217, 6, 7.782293017236252, 15.48677397886286, 10.612407017086193, 2.8677935128664553, 0.1243203441970466, -0.7364257569672608, 0.6649974108926476, -0.6836467745110371, -0.5493100907465186, -0.48050547541594846, 0.7191463965837435, -0.3948867289226733, -0.571745512970035
101, 291.02779979160135, 343.5299623892085, -354.5367469818056, 5, 13.175909455505192, 21.03604777227544, 12.783956729437953, 8.50574512127321, -0.9265598902158217, 0.3752567187215387, 0.02586822177089862, 0.3756234437241192, 0.9267070860993617, 0.011000231727721027, 0.019844353556560335, -0.019909084046590093, 0.9996048369252462
102, 186.69595822141906, 163.72535480703857, -63.88257733128574, 128, 37.252911575230236, 66.05709197849725, 35.69048808495478, 21.92848997402949, 0.7905246256082341, 0.040721096985205665, 0.6110749614959551, 0.5175326347272534, 0.4890900004749493, -0.7021046527603142, 0.3274611248671029, -0.8712822526000035, -0.36556319290245226
103, 158.73670755000398, 306.70180059994556, 327.6662082290934, 249, 47.28651354561107, 67.10078087467559, 48.47307564926568, 32.507512060138346, -0.14690363272674214, -0.9875746525463923, -0.055817813819234466, -0.896892898769329, 0.15678688804598495, -0.4135226715356802, 0.41713600998815464, -0.010685381824159188, -0.9087812562913223
104, 60.11065651422778, -217.23731055669603, -107.32373313579605, 51, 22.231328505669595, 35.9665241159724, 19.379525862957067, 15.763571913735214, -0.6907679816931493, -0.021186314348518583, 0.7227660309892121, -0.6759935812177253, -0.33587576384286416, -0.6559116933058956, -0.2566559440574243, 0.9416679942247685, -0.21769041098012012
105, -41.041065711600666, 76.57253655694468, 94.41195515206162, 46, 23.633837063331796, 36.51441523679121, 20.36692289342647, 17.750596098118823, -0.10875166263787818, 0.8435977143694534, -0.5258478603019427, 0.9884296980737028, 0.03550070937861777, -0.14746671353069365, 0.10573461041412081, 0.5358008920711584, 0.8376977952796132
106, 286.5834910886187, 334.357630114336, -308.3522092449727, 63, 29.294381948976067, 44.04166268664093, 26.234111347601395, 21.758199541596525, 0.07020886759479265, -0.4289032430953336, 0.9006179672721181, -0.918790023154368, 0.3237762414771155, 0.2258181542900141, 0.3884528391749183, 0.8433332398982365, 0.3713400573863378
107, -158.2739480541641, -160.8465106615138, 132.25501252200317, 18, 14.995319981338895, 19.29288716330631, 16.627044279732367, 10.511263779872587, 0.35219664281638474, 0.15524198779170112, 0.9229612397145122, 0.9108711958405364, 0.1697950561494562, -0.37614266375304206, -0.21510739033538528, 0.9731749915270553, -0.0816042063218303
108, -313.72308666887204, 73.78734676937488, -110.68318647622166, 13, 13.81571374470524, 16.200514555469656, 13.592730320457402, 11.975246714640384, 0.4872921667118104, -0.8514383383981285, -0.19390487401595446, -0.38504974361012756, -0.40880418352139264, 0.8274151524362983, -0.7837621062587068, -0.3285299003762696, -0.5270531902490242
109, 8.527598695954824, -51.60686980720082, 101.03917131000215, 26, 16.434198792004658, 20.633762042498724, 16.2344507658699, 13.25041833548384, 0.447371631741816, -0.8295931917383654, -0.3341163859106829, -0.7309444503154711, -0.12389121530041203, -0.6710969954666767, -0.5153434133329707, -0.5444502759598339, 0.6618119546680793
110, 99.18643676194155, 344.84924634870777, 249.17929833168017, 17, 19.010002129449106, 21.87366700621656, 19.738147201876078, 15.911770884126787, -0.8779785241282646, 0.08871215698006206, 0.4704081891012305, 0.47801994210514687, 0.21483735590847186, 0.851670033203029, 0.02550776586347865, -0.9726124941158233, 0.231028764811769
111, 163.19484784779758, 288.5626114416787, 225.0018339190489, 102, 32.15576795816406, 41.27770259626947, 29.170371495884662, 27.61335526562702, -0.5553819159230938, -0.7414603309987967, -0.3765468165059269, -0.7771120945480559, 0.6239422832395315, -0.08241856400698626, -0.29605357618634964, -0.2468453052844943, 0.9227240515377705
112, -110.56792753392327, -60.27134224230494, 293.24953101754875, 55, 26.992858174226846, 47.301683703535524, 22.859982351363712, 18.18838456051763, -0.7021251410124518, -0.42865832841894463, 0.5685704211751792, -0.19028365273502806, 0.8824084712200985, 0.43028760314564485, -0.686157720833964, 0.19392608745624051, -0.7011278447928414
113, -212.81614405406316, 164.0473527134825, -279.97072231873415, 19, 15.020288981742866, 21.034594544102596, 14.288460320688987, 11.274967189642148, -0.6514358572329898, 0.21807886568768525, 0.7266862681043946, 0.7530719902373626, 0.30234046455348734, 0.5843567583364798, 0.09227080486837047, -0.9279180199963539, 0.36118450511475303
114, -332.6790165073, 144.28838076770572, -23.102515669719317, 80, 29.057926551104305, 38.604646187910184, 29.376056989375655, 21.63519363501953, 0.37683700456778385, -0.0073758532166146975, -0.9262502193131761, 0.2840116600348008, -0.9508832255714825, 0.12311973152606218, -0.8816639092946115, -0.30946193322620474, -0.3562331581018857
115, -287.2814315626402, 307.66173067639807, -162.1100306855599, 12, 13.011756434063699, 15.988663622975908, 13.29557656019975, 10.363070068777168, -0.2009728909437687, -0.3229614058429096, 0.924827458200542, -0.9793090815025588, 0.08911907599868744, -0.18169070746671312, 0.02374068222100446, 0.9422068353759232, 0.3341895560584881
116, 105.31044430336583, -323.20903026876096, 112.01069015189921, 19, 16.2950186603276, 22.8786334694131, 16.230375927536755, 11.652146242028442, 0.3700038611149144, 0.8665249040754949, 0.335010049665692, 0.8797117960036119, -0.2108607386908706, -0.42619819902345896, 0.2986708869845787, -0.452407271709568, 0.840311467119276
117, 84.76979574188202, -326.6771735274433, 272.0229337351391, 8, 10.309471394682687, 15.012353538151606, 9.72461435756843, 7.5056450550222245, 0.43430686417840064, 0.19317396994023106, 0.8798075727481862, -0.8085697026223948, 0.5140662470432313, 0.286270727899343, 0.39697932405687875, 0.8357150896019641, -0.3794571191622643
118, -344.7074706550565, 42.74966474539745, 301.95002620819486, 7, 9.88336343842693, 15.015038861702813, 9.175903105312505, 7.007111336838163, -0.8323769683571128, 0.43789601612418516, 0.3396993694595111, 0.5126186084573812, 0.375359636197787, 0.7722223162902527, -0.2106436441287527, -0.8169162885975725, 0.5369143624565533
119, -185.9845660218503, 39.45020234249209, -152.29556042381074, 7, 10.13609751244804, 15.254093767876606, 10.163428173667553, 6.717160196484305, 0.23234651171634688, -0.5345987665491829, 0.8125387727963125, 0.8596095065700315, 0.5037277824988, 0.08561435249576128, 0.4550676814581235, -0.6785738573972137, -0.5765855750444973
120, 127.72245345163608, -211.29806220443587, 179.15252163619658, 13, 13.384137128902116, 15.190256744057596, 13.96435261862691, 11.302778365552376, -0.8552907254003388, -0.14249859226616662, -0.49816857211823684, -0.33927011055935835, 0.8806945579292741, 0.3305644985699483, -0.3916293746965396, -0.451742456313243, 0.8015954004601544
121, 140.6331506329057, -287.7484561423169, 8.565071341425705, 12, 11.89059262178605, 16.815425646675614, 12.901390753136612, 7.7493648116942255, 0.7880796569503593, 0.6135990690102323, -0.04926090550101804, -0.13351660874662155, 0.2485040976012224, 0.9593847135868925, 0.6009191039481152, -0.7494944269206932, 0.27776669081266037
