# Void_ID, X_c, Y_c, Z_c, N_particles, R=(abc)^(-1/3), a, b, c, vector_a, vector_b, vector_c 

0, 67.91338731216257, -207.52402604432802, 246.25846600233334, 11, 11.8253214093024, 18.250741143683197, 11.118674490669902, 8.149019167325928, -0.1422565364297995, -0.6171136452413845, -0.773908151333146, -0.9868356100701524, 0.14919034394238065, 0.06243172248003653, -0.0769321554388504, -0.7726014432624654, 0.6302130221824109
1, -296.8324943652034, -175.47715728451305, 18.456610996121668, 25, 16.249757709768097, 22.085471705466553, 15.220633149836463, 12.764425459180625, -0.9370673390152066, -0.3310679400715607, 0.11090005053079692, -0.28592549718357274, 0.9099351220287372, 0.30044081573393766, 0.20037817299118815, -0.24982412364565848, 0.947331248842448
2, 114.2200057630336, -95.27930285219182, 172.00931797613694, 20, 19.167650180818274, 23.10401737542234, 18.64857791984036, 16.344566334116283, 0.34605490392003097, -0.9271083457574527, 0.14393095115289725, -0.5740326439343335, -0.08787771456850023, 0.8141032065899114, -0.742113554094423, -0.36434547137174245, -0.5626009690004513
4, -180.68788147346703, 175.26070756524868, -166.2340981487357, 8, 13.595360677840285, 17.19033908409686, 12.358364977561108, 11.828420102371505, -0.855761704636627, -0.34962282703317304, 0.38136043803041, -0.4572515390447674, 0.8559690257186497, -0.24132562452308554, 0.24205977550722438, 0.3808948750345581, 0.8923710883112477
5, 291.72605113605164, 72.97109714713578, 321.18603674751563, 211, 44.590205195908716, 76.60100069665292, 43.28702255343639, 26.73783599618756, -0.23585877283104734, -0.7778518442981314, 0.5825093540885228, -0.9690770038816336, 0.23300019827538174, -0.08124449613006902, 0.07252861384604375, 0.583658646749646, 0.8087534755708587
6, -26.141390832834304, 339.9623092592596, -2.902598021201223, 11, 14.30063626905867, 17.449761693581276, 15.561462184679632, 10.770259814081026, 0.049909188990014446, 0.9690708358306911, 0.24168323896531363, -0.48658563881236316, -0.18773124433585048, 0.8532241182723783, 0.872206104631195, -0.16018331699187285, 0.46216643755421954
7, 87.73896694087456, -324.78729196463655, -133.81125649077956, 7, 11.036746672423078, 16.23172018057527, 10.343566375254566, 8.007341849855157, -0.26668905153592304, -0.5332044034809185, -0.8028511779274087, -0.9629425723728194, 0.18218765304846699, 0.1988699610014266, -0.040231232927752734, -0.8261360197844234, 0.5620326722814819
8, -314.47035483847276, -183.1063279362776, -125.72703231983269, 42, 24.202569090131586, 29.24593526903978, 24.917444544894565, 19.454290240586936, 0.27083415772073244, -0.5177119271090608, 0.8115560483051828, 0.08868326891319496, 0.8528983834339537, 0.5144896746783345, 0.9585322826209723, 0.06736993442754216, -0.2769064013500902
9, -302.88621931405993, 212.406093565083, -185.16314503927333, 403, 66.13914241928603, 86.87633938711753, 78.46647891301762, 42.44142922028658, -0.9667833343708828, 0.14332492030234187, -0.21163164130877313, -0.20025062975453742, 0.08981627249646845, 0.9756191482734188, -0.15883850183639037, -0.9855917026919246, 0.05813196985483613
10, 63.705982366875396, 25.803748515443008, -255.08987607928293, 66, 27.003429281478873, 44.68642124994429, 24.45155908270004, 18.020823398739548, 0.11195779793497714, 0.950700302222145, 0.2891961044624791, 0.43480573164452074, -0.30855517874564187, 0.8460128116041258, 0.8935375913808128, 0.03102639237757672, -0.44791509883616154
11, -51.65711142641676, 262.72825383862335, -253.40327607385882, 13, 14.256488325961163, 22.580668430676138, 13.334832704229788, 9.623062869655922, 0.06873955688563939, 0.7724329742156457, 0.6313653250405327, -0.5227720448201403, -0.5111266190239391, 0.6822455338657236, 0.8496965708261607, -0.3769573976851074, 0.36867174811305414
12, 43.346619960148445, -270.4681320393317, -347.1006240443649, 49, 21.881213659184837, 28.83037997733443, 23.139682909068185, 15.703861298375426, -0.4927463594142194, -0.8106208757832498, 0.3163776557034804, -0.8632599154064181, 0.4096388434977779, -0.29492089846314157, -0.10946846000806291, 0.4184373473319511, 0.9016245574635061
13, -34.760937442312915, 59.12008013789473, 234.80588744745933, 39, 24.49118176118075, 28.949557605487485, 26.663721772143802, 19.031215364922303, 0.7710299971046265, 0.5778871769124796, 0.2675054285897098, -0.5302099054062746, 0.34992309919949616, 0.7722896353413587, -0.35268994850138574, 0.7372925032893958, -0.5762027115688941
14, -136.15956648906263, -166.6925318741144, -126.50995015968492, 24, 19.224327345533673, 25.628985094290954, 21.26247748222895, 13.037916144070746, -0.3966720973389286, -0.3947765090704, 0.8287356364238985, 0.10069566548763233, 0.8786398573979902, 0.4667465949995161, 0.9124207528025315, -0.26859543718728274, 0.3087796317399096
15, 287.837378301927, -197.1003944700234, -49.82431317000188, 17, 15.569513833442022, 18.930342632678414, 16.180593245978624, 12.321745656652183, 0.5343043131899284, -0.2804225006372141, 0.7974221730319583, -0.09574830016389488, 0.9172191856938906, 0.38670560948964916, 0.8398518702261508, 0.2829702926658692, -0.4632241892930776
16, 351.67026208723496, -167.67344345647675, 11.986570266187838, 23, 18.911591107038824, 26.645113774559746, 20.47952660882477, 12.395005257525169, 0.24953163777855406, -0.9175212927772046, -0.30965890758704107, -0.049646019976034655, -0.3314751501457318, 0.94215683277064, 0.9670931880889719, 0.21972460521368992, 0.12826481752841082
17, 267.7325206288078, 128.2488055138681, -11.731253288977559, 23, 16.161992871588225, 21.328007452876815, 15.09305695293433, 13.114666101864152, 0.01681584954839324, 0.9111738257449995, 0.41167886329174935, -0.17640773006921, -0.40257432995937587, 0.8982283794389868, 0.9841735314342662, -0.08772780707951298, 0.15396847693351096
18, 40.47589533030614, 240.3340050212105, -175.48418934731217, 39, 20.881590491228376, 31.87976448745578, 18.24322056824997, 15.655758388679088, 0.7036574019450417, 0.4284819192554162, 0.5668064092431817, -0.38333968437798954, -0.44273087575816455, 0.8105800750273795, 0.5982616042075055, -0.7876500596848853, -0.14727673410779668
19, 48.3400265690401, -279.15256070607666, -39.83493603463576, 8, 10.372304742218933, 17.12673870739161, 8.29406232618325, 7.855680963646516, -0.318792709159035, -0.8336319575873757, 0.45103100544871944, -0.8763545299967921, 0.07796445938376508, -0.4753149280499182, -0.36107332543563664, 0.5467899984107585, 0.7554116436068573
20, 290.7375701550724, -58.86437674688505, -131.11560763657923, 128, 36.02646458190014, 61.06656261500569, 30.03386150771313, 25.494722379661724, -0.8788272540231223, 0.08913066526007057, -0.4687412741550243, 0.049095210869469566, 0.9940751644395791, 0.09697539746815233, 0.47460754087547, 0.062211670566872546, -0.8779962358628982
21, -339.89196067038165, -209.85742706542985, -44.31303728715935, 22, 17.000224279437948, 20.69103772217822, 18.816614824450916, 12.619442971570772, -0.4361664535747979, -0.8213238199728777, -0.3676764984618185, 0.6880078457468122, -0.5677262962307147, 0.452031035172349, -0.5800034732368538, -0.05580354212157851, 0.8127003972681884
22, 101.40817085044438, 70.57881766290016, 234.46009336585175, 109, 33.47462899858534, 40.74708412395393, 32.789403051191506, 28.074838786377576, 0.04055333081797011, -0.29585867602552735, -0.9543705104308232, 0.06658027273865241, -0.9522331775799241, 0.29802523852534246, 0.9969566162284169, 0.0756281649682339, 0.018917875724369045
23, 34.793362834003524, 120.15111872877875, 34.58736448833915, 26, 19.745732729163674, 22.005748439059975, 19.331514230658673, 18.09746499831733, -0.2839778963193072, -0.9147603898348178, 0.28734993229738715, -0.053577454557932475, 0.3143583521737059, 0.9477912654069591, -0.9573327586399383, 0.2537562917601924, -0.13828135675846467
24, 48.815296767900755, 87.51826390307178, 316.7911406051017, 6, 10.979851343995518, 14.989718196265242, 13.481628157429622, 6.550185027377697, -0.1263268734146896, 0.9831771250855096, -0.1319252127603403, 0.9727786895220578, 0.14882568617326714, 0.1776303362233036, 0.19427594360861258, -0.10589455058523264, -0.9752144389268109
25, -158.64001282907606, -91.3013182816636, 75.06813852026156, 9, 13.120448962983751, 15.95358099005405, 12.98610360652392, 10.902071947708787, 0.23603736656091737, 0.7960491554942106, 0.5573079073761119, -0.7733902512166583, -0.1933452251855785, 0.6037260498114788, 0.5883484349516219, -0.5735184094123682, 0.5700199585585439
26, 323.8339739123775, 337.88159051385253, -304.67350400881384, 5, 4.080364250539467, 9.13254703071907, 5.188618784089531, 1.4336829509480122, 0.013742527830846127, 0.03442682290878679, 0.9993127322281176, -0.8029587725599966, -0.5951991137915417, 0.031547179124402025, 0.5958761217717672, -0.8028404628605676, 0.019463779079804552
27, -10.830876877752797, 166.76361268014563, 271.8142405560942, 77, 30.9839382416812, 45.81406515551542, 26.425172497146665, 24.569323288231036, 0.14860602121691185, -0.7921793388342009, -0.5919190363405175, -0.5193506880941836, -0.5718929522495841, 0.6349907983139227, -0.8415409159596312, 0.21305010277271244, -0.49640562091334284
28, -225.59651384569707, 128.4326455936195, -178.87566418619878, 25, 17.60765241527541, 23.211966566169778, 18.10174539429863, 12.991879408620168, 0.10979165585651846, 0.17677850440685833, -0.9781079453127646, 0.23569397194375397, -0.9606205516915687, -0.14716150059428937, 0.9656055840215825, 0.21437704179193154, 0.14713374887794842
29, 183.04056551483947, -179.85864024505196, -99.93238118698154, 56, 26.592444664725548, 41.685228418509276, 23.315419297756147, 19.348592450050454, -0.5227916123421016, 0.6432411150030551, -0.5594012853349304, 0.8313410370384313, 0.2395446372599721, -0.501488232061186, 0.1885762715736297, 0.7272270860808296, 0.6599846627534418
30, -107.81611074896175, -10.156150931534372, 153.3422593585265, 31, 22.917889800553976, 26.731091083533563, 23.583883442409125, 19.09377826960166, 0.6862276421709774, 0.5918038619714078, 0.4229182096767504, 0.5006194082407702, -0.8060671800275538, 0.3156515632387842, -0.5277043028184644, 0.004887764126312943, 0.8494140795564458
31, -257.5091762850292, 354.09782058445114, -69.21383767751365, 17, 15.653934636536839, 24.21240792102076, 16.853684234545828, 9.40021340783804, -0.45145839446477853, -0.043673002818766, -0.8912227481904152, -0.8920594695507976, 0.044900033633166345, 0.4496819873693967, -0.020376968666460764, -0.9980364000398646, 0.059229412823642885
32, -256.58283028454713, -188.3803285164406, 336.75983022356183, 102, 33.10259625831999, 43.184090270982644, 32.85153731922019, 25.568585261280525, -0.028526121970310347, -0.9496055618045127, 0.3121466600097949, -0.974103953765182, -0.04366103894933901, -0.22184499303997007, 0.2242938867298343, -0.31039167300009796, -0.9237690521487633
33, 198.56071835480378, 50.3808919257848, 2.163709719715196, 28, 16.972789101865537, 22.456895801240734, 16.384478435142967, 13.288540965719157, -0.9827578979864944, 0.18445554202050543, 0.012769767542470806, 0.152872402708273, 0.7717529776905717, 0.6172741448626661, -0.10400453084056874, -0.608583186132888, 0.7866444960215355
34, 328.57072904769905, -36.538341545696, 96.00597007438871, 10, 14.191525607481312, 19.38694609094253, 14.032143596090965, 10.506397612384546, -0.24827273269127406, -0.18886896591456728, -0.9500995547395911, -0.19024648605113922, 0.9712138473128891, -0.14335249329150054, 0.9498246810581418, 0.14516258644037092, -0.2770575729893356
35, 165.54788268414384, -10.588862826741607, 308.12384306243024, 176, 42.26070555816455, 58.14894610098185, 39.30630155155161, 33.02221501491688, -0.8956895715381898, -0.0872547531887263, -0.43603531907829235, -0.42142522827572937, -0.1463836219374387, 0.894970732594774, 0.14191887968301745, -0.9853722358958831, -0.09434292933265044
36, -134.98951562849905, 28.971925241235578, -36.458879382130434, 286, 51.323371343272825, 66.4744222438192, 52.5622163621231, 38.69165343403824, 0.9389690739738364, 0.3342632395689801, 0.08127216493712182, -0.28538080768703156, 0.6249912947810005, 0.7265973273085072, 0.19208038089459759, -0.7054459356469633, 0.6822398105905039
37, -334.5601426521429, 354.5555494763495, -348.96813151272465, 5, 8.26997557620211, 13.481024917543188, 7.5597995433391185, 5.549827564022151, 0.9388989533772524, -0.33939701181901616, -0.05725752103804904, -0.2661563074799446, -0.6104330116403899, -0.7460109639196228, -0.21824201093222445, -0.7156683636070313, 0.6634675711715629
38, 240.783341873525, -30.38473966583444, -34.97641898160383, 8, 12.2134109541936, 16.534220316630766, 11.517320211932448, 9.566999458447436, -0.5350047779570773, 0.3440806107407234, -0.7716076858581628, 0.05219535130127611, 0.9250251519721405, 0.37630322018480644, 0.8432351586987076, 0.1610496865293733, -0.5128522843891369
39, -330.0046840783887, 12.668839177363086, 229.3781840830684, 8, 9.697515963939125, 15.06341190845104, 11.313408207550877, 5.351366555167165, -0.8839421065676445, 0.4639400653495291, 0.058360671691043066, 0.43975124503855256, 0.7823768790190376, 0.44102750669711427, -0.1589502901029058, -0.41550696136154486, 0.8955940879306303
40, -192.44051904179227, 51.278415768721906, 86.34317663116538, 6, 11.213702229223978, 20.481464819328853, 11.093744667656376, 6.205944379336771, 0.033296347738967544, 0.5561199919302234, 0.8304347703479028, 0.1951522448369255, -0.8185195169568175, 0.5403160202102903, 0.980207607888428, 0.14407065952617323, -0.135781775291602
41, 185.4904064447753, 4.993166962965823, -1.7996675025024533, 12, 12.601924989659887, 19.124274180645262, 11.856070848783801, 8.826426790883188, 0.16063462478805912, -0.47054189989855594, -0.8676328934284689, 0.8426994307025775, 0.5230354441566591, -0.12763852729249908, -0.5138620309117495, 0.710650578410872, -0.48054299348918345
42, -106.08084414316016, -66.90726526970924, 94.00252261664208, 48, 26.54415858304902, 33.631901473945675, 24.960550805697522, 22.279287771467164, 0.07253669606376749, -0.6383881729631309, 0.766289089276983, 0.7532414331372016, -0.46853303563882076, -0.4616320373636194, 0.6537321860896615, 0.6106859545919382, 0.44687458389862084
43, 131.2519757130358, 237.30983564358397, -342.95824189554264, 48, 27.42211825705632, 37.806278002404, 25.72868511772369, 21.199298145363993, -0.9945898372928211, 0.022519612419456072, 0.1014096771038991, 0.0060884468327304046, -0.9619041155124767, 0.27331923345298054, 0.10370142896317588, 0.27245795935636974, 0.9565629482759397
44, -291.94086585777984, -100.44426803675395, -87.74238886489881, 16, 15.286202900849393, 17.304533640098377, 15.91641267209276, 12.968620132031807, -0.4961549803063536, 0.7667727947650372, -0.40729561343748366, -0.6778990690727005, -0.6352197275329866, -0.370065872383937, -0.542478651808132, 0.092495291561958, 0.8349619951658278
45, 345.4529922122213, -245.17294920583387, 111.70982499883459, 52, 25.60035629875904, 37.06244016309487, 27.367928699244043, 16.54101250474715, -0.04776862842744955, -0.6493483508695663, 0.7589893789514678, 0.24569773818796548, -0.7441490191007752, -0.6211882635889637, 0.9681687763956646, 0.1568086623701905, 0.19509039909281392
46, -82.65128082800135, -252.29497405338998, 30.31716094616489, 9, 9.270426012064597, 14.718132952829539, 8.820477038954682, 6.13697396519911, -0.4016941670158484, 0.8973992524385362, -0.18252774558460916, -0.1495787540733232, 0.13234397813013402, 0.9798526765705969, 0.9034755074241447, 0.4209033774816341, 0.08107005803154006
47, 115.08688049566727, -353.9033215740704, 146.03205147283202, 18, 11.795574370058596, 15.863188753249151, 14.260486206707972, 7.2549171070805345, -0.9527057399913493, 0.06574909416778615, -0.29669652779170014, 0.3027684194825184, 0.1213945633927414, -0.9453013509684325, 0.02613536209034316, 0.9904243618746469, 0.13556004667159635
48, -21.073805681726924, -245.92071817825945, -25.62652552925202, 11, 11.047831647974077, 19.609171308643923, 11.11512537285795, 6.186678340358821, 0.32494520239081387, -0.567017321091392, -0.7569028821622588, -0.8046477610573526, -0.5863009286563062, 0.09377207303959295, 0.4969432523624639, -0.5785694242172614, 0.646764891821072
49, -98.19809804435097, -335.6148874652209, 90.72473492304569, 54, 25.68458856322788, 31.873602641998428, 25.02460293095989, 21.243178109117242, 0.11560104285640563, -0.9904826930078073, -0.07470230078460274, 0.2823730611280366, -0.03933373270593217, 0.9584979456527805, -0.9523139467841966, -0.13189727943904037, 0.2751386094987147
50, -212.65161620736114, 169.221487860318, -167.82607286701347, 31, 20.52419054953239, 24.725340377952442, 20.091534647834692, 17.403745527959266, 0.34216050688726823, 0.9323915169977952, -0.11649998522402463, 0.726275466142959, -0.34109165677082653, -0.5968085362661633, 0.5961963894602816, -0.11959323020925333, 0.793881177811038
51, -145.81641704162325, -30.508934505253375, 160.10298351241917, 48, 23.885173450984205, 34.58112751239725, 26.507907221902315, 14.865194880076906, -0.2064646800444666, -0.9757383703279761, 0.07284894346413882, -0.0714527133112969, 0.08928978812499115, 0.9934394010190293, 0.9758416088969508, -0.19990489340258652, 0.08815434157834152
52, -60.62304866856634, 182.89882182810462, -36.417024001077884, 41, 21.844621156069294, 33.21709511298146, 18.495757992595138, 16.96679324261841, 0.7067044043882916, 0.7019280350207602, 0.0886900133616216, 0.4920061085028196, -0.577652513404707, 0.6513428919955573, 0.5084278454354187, -0.41667086220315297, -0.7535824563886682
53, 269.8182339918715, -132.68773325235068, 346.0847696273285, 60, 26.199121146260516, 31.934335543495777, 28.603418868051357, 19.687217488951248, -0.8782372035338447, 0.4629935038924472, -0.11973483069870107, 0.46564539506254626, 0.8849475474137842, 0.006496490081068661, -0.10896687747245687, 0.05004851326186004, 0.9927846523462074
54, 136.41246374467653, 267.14778583158125, 123.81478664061993, 65, 27.29719900932809, 49.35358024762488, 25.856757684706814, 15.939016835071325, 0.9183156500333288, -0.22997147597415737, -0.32219479688867136, -0.22861329875291883, -0.9725845272095132, 0.042606303124729974, 0.32315990861673016, -0.03453198040824165, 0.9457141300582917
55, 8.56764458233056, -32.91540340598872, -200.32269138634305, 12, 11.614857114319603, 16.4711122276569, 10.435627887729837, 9.115911567184686, -0.6471777118950426, -0.6986218462938357, -0.3051041217474608, 0.2621108380698941, -0.5797384485310288, 0.7714928644265826, -0.715862359530514, 0.4193218896931416, 0.5583101602439073
56, 355.36388433193656, 245.93818387293467, -22.232558205650154, 5, 7.15915940007685, 16.477982924653567, 9.494637836075588, 2.3453283020759605, -0.12983962068517063, 0.6796073611484936, 0.7219941187939913, -0.13494972928133325, -0.733494502525647, 0.666163932775971, 0.9823086294374217, -0.01093843852819, 0.1869494773871787
57, 336.8091557348101, 157.24862478258984, -254.8657230630823, 71, 29.629821198806344, 43.714598728452216, 25.661127124082412, 23.18915203039861, 0.18548816884243058, -0.09863592201105333, 0.977683534743483, -0.4717549459918197, 0.8638521836908443, 0.17665411307075513, -0.8619984977665202, -0.49399429108198123, 0.11370237564217178
58, -271.70959194495805, -66.85047158027999, 165.52496348080317, 7, 14.987903666623748, 20.524968265325214, 16.893763291488007, 9.709878153143945, 0.6108915605043752, 0.6045128621778649, 0.5112491572277209, 0.37281763954660196, -0.7893208520166684, 0.4878315285163318, -0.6984400539397987, 0.1074094597007478, 0.7075625053798177
59, 153.64328368728903, 305.3050152771912, 317.7759077408149, 25, 20.28429444428978, 30.231527786771263, 18.360019999376917, 15.036490110616008, 0.16718773797354242, -0.7492485030218395, 0.6408392473864427, -0.5120584108835897, 0.4894597636375465, 0.705850779997621, -0.8425226668254473, -0.4461567219031999, -0.30182732710264515
60, 116.58244342205451, -175.4974362058121, -227.43978326001533, 61, 25.851695799012408, 35.70905509903163, 23.09940864179272, 20.945362946592198, 0.6287376295359779, -0.7774387659989018, 0.016672082280991277, 0.4391434335291966, 0.3726788598099991, 0.817473860278668, -0.6417492017865437, -0.5066551416622797, 0.5757243519545696
61, 326.8405632374697, 71.32153560072933, 265.6072149190013, 9, 9.92444662610582, 14.33556811786767, 10.525995988538302, 6.477997743945754, 0.5611851054706176, 0.43247369961665194, 0.7057179156984876, -0.4406521568556339, -0.5656479536732356, 0.6970423725741203, 0.7006403885420891, -0.7021459190546985, -0.12686273802193995
62, 38.45301783748467, -187.29142581457467, 161.50731739306255, 20, 14.79364818927816, 17.321914650629015, 14.392627635200428, 12.986432886175834, -0.7482306719575721, 0.3407467218988854, 0.5692473390865203, 0.02062533159280959, -0.8456636194399193, 0.5333175774831186, 0.6631179813868767, 0.4107854844939613, 0.625723444095277
63, -221.0333790758306, 64.11866629699186, -177.68339720804437, 7, 13.24386349731783, 20.224651787969727, 12.122444739484749, 9.47486043706331, -0.9919630086942655, 0.07445313577013196, -0.10230405640156685, 0.02103321540979388, 0.8943283425552065, 0.4469165688939964, 0.12476775718007393, 0.44117292105981704, -0.8887066222842062
64, -165.428605353587, 273.0764343091472, 227.32936387588384, 28, 16.849791461309717, 23.841279161239402, 16.290281485140284, 12.317581631256505, -0.4312802780908623, 0.7308814012884542, 0.5289704140880606, 0.8993410063614926, 0.3014789534108596, 0.3166957450408679, -0.0719935830929831, -0.6123094135328299, 0.787333541831234
65, -280.0869436939072, -73.82234459962106, -180.27157268794272, 10, 12.770553336199532, 17.35674066059809, 14.341771232568972, 8.366776744202726, -0.07922968360834873, -0.596936698777962, 0.798366604316206, -0.488800896650193, -0.6747306748474888, -0.5530028931694838, 0.8687901591692253, -0.4340565563056515, -0.23832449571706024
66, -265.1847634329392, -175.06519475396988, 114.4683940683737, 16, 14.853989372970265, 19.375252601791676, 14.087763098746901, 12.00714937395593, 0.16336539527446337, 0.4272837273053628, 0.8892358314906428, -0.3825330218616841, -0.8033964659184432, 0.45631415245982054, 0.9093845362728505, -0.41470801165373233, 0.03220295418157093
67, 300.56601661603696, -349.80609689981713, 83.81808148683479, 25, 18.622211861340432, 28.88850435893124, 15.644955265536607, 14.288755543346923, 0.6156981446234405, -0.1707890772023236, 0.7692508601331765, -0.42984794041019275, 0.7453885459085843, 0.5095357335392698, -0.6604139178063737, -0.6443811036464933, 0.3855210116594992
68, -296.3906511835488, 139.6848779130611, 248.5824040353684, 213, 42.759563373296665, 52.73239450688784, 44.49899518426445, 33.31747562909439, -0.3190912732372033, -0.2700971231199405, 0.9084207744356092, -0.8059609590406323, 0.5816268843305498, -0.11016850696202414, -0.4986057479072658, -0.767305487733712, -0.40327979945388587
69, 54.62780115901568, -271.3134867619562, 117.55508301885945, 133, 37.695140882223846, 44.24790820476663, 41.96252843357077, 28.84707072726298, -0.3973489817302878, 0.5909486487573982, 0.7020637301910053, -0.45750206430083107, 0.535625826528756, -0.7097864714939734, -0.795490821995064, -0.6032285375271907, 0.05752984994265147
70, -253.98052324930552, -252.54460916476398, 41.212658201940144, 36, 20.961381125726206, 25.94202588928988, 19.28093893361485, 18.41312985649601, -0.9244884640594301, 0.3349892231672392, 0.18194312348326175, 0.3528718253918071, 0.9325831700758369, 0.07596121204902166, 0.1442309074563739, -0.13442786635632437, 0.9803706411766915
71, 33.65557380202347, -293.88834248526143, -227.02793282727174, 5, 9.885972192752766, 18.00907128320294, 8.681213231520864, 6.17997065465376, 0.3994795541419137, -0.6770239628146353, 0.6181056864301971, -0.5649395848893052, 0.34919578980157, 0.7475998701243582, -0.7219829300251345, -0.6478432327034254, -0.24298105809444775
72, -88.93557373021287, -89.08426851190212, -130.4359023646175, 8, 10.985963082282494, 19.688658487511596, 11.558617315255823, 5.826293984811886, 0.5731867263379924, 0.65396800521706, 0.49374368340501806, 0.6419278572774842, -0.7328647900576024, 0.22547244963623417, -0.5092991290008981, -0.1877100094460752, 0.8398686501785149
73, -130.45452885272206, -175.53658934153384, -309.3599991892829, 5, 6.611752580435415, 11.022329617575235, 7.070537785050146, 3.7087190787659434, -0.860668373281742, 0.28404168871394814, 0.4225757568828206, 0.45566330253168175, 0.05933981491068783, 0.8881721348321431, -0.22720234584722496, -0.9569739314312036, 0.18049927590609322
74, 56.11975031870814, 80.15777372027162, -229.2804465511513, 17, 14.900663026047914, 20.064697995431846, 14.274838159154287, 11.550823817931619, 0.46801517000432047, 0.155226176486174, 0.8699808243744859, -0.5850133621474869, 0.7922806595986651, 0.17335144226338997, -0.6623602998026993, -0.5900815117925534, 0.4616087549926809
75, 288.5888167603801, 174.8202456765033, -84.73265107765658, 26, 18.447561096222042, 21.771633070195694, 18.423045739869554, 15.651805247530548, -0.4076616800716872, 0.36714460983010433, 0.8360722397459622, 0.12751890743777347, -0.8837463759470316, 0.4502568947238503, 0.9041852038421142, 0.29016750071844344, 0.3134516528586292
76, -156.01233637378638, 127.51741728448378, -71.90939154698597, 8, 17.069172063983206, 22.751431682896513, 16.99935294818076, 12.858675808122284, 0.5872575491642679, 0.4131336357546824, 0.6960238285846936, -0.3975951776263481, -0.6017820180803158, 0.6926589907331422, 0.7050153513774369, -0.6835049390628419, -0.1891410917776727
77, 11.985136857188309, -144.1893824363478, 76.85783128405264, 51, 25.08688277958433, 28.31220966885279, 25.66256969642021, 21.730323609339877, -0.8531775951730138, 0.164789580620329, 0.4949064408691494, 0.5201151129439113, 0.3407882532320958, 0.7831625857677059, 0.03960126743091807, -0.9255850909440975, 0.3764624536920934
78, 327.5175129560401, -223.9267376713351, -347.61055420436645, 14, 14.388520517216058, 19.239707712254223, 15.802964374137817, 9.797412425168355, -0.1718452953962579, 0.9837490509507907, 0.05202883050378314, 0.819952865543469, 0.11355951131454882, 0.5610539507721649, 0.5460279230380318, 0.13907567056613246, -0.8261425210696721
79, -72.64243864373357, 330.7161096449863, 292.93789489119644, 99, 31.909679326212444, 43.439427388290746, 29.888246018735416, 25.025502014590614, -0.5110200020769438, 0.519798378992255, 0.6845934579546495, 0.858433716019143, 0.26769912214586955, 0.43752569662123436, -0.04416008014990912, -0.8112624884705034, 0.5830120600140275
80, 64.58869474016844, -197.64808395614023, 239.3698837051192, 10, 10.243921223224772, 14.0952454845953, 8.901480736770019, 8.567690897782741, -0.5676137726693146, 0.5461226524152282, 0.6160881865407448, 0.8204714828770459, 0.3133064095744197, 0.47818996173605277, -0.06812599255533709, -0.7769099962277124, 0.6259150955998792
81, -32.24654489884693, -96.2921563090618, 55.19517240645683, 12, 14.913432563710964, 22.287280209388207, 14.737288725817258, 10.098530437804571, -0.5781110569058043, -0.8088586196483265, -0.10740269691147182, 0.21735061863557548, -0.2795262525392367, 0.935213228477925, -0.7864771544437807, 0.5173130653308253, 0.33740313865765775
82, 264.70579377671345, -16.75938814721227, 157.57042453072472, 10, 15.259314541125928, 20.537188552714067, 15.721365637209901, 11.004588743103882, -0.9535969499762166, -0.021973592265731163, 0.3002832300329083, 0.1259321101311839, 0.8767968285747278, 0.4640780376609162, -0.27348484534607115, 0.48035870205945097, -0.8333436006364933
83, -300.1594033661977, 264.9438748099539, 193.2482231634029, 7, 12.610139285768332, 17.505386333630586, 13.154248103079157, 8.708070214376242, -0.17749439607607373, 0.7837405413868711, -0.5951861079932932, 0.516067187604242, 0.5890884935622347, 0.6218113899172524, 0.8379560831212087, -0.19678798372662668, -0.5090226834051415
84, 34.52956622555371, -56.90542070994695, 34.234510596167276, 9, 12.932963167444969, 16.47766786207446, 13.64610804383306, 9.620321193405283, 0.9528655631913835, -0.27549510001531863, 0.12708134541118543, 0.24556013866132254, 0.9463083833737188, 0.2102395344773452, -0.17817810411102655, -0.16912389962441257, 0.9693552856364027
85, -180.77887615975234, -75.14216404720258, 300.8068532931285, 30, 22.518106029915764, 31.129735772877666, 19.658556549845354, 18.658147355331593, -0.9012518290812911, 0.39733623241364235, 0.1728266732566459, 0.4332912020293927, 0.8246358859350733, 0.36364046786902104, -0.001968456642005241, -0.40261591379304473, 0.9153668942773932
86, 295.2624530875888, -343.2039590151101, 196.06579330349004, 19, 18.74404651755158, 22.059650321115846, 19.52347959854203, 15.290941024490548, 0.4700446077367433, -0.6799445777222115, 0.5627907585984109, -0.6308211081417955, 0.1871831664518284, 0.7530120793983482, -0.6173514365905115, -0.7089695574728371, -0.34093895394395923
87, -132.08794305204015, 142.48669984192276, -1.1127089115336464, 8, 12.05051083459871, 18.093980935999163, 12.765966497583573, 7.575800749968462, 0.2252736764422117, 0.8232087646078107, -0.5211325172881578, 0.5253579575069194, -0.5530936475763298, -0.64659603578654, -0.820518608677687, -0.12812004871835228, -0.5570767145825068
88, -129.21729363240112, -307.777902841827, 103.01577504555404, 52, 25.2467313940935, 32.38635275651692, 28.463754515182316, 17.45666394082476, 0.8359202359992804, 0.2022687109644543, -0.5102202736188415, 0.2857677642252225, 0.6332714808857774, 0.7192384975975994, -0.46858739203762695, 0.7470305215059908, -0.47156256844862354
89, 153.4958832883264, -278.92592959991475, -56.49862915040165, 13, 11.93313891490558, 17.81201135286733, 11.310471879383297, 8.434714777614174, 0.29384267114498513, -0.4943055103258849, 0.8181189076630895, -0.9050749725394045, 0.13137402687335542, 0.40445044090206556, 0.3074016569525559, 0.8593037457875679, 0.4087802512087368
90, 79.18601989773322, -84.78946791759974, 235.9746617557722, 6, 9.069581327095436, 11.859116699465003, 9.16099135090387, 6.866997710232367, -0.021018828397846218, 0.895948347878034, 0.44366064372153097, -0.5426475660046087, -0.38292891326266076, 0.7475955233257832, 0.839697462162448, -0.22503778643174413, 0.49423290735830705
91, 225.36022686779486, 23.845437668442106, 147.03901749619126, 11, 13.351256164237107, 18.666256091995802, 12.544893385356703, 10.16347424959654, -0.6980170980811392, -0.6475518148228464, -0.30569392847425586, 0.0012188233080640315, -0.42797223722133826, 0.9037910591710376, -0.7160800550609749, 0.6304890255090893, 0.29952119032961566
92, 351.6832526391289, -161.98854906654253, 322.83525014979057, 8, 12.231002437272554, 20.676435153947782, 11.986270887247265, 7.382890139712104, -0.31623241541342784, -0.6974935284377698, 0.643039530067335, -0.10464332033155521, 0.699333982375146, 0.7070938810407755, -0.942892801410519, 0.15631621439489046, -0.29414011315268446
93, 2.0612845962462956, -16.270361435719867, 153.88128555553791, 24, 17.04884979431921, 24.64179565740351, 18.183721816614046, 11.059363251408971, 0.3939134282731238, -0.19073387126485147, 0.8991400343541809, -0.6396496057366283, 0.645606016281711, 0.41718251835597686, -0.6600610524088587, -0.7394683644978889, 0.13231003363210017
94, -184.90927580756238, 65.91025173018139, -295.5143913392128, 100, 33.27592065052811, 55.215584378753476, 27.277772606355615, 24.463560309040144, 0.36309700329693145, -0.3709777412982006, 0.8547140350187737, -0.504470158984188, 0.6929660117615736, 0.5150805424763458, -0.7833711922781288, -0.618201926561656, 0.06446668212495565
95, 120.80926694730194, -182.8463992248584, -190.1718062724099, 11, 10.582644789189269, 13.614099930287367, 10.008884093452748, 8.697772884478377, 0.49947899788287153, 0.6934239551552904, 0.5193110330916495, 0.6027920666326959, -0.7087147860253343, 0.3665584216380085, 0.6222237982258539, 0.12994833775719392, -0.7719786100893818
96, 78.53010700279354, -111.82278446560996, -247.83504701733747, 7, 10.034128849153449, 16.380325186252577, 10.703112893465903, 5.762439717260721, 0.7589569202031914, 0.17372833171997296, -0.6275371383698989, -0.2983702525053245, 0.9494035272183334, -0.09802109428738306, 0.5787569314449681, 0.2616322022671939, 0.7723917432502905
97, 330.6389701780096, 287.153707820437, -207.70809948821403, 26, 20.857815696514724, 31.366795911471275, 18.99704216886502, 15.22826171146871, -0.395042363337833, 0.9013383076549616, -0.17756910294910389, -0.29901500818487114, 0.05660807554651302, 0.9525678719456803, 0.8686377588204773, 0.4294004901448183, 0.24715109349288358
98, 9.571996180443668, 307.52765485339785, -91.75001285232601, 16, 16.472028922164526, 24.830003069494992, 18.247243518002797, 9.864322155334555, -0.035249893455478465, 0.779318933645677, 0.6256352329215021, -0.5282563235576053, -0.5459495397512226, 0.6502955917633386, 0.8483529345931325, -0.30757291770699413, 0.4309248178747969
99, -85.7934690654772, -117.81141161301693, 53.462514982558105, 81, 31.170163517496448, 47.78262256733506, 31.48084012399307, 20.132650089446273, -0.044984016216927866, -0.8398357734557723, 0.5409734854028798, 0.7508338614764076, -0.3856247483296913, -0.5362294899910756, 0.658957472637971, 0.3820594549276414, 0.6479240867223346
100, -65.43387181557087, -238.55614339775082, 11.583868213708058, 6, 10.756499456296922, 14.783892171307684, 9.555739496465158, 8.809673047681255, -0.8032773028015187, 0.06551691752262907, 0.5919908008763738, 0.5852819005917405, -0.09742236891998295, 0.804955886290509, -0.11041137461166287, -0.9930842942833967, -0.0399113117300196
101, 106.41968387225604, -107.38430499826822, 232.05418400183999, 77, 29.03560083775841, 40.62212585041477, 28.146345538334046, 21.409562361459244, -0.9693198576367485, -0.2369210839527829, 0.0654783442804704, -0.17081749179098385, 0.8408263506868726, 0.5136462133500385, -0.17674953490550008, 0.48670262786349777, -0.855499943858242
102, -52.010014160582756, -58.238898719041515, 177.25186436198112, 114, 36.35239822258467, 69.66229220223131, 28.94106040376361, 23.827967624217667, -0.838230642046579, -0.3422042753720073, 0.424576994962397, 0.16474249377542285, 0.583296738682642, 0.795377159206152, -0.5198358408948286, 0.736655379780341, -0.43256161406422566
103, 306.4633350167112, 153.98398925763752, 274.0817079924066, 10, 14.965619430918828, 18.256325551085887, 15.873603759552232, 11.566319495101586, 0.4261857397515347, 0.4365587403362675, 0.7923270672319913, 0.2716538310569539, -0.8971898872796383, 0.34821617170262165, -0.8628846454216907, -0.06683391653316233, 0.5009623901016135
104, 34.76980491701545, -260.8447219394489, -46.45115575945992, 8, 9.386761580546194, 12.34549758717, 10.065312328356391, 6.655972313616702, 0.4280785363194034, -0.9036117224008633, -0.015317371914991265, -0.8500178629109644, -0.4083297814213002, 0.33277082554922083, 0.3069501579652859, 0.12943200819031633, 0.9428833203429298
105, -11.19469816967527, -103.1814512809458, 217.04282628256954, 68, 30.09604945216173, 39.344459865858354, 31.27150288270742, 22.156243748365213, 0.03467665090305278, -0.935124669711535, 0.3526178979845469, -0.022840309303993424, 0.3519964064355585, 0.935722635254353, 0.9991375531692549, 0.04050162902089086, 0.009152480188911202
106, -230.13981544039171, 342.4290378759028, 267.43525489053104, 8, 10.621497492802579, 15.49708016289681, 9.963159602698862, 7.760867802146224, -0.38418923492002843, -0.34083087952396074, 0.8580401758277327, -0.9207546189991317, 0.07310113171351078, -0.3832325092342348, -0.06789376527581119, 0.9372782596993953, 0.34190627448402583
107, 67.67904004003712, -76.46818933142367, 206.1984402870905, 29, 19.39225410928644, 23.20470513047856, 20.871107673439994, 15.057862511824073, 0.635737403054578, 0.7592332267390243, -0.13929415555891092, -0.44648839122421413, 0.5088924210778926, 0.7359868343058141, -0.6296713991118179, 0.4057011353015049, -0.6625107681808922
108, 1.5327695152541096, -272.5463571981338, -129.82259510801376, 13, 14.789550907938876, 18.690598094840833, 14.661440289591223, 11.804976448111923, 0.9306190726286417, 0.22824327889721302, -0.2860998904195106, -0.24464246123077296, 0.9693536239959993, -0.02244143063114367, 0.27220985989261426, 0.09087660471249935, 0.9579369681211659
109, 246.7903440752493, 342.26220562287426, -18.779478194937994, 140, 36.66573131004461, 60.32050351671934, 38.10349382393446, 21.44624669445968, -0.9878182648535869, -0.10242934609522408, -0.11714650946636791, -0.11652062805830396, -0.01209330537566749, 0.9931146435341639, -0.10314077204746623, 0.9946667688344653, 1.0856193918890774e-05
110, 198.32144891056913, -110.91072931353065, 50.05184667153644, 26, 18.14786702988708, 25.542858016228113, 16.428711851941102, 14.243075085898823, 0.6608108286748468, -0.26237216608204844, 0.7031997548147159, 0.50703237401201, 0.8468521799854928, -0.16049784097477413, -0.5533960791420626, 0.46260375238343293, 0.6926402730645682
111, 132.42601511157937, -232.75683039929044, -174.39995736616862, 8, 8.96430075255944, 12.477337253165684, 9.989844334755587, 5.779211935849414, -0.8078379774801128, -0.14727361911349177, -0.570708579972349, -0.5838604268142101, 0.06745799516374872, 0.8090466123090906, 0.08065236599858523, -0.9867927340641001, 0.14048236849202267
112, 54.597859049423235, 24.52929488084321, 205.01186063942387, 57, 26.510852479182123, 38.02408887267353, 27.024897264694165, 18.13210441038266, -0.4902703184030442, -0.013377514187027003, 0.871467760165087, 0.8713278324476654, -0.031112824492976688, 0.4897139987320379, -0.020562667507680186, -0.9994263525974514, -0.026909894810709645
113, 50.21930159198353, 207.34489998385047, -208.1665847186332, 7, 10.256028536920375, 12.219798517528695, 10.529377550214397, 8.384379319933423, -0.6756771436549467, 0.10330495896145517, -0.7299236144941912, 0.7352761806787489, 0.16587887113717173, -0.6571553379808531, -0.053191499967247674, 0.98072028915702, 0.18803823751302573
114, -288.0788541653612, -208.591928515608, -342.25683977119877, 5, 3.6342865488253726, 6.109654519999571, 3.8508315539450786, 2.040263805485669, -0.797452710945873, 0.14034039021723785, -0.5868336635527579, 0.04684862396715354, 0.9840401603079079, 0.17166877798123725, 0.6015599556465357, 0.10940538275085196, -0.7913002476858437
115, 154.14685572792223, 285.3707210359063, 234.3025470044709, 156, 41.18937889692746, 64.48216861412958, 37.91112949088941, 28.585735509392524, 0.4953027249201634, -0.8658308907853581, 0.07079603977973731, -0.7594053445702768, -0.3919602298753961, 0.5192982773263607, 0.4218752580144505, 0.31097274278923553, 0.8516555758740624
116, 0.6160927415843876, -333.74557052858074, 111.96136561305809, 19, 18.415297920369273, 24.864899106714972, 20.541746804439303, 12.22678215483097, -0.1711115045633766, -0.9817473894164773, -0.08302358929839862, -0.6448207655971553, 0.17530213886543644, -0.7439592329986245, 0.744934247608979, -0.07376464927819314, -0.6630473160009847
117, 239.65516732077288, 333.2413826909096, 290.35016324197954, 25, 16.386745960488334, 21.499131651702204, 19.596217365642083, 10.444436065940545, 0.0189541863844034, -0.9984692883282223, 0.05195978333132606, 0.026246181024567657, -0.05145431808815809, -0.9983304017867572, 0.9994758010077738, 0.020286286387993843, 0.025230730953608456
118, 257.35385872225874, 6.785882632757582, 322.2267861646391, 37, 19.024562163458782, 28.380128982630442, 20.171498377960233, 12.027946485804412, 0.8752166286597448, 0.20153079171370408, 0.43975128528375884, 0.4016291687595604, -0.8094254392683898, -0.4283975595946815, -0.2696105779063108, -0.5515576110039835, 0.7893632484633444
119, 166.9086819449466, -106.51785370898047, 274.0705701243782, 95, 34.366984894049956, 56.44368351219905, 30.929989859120756, 23.250332624056444, -0.8522272248219379, 0.06092260113215196, 0.5196125421346088, -0.1415793377160097, -0.9829938177300374, -0.11695488632982527, 0.503650720642981, -0.1732385377905825, 0.8463594748214183
120, -206.4480402207177, -207.8911265141707, -1.5031649384613088, 14, 13.860356480688663, 18.966061715630072, 14.44624091406995, 9.718319842147661, 0.5869524845223255, -0.770462602942826, 0.24874516755031517, -0.6702771774449854, -0.29010280469211563, 0.6830584660965354, 0.4541093329909142, 0.5676510725580751, 0.6867000608083662
