# Void_ID, X_c, Y_c, Z_c, N_particles, R=(abc)^(-1/3), a, b, c, vector_a, vector_b, vector_c 

0, -87.56257249127923, 337.78727125168416, 295.5976774144855, 94, 32.32424232114138, 37.94532848814347, 33.76042710238786, 26.36445586855231, 0.13396990183863794, -0.7500497901965061, 0.6476707324154171, 0.9471559619592651, -0.09530510519391062, -0.30628829662427, 0.2914577999065467, 0.6544786086268637, 0.6976461149633674
1, -300.61987360643076, -286.3236098135613, -355.71331182242136, 10, 12.391752159723403, 20.328230436872065, 14.476111447909556, 6.4661632233508675, -0.403832809294934, 0.9107735947466038, 0.08608438446844326, 0.8838083216333886, 0.41270436740931776, -0.22035869788335444, 0.23622428484077343, 0.012905976662910577, 0.9716128462601972
2, 44.76997031823293, 173.0786178970611, 23.43806298332039, 6, 5.717857757063762, 10.6652161932201, 5.700411747449157, 3.0748515390635918, 0.3360900011548814, 0.7909465443418281, 0.5113189563446991, -0.5663840075414583, -0.26402862166538177, 0.78070355637896, 0.7524976193483864, -0.5519895387914514, 0.3592420937749525
3, -33.719963300524284, 172.95099396302888, 65.24843780420561, 10, 12.007074455101709, 18.436326007306146, 11.513987332169068, 8.154765645011544, 0.025013486233137185, -0.48239555240736537, 0.8755962862667117, 0.3604311909262043, -0.8126094002493309, -0.4579905230831099, 0.9324503644237493, 0.327048151873719, 0.15354420940563626
4, -292.2457758287168, -351.2787155490184, -241.47389515081045, 27, 18.406874674195947, 23.825220663940915, 22.854679891422467, 11.453232886494016, 0.8189089981725917, 0.14778269694669807, 0.5545703987728904, -0.5499433148047571, -0.07434095620960104, 0.8318868749604108, -0.1641657796665266, 0.9862219307605173, -0.020393628256856956
5, -76.12974614581054, 264.9018660014609, -347.98021458490706, 12, 9.911657437028907, 15.290887416964418, 8.827915953296454, 7.213532131302612, 0.22898273930942797, 0.7836882449618021, 0.5774076894249338, 0.856600597260341, 0.11953590837216657, -0.5019428088765373, 0.4623876316161346, -0.6095440109773298, 0.6439361589552886
6, -222.09330892033867, 162.2112827509696, -158.29718677755014, 59, 23.236582947544253, 42.83729085536467, 21.371760714316462, 13.704225296491533, -0.7140658563702064, 0.522433259273842, -0.4660187146143323, -0.24414942943790408, 0.43803744053343807, 0.8651671843037394, 0.6561257569029201, 0.7315645496437243, -0.185235797925631
7, 35.173703572819065, 211.91841796914315, -337.5681150780713, 8, 11.540216036996801, 15.647809074692088, 10.603365626441265, 9.262848087715858, 0.5584258062707201, -0.3667331248535707, -0.7440883240758664, 0.3332726001727587, -0.7222230056583564, 0.6060720287819742, -0.7596643948909175, -0.5864305118536602, -0.2810858621525996
8, 24.413473238408724, 99.71460569736756, -341.6017109744492, 124, 33.01838555405189, 50.35009742325306, 29.767009696106587, 24.017731157409703, -0.9739004174590132, -0.18616146245576848, -0.12985332791072143, -0.18644426698302968, 0.9824137869218047, -0.010083976156242585, -0.129446947365786, -0.014389619949408851, 0.9914819346086903
9, -111.46943987382284, 35.013388367868416, -45.17177528097078, 197, 41.76283090632422, 67.46733878395477, 43.79795080074002, 24.65031185463715, -0.8740258316668562, 0.18675183168996282, 0.44855612685538465, 0.02105116405682289, -0.9077622321308945, 0.41895653522601695, 0.48542321130217175, 0.37562146274830926, 0.7894762964471496
10, -348.2603094982847, 348.40656752213636, 42.02513315048492, 41, 21.639187161373368, 47.378282998242106, 16.926247486366833, 12.635220501300681, 0.16078786791081592, 0.17557746081504458, -0.971246527296976, 0.5433786977253354, 0.8057453465633517, 0.23561414929885421, 0.8239459038013437, -0.5656385698882681, 0.034149024345382875
11, 264.23301518082843, 114.43362665978123, 65.28968440113513, 46, 22.21560589966301, 27.86622732690637, 24.64950115834521, 15.962032001026797, 0.5069963390120686, 0.5049759834512079, -0.6985370200396291, -0.3184549298746167, 0.862815990172994, 0.39260033716280585, -0.800962651980049, -0.023405624095097312, -0.5982566396571007
12, 97.82039881785315, -320.0765729127823, 258.400677756347, 31, 21.418364436804715, 26.42373235370124, 23.244413706774278, 15.997280262897117, 0.7506459428997865, -0.07715568959117089, -0.6561841722960113, 0.5793795937718055, 0.5542321522065964, 0.5976169406745947, -0.31756881888640776, 0.828778451109918, -0.46073454857101515
13, -324.21323323826834, -338.10170582902464, 279.87226068385877, 10, 10.390392086863896, 14.298564208813909, 10.989252901121707, 7.13896430538631, 0.11050265955516501, 0.7617680857883256, -0.638356127647903, -0.2511766005458423, 0.6428445870262228, 0.7236443548244672, 0.9616129562196372, 0.08037549630002279, 0.26237435473966464
14, 77.92630759848119, 161.17648719039204, -319.32935828301237, 30, 17.840548274296495, 22.580458782462987, 16.69183324786699, 15.065647156708998, 0.87435006366025, -0.15813745356146972, -0.45880770695184575, -0.21669160666232096, -0.9731565608243068, -0.07753099848905132, -0.43423117550380813, 0.16720901263299529, -0.8851465597938456
15, 195.90623596070105, 294.7755658058699, 110.0389592237232, 30, 18.909962575286237, 26.726102101928387, 19.24887088088187, 13.144108199649988, -0.9873248774089851, 0.15543438708130558, 0.03208952729460479, -0.12094695111117884, -0.8677726051413606, 0.48201923279376174, 0.10276877670889335, 0.4720284494379928, 0.875572796205388
16, 38.77928055344579, -70.15931248762097, 127.19272023639739, 29, 17.71864407043119, 27.69931125727212, 15.827128687462134, 12.688794051907758, 0.4979091633413484, -0.852153916517993, 0.16099741495988096, -0.5473825104340394, -0.16481719973688427, 0.8204923387465728, -0.6726506168373353, -0.4966578230874225, -0.5485181441250733
17, 23.462557899493206, -72.00831248338295, 185.72787455832744, 33, 20.036878757651568, 28.51902646101701, 17.585958273793313, 16.039450159137886, -0.3694042032294629, 0.6600847469529189, -0.6540861269561576, 0.8844633282394937, 0.03382032314952273, -0.4653824306326781, 0.2850704397792259, 0.7504294187877785, 0.5963141217361163
18, 70.80964174459278, 294.4223881093716, 60.19732186031389, 5, 5.822296920055806, 8.895265170579943, 5.9401922874688795, 3.7352841551747398, 0.541644125626733, 0.1411390167802278, 0.828674495273242, -0.7560987128977809, 0.5125858655133605, 0.4069035104668406, 0.3673368719967694, 0.8469566154285759, -0.38435415186179583
19, -283.45367911922074, 226.9728351443767, -195.40871676715503, 367, 55.00134222538704, 74.3431763095, 59.28839995021483, 37.749310319200305, 0.026394127729359656, 0.9903104696532888, 0.13633973638117727, 0.7065723832398, -0.11496116822717685, 0.6982402144267201, 0.7071483700499036, 0.07790445105978071, -0.7027603284483543
21, -355.5538562808467, 336.22149357846183, 299.5668579348946, 6, 7.799913326357652, 13.937204696762182, 8.100635866391983, 4.203146632289091, -0.31157896563306453, 0.5565091805704061, -0.7702052194810709, 0.006203848301220532, 0.8117285166409361, 0.5840019927518749, 0.9502000107563068, 0.17718450048680884, -0.2563700301243396
22, 247.1606074913277, -334.08521090264554, -50.20701068145011, 7, 7.507300661598034, 9.99538665378102, 8.76467514507359, 4.829653852724077, -0.16323594828286428, 0.4647051931544319, 0.870289094866468, 0.7930629072914656, -0.46291404199947117, 0.3959315784300618, 0.586860503242979, 0.7548242664190216, -0.29297623889725827
23, -4.076698126893139, -3.906006126318637, 306.08315721675046, 26, 18.47001597514042, 23.868649298685348, 21.25356409496447, 12.420589274087298, 0.4941977224047146, 0.5326172955523111, 0.6870861864777482, -0.44725493745405615, -0.5219577605976954, 0.7263078665929533, -0.7454740988746433, 0.666242382793516, 0.019734621269648932
24, -132.10823204807545, -222.1891638990619, 203.87349317180673, 145, 35.741588149585056, 44.6752277108532, 37.779090842110115, 27.052241839505918, -0.5577963987959476, 0.829929315844184, -0.008972635770897661, 0.26829259313982234, 0.19052896667301272, 0.9443081050826705, -0.7854185266191409, -0.5243243686506653, 0.32894025974711455
25, -75.30775385654321, -206.75277101681482, 311.2293339440745, 52, 22.68619383334235, 38.77122503514161, 19.633705939251364, 15.338154558483277, 0.07193249617332538, -0.4635937387528772, -0.8831231858486128, -0.8434852469653247, 0.4442696591117461, -0.30192235449628146, -0.5323141498646451, -0.7666194071257665, 0.3590770536695687
27, 106.47132114302275, -136.81355009245235, 79.71035747199187, 18, 14.806151085465055, 18.62240229699761, 16.907630677006008, 10.308799026848137, 0.007677109998476744, -0.20305515582085562, 0.9791372047249759, 0.8443298476821004, -0.5233057680438359, -0.1151441767749121, 0.5357687656957926, 0.8275987414361012, 0.16742805284117807
28, 108.25998006753858, 47.661159770664305, 286.6694278864515, 19, 17.232190462937034, 21.843897138642074, 17.24954043239484, 13.580438921157755, -0.8474797492007511, -0.24175518097581072, 0.47258068852417695, -0.502654145354638, 0.6516642919328747, -0.5680426575332379, 0.17063670429433006, 0.7189492910428227, 0.6737915345688101
29, 297.00816078487844, 219.42352775047752, 205.72491190218753, 5, 2.335723482306197, 5.978613473243233, 4.251816206081776, 0.5012903235063514, -0.17454515811506113, -0.004933046315791093, 0.9846368126535968, 0.5881277789972232, -0.8025325452968991, 0.10023586838589284, 0.7897086192706656, 0.5965879472410816, 0.14297943158472637
30, 197.64301149548214, 112.79629542144224, 264.0507227673591, 62, 25.384115374958892, 44.147770203949435, 21.90992896900326, 16.909717656568894, -0.8933780315356653, 0.4245057190716064, 0.1472093313786799, -0.014171782832496354, -0.3540974115709835, 0.9351011622760812, 0.44908223449698864, 0.8333126169657025, 0.3223588513829955
31, -80.5727014887382, -164.2015540490602, -307.4074049061966, 116, 33.20207090768844, 43.573133730428225, 31.180470275751674, 26.939781071735634, -0.3911335852632244, 0.8473327757556263, -0.3592237264009736, 0.9202843288801605, 0.36414112203321153, -0.14310135311025585, -0.009553664047302662, 0.3865597112667837, 0.9222148974770534
32, -147.11583564147085, 66.77132428971326, -245.29200846172438, 7, 10.644626287942554, 15.363289696415272, 10.780825858200426, 7.282072620000812, -0.9442134597489288, 0.1323637695717753, 0.3015638820112714, -0.040567900154647354, -0.955450465994741, 0.29235022234894004, 0.32682592906010477, 0.26380720144678005, 0.9075189103037011
33, -299.01789937005503, 167.8343365286509, -344.23218451561667, 9, 12.453236802176596, 15.166603192323473, 13.391031801379603, 9.509208578732498, 0.1121040831226847, -0.7905347043919916, 0.6020693944215142, 0.5841863296667547, -0.43769637342082796, -0.6834824188848905, 0.8038401624562617, 0.42834187963135484, 0.4127520168044837
34, -64.89084267742356, 192.20096147362725, -19.952251901317187, 9, 8.927376266957836, 18.968847243482955, 6.638343524158926, 5.6502915410367205, -0.27242554843185013, -0.9213904591722929, -0.277171323025808, -0.2963934697216414, -0.19369683757713693, 0.9352178602972585, -0.9153880224625895, 0.33692900863370007, -0.2203261479560286
35, 71.06807688373998, 287.6606514863192, -347.0396122841738, 7, 6.854131307434004, 11.79355243091222, 9.446741363718429, 2.8902179438284197, -0.660922232931041, 0.12477510285165984, -0.7400087673303636, -0.1540145910980341, 0.9425389671162022, 0.29647900633337954, -0.7344802977251006, -0.30992171459237977, 0.6037277723260437
36, 160.42772159265496, 123.92389344412133, -251.91990944864156, 12, 14.293093557876315, 16.426798651072325, 13.435738050783575, 13.23013413899568, 0.7640103947979152, -0.09668242324995184, -0.6379189804945852, -0.44336637785619065, -0.7969626833411285, -0.41021547551060245, -0.46873699622220555, 0.5962407151446683, -0.6517535101373514
37, 332.56912212240354, 195.48387111986833, 30.836370505114317, 32, 18.821753912805146, 25.12659948426213, 17.4750522401813, 15.185464216565643, 0.25140381959864505, -0.41453073800672985, 0.8746201385394736, 0.5946892164545471, 0.7791100305664282, 0.19832371543377272, -0.7636365989945026, 0.4702678253063602, 0.44238819735356366
38, 142.28052298522277, -173.00621169204007, -108.51632741096473, 14, 11.135513239360659, 14.95175693008635, 11.497895109923922, 8.031934260657772, 0.22439807083129298, 0.2726161655008233, 0.9355885485162917, -0.5789523105952354, -0.7349765309835846, 0.35302085060202026, 0.7838748164494332, -0.6208783497682651, -0.007095556736677927
39, -102.76810756541062, -54.41310064697298, 9.770297798467437, 26, 17.22020043066643, 21.335796844867936, 17.484639899859857, 13.688285230952449, 0.03920247982334685, -0.23890157460451217, 0.9702521338431495, -0.5132700602878955, -0.8379223493219373, -0.1855801221005786, 0.8573313308096002, -0.49072617023987025, -0.15546965959295567
40, -31.80455248971874, -340.83627747885, 345.0843626227622, 57, 24.919468296065983, 38.43710854693588, 22.350521764583977, 18.012663610417693, 0.7672867781086616, -0.5013540677181048, 0.39989385957043555, -0.5104218039736476, -0.85493590878505, -0.09248877714711037, -0.38825324489038904, 0.13314912937150927, 0.9118830666152831
41, -274.78056849352447, -56.084793542488406, -60.571109822609024, 24, 17.282310262090384, 19.964105740920328, 18.970414157511758, 13.629462179817791, 0.4226025048871619, -0.5804854342728613, 0.6960199590961054, -0.6671148652440555, 0.32060274202417016, 0.6724370887874858, -0.6134858428957448, -0.7484988593201933, -0.25176294040797
42, -282.6910471489052, 251.32022887023888, -342.73002378838873, 9, 11.570403359737398, 17.978920232989445, 9.986560382805981, 8.627122405509384, 0.6632459862579626, 0.7484013545152803, -0.00041745945474983427, 0.6589840226827365, -0.5842670477740808, -0.4736792952349073, 0.35474613396284016, -0.31389079222725463, 0.8806973095186366
43, -305.2164162004426, 222.48463630093656, 181.6235826541021, 20, 16.599028921608728, 22.285238482514377, 15.891021468239858, 12.914540082964473, -0.5126829488808992, 0.08722396662033738, -0.8541359221890854, -0.09570186087854343, 0.9828211921555692, 0.15780892900685162, 0.8532276060648583, 0.16264834427967623, -0.49552817109818387
44, -219.12912105023574, 236.4980225862546, 172.05124566224998, 57, 24.818234822527437, 31.90665814165383, 26.142787693601548, 18.32649670160248, 0.47755744025492675, 0.7353297290931513, 0.48086285026913317, 0.7135822712423298, -0.005313853481374396, -0.7005512865806591, -0.512580953046248, 0.6776886840378638, -0.5272559284647529
45, 150.90636705466864, 55.147890938578016, -325.0211750081281, 19, 15.544485590845152, 20.601278539443975, 13.836078931197347, 13.177161205264312, 0.18773076983774986, -0.9026847321315045, 0.38719172567708604, -0.8640478271852526, 0.03569045860034095, 0.5021429512612329, 0.4670958257066384, 0.4288198520842654, 0.773262584162626
46, -140.7775484932484, -319.74010211998905, 32.03952481530174, 10, 10.575549711598413, 15.671041244961144, 11.356142877645206, 6.646303228529318, 0.07113508369392689, -0.8723384362567959, -0.4836997544933282, -0.018536896962935007, -0.4860006182709577, 0.873761856853017, 0.9972944316092632, 0.053188830305760604, 0.050742142365704915
47, -256.0276473788977, -0.7638564809037771, -133.79763673228015, 81, 27.851353952745217, 34.02564145861032, 27.100610712901997, 23.428988470408903, -0.4293151811249381, 0.8917845393674517, 0.14285940851355775, 0.9027177274767701, 0.4187851511448973, 0.09858854740648659, -0.02809234334897894, -0.17128728068869464, 0.9848205357929105
48, 60.581136322153206, 163.09584384621945, -230.84081877659912, 105, 32.36786131916124, 46.24585637092666, 31.035064599107642, 23.627432674193862, 0.2192098571046109, 0.8480436618992416, -0.48246138297349855, 0.7854211970179985, 0.13998733718600975, 0.6029237834937221, -0.5788441774977007, 0.5111022333546346, 0.6353848638714297
49, -311.14890596492046, 236.33932696376587, -291.4049734683235, 5, 8.275193954110406, 11.721141755780412, 8.091327509465629, 5.975095431959895, 0.3222244925429979, 0.5053501659697187, -0.8004952130773707, 0.8923845591718611, 0.12006616752396503, 0.4350102458192797, -0.31594489227878086, 0.8545205235513567, 0.41227842518432245
50, 284.442625648844, -233.5775844065803, 314.8417904539713, 140, 33.528564782988546, 51.72789153053309, 30.441310244944557, 23.936286404056347, -0.21832588522731317, 0.9720126134062408, -0.08674841335079111, 0.18323499909178687, 0.12814342421336355, 0.9746815879756356, 0.9585190362989894, 0.19690287506799709, -0.20608375686213942
51, -3.726774130505758, 153.72745181806863, -289.8855913841671, 32, 19.405860682255536, 30.288730551454126, 17.416729840497098, 13.853229865050835, 0.5522704259955551, -0.30283101810784196, 0.7767179353165834, 0.45777935445052537, 0.888816808173045, 0.021041486352935304, -0.6967319708536053, 0.3439448443876546, 0.6294970252587402
52, 271.9740249189428, -77.82484028013333, -82.52006020268334, 54, 25.05745132123734, 41.328892631013, 23.577908121672994, 16.145505468931585, 0.31499798908488225, 0.9121539996336884, 0.26220478223088506, 0.8392889355758862, -0.13872198783010875, -0.52569030113971, 0.44313694214359517, -0.38565696032190133, 0.8092579066421873
53, 118.00694529366704, -152.8892456328208, -282.4704414463793, 24, 16.25782982985444, 20.660260221063574, 16.94044066796818, 12.277988714993693, 0.7612008972301652, 0.5306549002153308, 0.3727982979218773, 0.3701440533391122, -0.8275202637812042, 0.4221416738598296, -0.5325096936523173, 0.1833455478296201, 0.8263279229563599
54, -172.85803510114778, 3.7315911092525678, -46.84396869917218, 128, 30.80977765521807, 39.977804431069245, 28.97458013776706, 25.248152338065204, -0.5030581615081308, 0.8632707201074225, -0.041184341020241585, 0.8310195371496667, 0.4700771263700565, -0.2973785872238011, 0.23735841045897976, 0.18382371737314623, 0.9538709692172752
55, 355.0284188377419, -357.7650932615776, -4.615527643453684, 5, 5.9191194239194305, 18.81954142512909, 6.037635517008227, 1.8251366181775677, 0.0536244866012374, -0.09007487207208713, -0.9944902874628544, -0.9264296551164142, 0.36715703759885593, -0.08320939768147644, -0.37262918371705156, -0.9257873552619028, 0.06375942502512867
56, 188.64590437103118, 157.75797901512394, 344.45545364285164, 6, 4.786940497137535, 15.143785835820966, 6.060382269165178, 1.1951973162417515, -0.21043964783780536, 0.9774767440144435, 0.01594896638728158, 0.9743663843511696, 0.20838696548084187, 0.08476450710123494, -0.07953177770130283, -0.03337794973644291, 0.9962733604824844
57, 186.4986045987487, -25.28442403444735, 260.63335651099777, 10, 11.561225200062424, 13.98319277146188, 12.568733485769766, 8.792527197810328, -0.7570079852125824, -0.515271780228436, -0.40178838064907385, -0.6483065293902431, 0.5156414864790108, 0.5601897012367274, 0.08147118677400096, -0.6845501076779803, 0.7243987823041266
58, -25.22209661113759, -336.1205376114954, -102.4835843541541, 18, 18.34207830720329, 25.35881865327062, 17.389286373126538, 13.993773881153679, 0.5020665597822912, -0.12179504754947833, -0.8562097499683098, 0.6458287235749426, 0.7112550930297797, 0.27752739044058267, -0.5751820836517224, 0.6923020720983132, -0.43575613778172445
59, -66.52403919212658, -275.47722468203654, -49.01858257606885, 42, 23.17196623747896, 28.558661062700516, 22.784146247105134, 19.121328352378185, -0.8011032231774681, 0.5865560345921678, 0.11910350162016092, -0.025678401014227244, -0.2324935411420917, 0.9722589022727243, 0.5979751211681174, 0.7758213528968649, 0.2013131462504456
60, -7.151848735172301, 160.57056507600154, -354.55631727999855, 10, 10.042961658678733, 15.127543200065514, 10.720356378275026, 6.246083550989432, -0.1289516286689197, 0.9882252113984237, -0.08235538246024934, 0.47096429796184086, 0.1341162657896306, 0.8718976185860101, 0.8726764048081874, 0.0736461730654484, -0.4827133038190169
61, 117.14748122111764, 291.16257149968374, -157.72508811990457, 5, 6.324784147619755, 8.406855998795967, 7.146572492510108, 4.211198506859246, 0.7326722882355693, -0.5986801004631703, 0.32368728019658605, -0.022292834811695174, 0.4542376777817415, 0.8906015728705566, 0.6802163976027876, 0.6597349993693368, -0.31946108219848535
62, -41.02570140442309, -287.70583186013255, 171.7384484438843, 8, 10.553450794230123, 16.542464317145903, 10.741221110768354, 6.614996297663416, 0.8309725988636447, -0.48717561428528666, -0.26859720918794705, 0.2444285256760738, -0.11398516660399469, 0.9629444831505504, -0.49973916774015337, -0.8658332995675398, 0.024361067020260984
63, 294.89655073288964, -26.80822531658885, -351.6416927756866, 27, 20.10266868742736, 31.06066676554863, 19.318824737073715, 13.53847254128624, -0.0719506054540704, -0.9964651617294296, -0.04336233197527768, -0.9570166367214895, 0.08121835310351395, -0.2784290504912185, -0.2809666660176633, -0.021465334348535956, 0.9594774473682144
64, -342.2985877136117, 125.9035649666255, 77.74382510948986, 97, 33.60972751042395, 46.813543344457166, 32.165880209072895, 25.213202958610307, 0.3078456905474663, 0.943632900466281, 0.1216058385479385, -0.34840515841536407, -0.007130085637816798, 0.9373169194399311, 0.8853501433901273, -0.3309170757703367, 0.326571604036068
65, 45.629071119766415, -305.0193138363977, -139.1077682937267, 6, 6.5296418289038005, 8.374501138449196, 6.194054864681478, 5.367030765228471, 0.6099075513044653, -0.43137304547941585, -0.6647782145163943, -0.6939203304556175, -0.6958518015710696, -0.18510765848733354, 0.38273666383318644, -0.5742016770126258, 0.7237437946357335
66, 214.1476908048465, -116.22389925450547, 264.90651679628536, 16, 14.214142723028571, 18.78629323883481, 13.840492422460507, 11.045092989853357, -0.9674559382204224, 0.006326867083024017, -0.25296042843685246, -0.11101341413235545, 0.8877305288510106, 0.44677794263882725, 0.22738739957332793, 0.46031997447299533, -0.858137804560818
67, -78.37522179425893, -220.6319777496818, 55.18821586785826, 26, 20.270170159799743, 27.07852161551774, 19.928149241462304, 15.434062923629524, 0.862366664443257, 0.4386870964911986, 0.25273972269734873, 0.29093615863331623, -0.8379429520505292, 0.46174425898817034, 0.4143427176344484, -0.32466173239383395, -0.8502440072487041
68, -173.5058768938896, -353.98681043891776, -51.80056521468847, 5, 8.359216464019623, 18.3488571094293, 8.289014418091572, 3.8404737492301955, 0.9084648700725196, 0.26257761082149783, -0.3251839143306353, 0.32833585229835077, 0.03307992889990803, 0.9439816133799919, -0.2586254974661927, 0.9643436714155649, 0.056161690333476705
69, -136.9653667953318, -160.4176541967115, -132.86943042638038, 21, 15.566415703940413, 19.24702961802503, 16.226048574310692, 12.077843174089661, 0.6153103754033441, -0.7877512600544166, -0.029001624155804942, -0.03507301089928319, -0.06411270683785823, 0.9973261476209183, 0.7875043021009184, 0.6126479520120847, 0.06707802224233975
70, 57.502353149027535, -16.419210501176014, 72.2756757275622, 13, 13.81316884889437, 17.32094115509706, 15.178927777720435, 10.024607579170079, -0.8567222491228301, 0.18610118720075294, 0.48103361211082707, 0.5042717100820153, 0.1063259315890486, 0.8569742345500714, -0.1083375755168959, -0.9767605358501085, 0.1849373551690674
71, 168.9171316303464, 232.02255909241467, 149.72851574094733, 5, 7.975248366021022, 11.884451311833757, 8.320494397409735, 5.129846643312366, 0.6751308541926028, 0.705715418552175, 0.2148582736012159, 0.6917866859495951, -0.5045201011523156, -0.5166146036225971, 0.25618257329498995, -0.49741855167553356, 0.8288216174720419
72, -170.2751571146405, -161.52948111010775, 207.75923506471514, 132, 33.670798323752535, 62.880565375683865, 26.098905358832486, 23.260631975901436, 0.03201185408283926, -0.5382195987794153, 0.8421964762974875, -0.5022467500948661, 0.7198528606111108, 0.47912426476765485, -0.8641316122080724, -0.4383280992130522, -0.2472752195893278
73, -184.1229571499371, -210.46389215338397, -296.02801412711057, 6, 5.931581888209357, 11.359589766353686, 6.846889005893736, 2.683216128816029, 0.8609482994067533, 0.3815320221219373, 0.33645407092821034, -0.27279279499616516, -0.21198116166992678, 0.9384285151759022, 0.4293624538158871, -0.8997206806518419, -0.07842563395080931
74, -116.3919348604563, -193.46717371490922, -163.81985605957524, 34, 19.098524850542837, 21.93071679422809, 19.476133237606525, 16.309622490560432, -0.41954359197663993, -0.8480755333533105, -0.32365269064050217, -0.9074414711787864, 0.4009123850840455, 0.12577454381194178, -0.023090058817970598, -0.3464637776358749, 0.9377791317629444
75, -354.9022879842329, -37.19130633028007, -100.36848791457862, 8, 8.24822106616198, 13.699492612400888, 7.562052069871437, 5.416724291732529, -0.04141173634168147, 0.043656021824236675, 0.9981879681961954, 0.5914211358094718, -0.8041493904846044, 0.05970592852534592, 0.805298769532775, 0.5928219880720694, 0.007482128525859113
76, 260.3886867459592, 281.60069084110927, -278.95545126151785, 13, 13.562523457121944, 18.30487208753385, 16.902083995324038, 8.06333220649651, -0.9044033742137843, 0.01632922023314795, -0.426365914769578, -0.08685629588356501, -0.9853901892997493, 0.14649968838598443, 0.41774456379001285, -0.1695273765454457, -0.8926085077039712
77, 8.152761263215936, -57.3418654040321, 126.4730044079376, 45, 21.399916230270193, 24.393286247257727, 20.965632777139923, 19.16275438559477, -0.9988231539684385, 0.03347858360057895, 0.035092613704878914, -0.020798449963153907, -0.9493050492241718, 0.31366757562206377, 0.04381474153376906, 0.3125685652102457, 0.9488841659901052
78, 61.61438568827832, -87.87928287317813, -92.18417579642679, 81, 26.319142678498874, 33.01548833429577, 24.854715834481777, 22.217167423419355, 0.7043607488689525, -0.6478576836045082, 0.2900971513947855, -0.6025927699054886, -0.3297252928069164, 0.7267483642506696, 0.3751771436407071, 0.6867034680835641, 0.6226399102303078
79, 158.70920275256051, 160.33255919518385, -85.88485258677161, 51, 27.016456809508313, 43.362265756140694, 22.98904068600733, 19.781187397992593, 0.7370976583280813, 0.2816816249901928, 0.614282104761439, 0.47685848879693704, -0.8608846452362455, -0.17743621180234115, -0.4788455113599389, -0.4237134523936508, 0.7688783301089269
80, 114.1022658887671, 264.97218020124654, 20.66015685774114, 10, 11.793024113423318, 22.268940034925752, 9.066183559773364, 8.123655650142156, -0.2641249912210313, -0.16836091717249696, 0.9496802570240815, -0.9286188364207063, 0.31042322016316437, -0.2032350388790895, 0.26058596596352945, 0.9355704281091642, 0.23833364930384804
81, 315.178681224438, -106.4511492035228, 273.7141267642596, 12, 12.727634396622854, 18.24495306882415, 11.734356999481767, 9.630326857671166, -0.5375499862026236, -0.37317367606854146, -0.7561622972768811, -0.7975981082863973, -0.06598262045489563, 0.599569471751077, 0.27363711369534505, -0.9254121791328427, 0.26217366137940773
82, 75.7199770790003, -151.3166231558684, 234.4941931261036, 8, 10.284086884852751, 19.029381248558394, 8.977725100028778, 6.366580593121779, -0.7954095551695051, -0.25913266768303705, 0.547881282838283, -0.14498841513990401, 0.9590958336365633, 0.24313276491703947, -0.5884742976717579, 0.11395368550625357, -0.8004452251961237
83, -193.09105299678856, 271.8637921368431, 301.47960120662844, 8, 11.578289134677718, 14.121709628860057, 12.884663875065186, 8.530466879520278, -0.4387797837442722, -0.024299414432963053, 0.8982660184130004, 0.7682932716449672, 0.5083029938154912, 0.3890417911012667, -0.46604479411576066, 0.8608354110609205, -0.2043640010891694
84, 51.957346965385405, 259.3011556098249, 187.16439724670107, 28, 18.872750447891253, 26.106524772918462, 17.07728393532332, 15.077791347267386, -0.68042774677536, -0.599454414257426, 0.4215121429395514, 0.27269004189357726, 0.32677109598833987, 0.9049092727332714, -0.6801898429631886, 0.7306675413988664, -0.05887887121751652
85, 184.66484808659135, 5.35134440220945, 155.38345850987128, 11, 13.179456673716242, 18.217424732280094, 12.493606925769635, 10.0581405094704, -0.05149074786671071, -0.858639031798972, 0.5099879566768715, -0.8535374766857553, -0.2272850624568661, -0.4688446184791846, 0.5184809338606783, -0.45943499372087737, -0.7211775147407581
86, 153.58809165812073, -15.934577559236901, 301.06667992442095, 138, 37.2840584347845, 53.86422990496852, 32.776230462688005, 29.356892336929793, -0.8673563892260118, 0.4908511451250523, -0.08220734394347091, -0.18412202760136603, -0.1630159911487053, 0.9692909086449574, 0.4623764408150328, 0.855856845482485, 0.2317694695597166
87, -103.33718898402705, 353.3305878709534, 353.624620844999, 7, 8.084341124493175, 11.081637103618082, 9.1864359194271, 5.190185952015197, 0.9010164927410299, 0.34878232992539254, 0.2579150366699632, -0.35041835204606164, 0.2347687139520408, 0.9066921360079325, -0.2556878142539773, 0.907322730499528, -0.33375021252563186
88, 62.97108351789347, -271.3677435601237, -294.79239969072876, 26, 18.276380175137827, 26.74823405367738, 19.02450360163419, 11.996708375320381, -0.9056481725736878, -0.0971113941131879, 0.4127599358553746, -0.038642598509592875, 0.9882729166747173, 0.14772742381722334, -0.42226548176990036, 0.11783895493698314, -0.898780197603949
89, -64.81183595807882, 305.659932422838, -62.38881473139418, 11, 13.728120517454679, 16.635934511545244, 13.08563975123678, 11.884778371782911, -0.4574756495870291, -0.694052397389958, -0.5558842502825364, -0.8553816624145977, 0.514295341029805, 0.06182648138035973, -0.2429778624479312, -0.503777303847928, 0.8289572886994521
90, -15.15860357386795, 24.592060949999222, -120.84236556015964, 29, 19.38052431856529, 23.964601095362188, 19.67498371009627, 15.438744532500627, 0.049857154823679514, 0.9912085189936287, -0.12255584844202619, -0.5016805890562283, 0.13095906851645986, 0.8550826328124651, 0.8636149898404285, 0.018851903027511142, 0.5037993202408652
91, -73.81719877616752, -295.4314874414793, 47.243630594527275, 32, 20.236619745039842, 27.588799426972454, 19.197066427845396, 15.647546254525674, 0.5966049447156674, -0.7979595307145126, 0.08557527261242209, -0.5423487997543808, -0.32228686861779904, 0.775879471130353, -0.5915406320328291, -0.5093051753697463, -0.6250503331698918
92, 275.83419600469875, -332.88988245488616, -16.611489075076918, 142, 34.53206612460867, 39.44803750275097, 34.96952570884593, 29.850564412761678, -0.506457856647022, -0.2199302701752601, 0.8337452342899128, 0.629600117906638, 0.5663443457989458, 0.531843749153369, -0.5891554387192328, 0.7942825430803586, -0.14836141946391132
93, 50.01553181920495, -270.44121791275586, 121.97452379011709, 208, 43.182272978421864, 52.78768637151591, 44.867571329002146, 33.99783844318943, -0.6855083170571173, 0.7070583897700188, -0.17362828312618606, -0.3200066058492999, -0.07839987155651107, 0.944165892390068, -0.6539679804534236, -0.7027957694776988, -0.28000711945577345
94, -103.7553098907387, -209.57004259328488, 35.00594300374442, 40, 22.800914686265827, 28.980186049487894, 20.631568887921127, 19.825465130774496, -0.4133727839012442, -0.8693236259005744, -0.2709231901864683, -0.8883810960154475, 0.3197665057975037, 0.3294365037643022, 0.19975477409094922, -0.3768631253135975, 0.9044734462695638
95, 39.78828799872259, -357.2570177725564, 7.055744461769377, 7, 6.02035092569752, 13.792704674446899, 7.350934247643627, 2.152154500230454, 0.47381324297606314, -0.17146782886781453, -0.8637706839456082, -0.7156809359180869, 0.4965584355536874, -0.49115223510016315, -0.5131294268933692, -0.850898644812549, -0.1125597064328531
96, 38.82366903856967, -59.21437715683249, 29.273571803282593, 23, 17.695985067524322, 22.54845082909848, 17.699906761345993, 13.884701304933433, 0.37477305563242885, -0.7713898887489417, 0.5142983533979353, -0.6541127828464921, 0.17312098316005894, 0.7363189475400673, -0.6570248276045194, -0.6123616290441378, -0.43969490693623164
97, 304.3771310165791, -204.83327372234498, 300.70774445530105, 8, 9.646924615710121, 14.237555038031406, 11.994364149045277, 5.257194061128594, 0.4144342228738094, -0.5794211209519546, 0.7017944424870877, 0.07277572551364798, 0.7897657840528866, 0.6090761037138885, 0.9071647968737234, 0.20134838200022914, -0.36947376142149235
98, 59.804543102435176, 134.7407008786767, 5.248140032054989, 14, 16.14759908275991, 21.359306153650333, 15.98764356681811, 12.329693368169284, 0.43146476996153027, 0.20322875726876666, 0.8789403987194105, 0.695532152283718, 0.545538851567672, -0.46757072894889856, 0.5745199538933555, -0.8130716042571021, -0.09402866014763256
99, 230.32549508211287, 100.69978843185568, 110.6400605961507, 6, 7.169169429654114, 9.373712278683003, 6.5016657821807025, 6.0460296535386595, 0.20204661937240428, -0.8109295734267367, 0.549154250226759, 0.35266606456322674, 0.5833456515685809, 0.7316655641080244, -0.9136759877033379, 0.04583751452640978, 0.40385035812336634
100, -26.52722519299318, 141.39498979004992, -185.87938528039288, 46, 21.97486742134923, 27.020334167869546, 21.83233912189109, 17.98820409047894, -0.33878175544640765, 0.9404229197878603, 0.028838413866335507, 0.9043973341637869, 0.3170468294884737, 0.28556395057629813, -0.2594077565033214, -0.12282524109067523, 0.9579256630954882
101, 304.62271543316535, -343.9302972070494, -38.788159678337905, 8, 8.715787397655344, 11.866940403587028, 10.23513655530444, 5.451141826165262, 0.9834708455908455, -0.01059661471281028, -0.18075621048654314, 0.14790907155545951, -0.5288073553732883, 0.8357545617313199, 0.10444138271982727, 0.8486757288032553, 0.5184992814998244
102, 241.48092483683752, -160.03958234280753, 295.23853371294246, 18, 13.344302094859104, 19.4766583715825, 14.477883692829874, 8.426904369550359, 0.015418759212438531, 0.6126088009794458, 0.7902358627820396, -0.2281240002856874, -0.7673301477379131, 0.5993028323528666, 0.9735099908876153, -0.18951227225443162, 0.12791949150523388
104, 339.36928860221803, -106.94036932104346, 248.9504071500843, 68, 26.635061107334323, 38.088184707671076, 25.485872038224606, 19.46575799148614, 0.4813433000470586, -0.14965494470902554, 0.8636619853993492, -0.3973671161564441, 0.8409935772790099, 0.3671909285003715, -0.7812861207632698, -0.5199357657438007, 0.3453386700082822
105, 59.5051367053476, 338.1959067453474, 173.69400316924026, 27, 17.59823360444329, 24.527024081689486, 16.438871409940887, 13.51731328332876, 0.7893607661677511, 0.07678840259517562, 0.6091084649403112, -0.526182448542005, 0.5957688118613736, 0.6067878984123097, 0.31629355301902995, 0.799476743902015, -0.5106812354869035
106, 356.0048506991402, 332.3420522036463, -130.3584638428798, 14, 11.950720816452707, 22.217303177642947, 11.20166259239617, 6.858173598773736, -0.07607875360658499, 0.09297371695838878, 0.9927577303675907, -0.011584238046574467, -0.9956585118812437, 0.09235763718993385, 0.9970345172954389, -0.004473887947695665, 0.07682548827103308
107, 341.4592280276248, -99.78717825941057, 132.38210612380277, 56, 23.849450046250702, 27.015574316118435, 25.861919604543722, 19.41601706173869, 0.14638118599923602, -0.3833562563772274, 0.9119268222186988, -0.28022476783228334, -0.9001655425227219, -0.3334307657492285, 0.9487078727821333, -0.2067364910972613, -0.23919321765048404
108, 300.0864956873177, -69.9459931594166, 295.1050456590293, 9, 12.704094379384905, 17.240181697640434, 13.944133112707917, 8.528993351850774, -0.609403900936616, -0.7284755379672255, 0.31297008819789196, -0.7866774385514297, 0.6047500953433864, -0.124160903090814, 0.09882051000372592, 0.3218706460140879, 0.941612337449482
109, -343.57341894187715, -326.80874723871375, -317.45467618314933, 100, 31.668669244425097, 44.84219613679115, 28.881287984955907, 24.523700950244404, 0.25091756584904407, -0.8279966989685608, -0.5014597108896759, -0.6371709576973533, -0.5312565029829601, 0.5583723656354725, -0.7287342079355329, 0.17941012941158757, -0.6608770382220046
110, 287.54575453029094, -128.7023070585695, -97.0369394434542, 40, 22.22055092606264, 29.782592085789645, 20.84210784602353, 17.67503714835536, 0.7351937677582656, -0.0858733650237344, -0.6723956343023846, -0.5404897259142503, 0.5243910490611879, -0.657939878595032, -0.4090977634142536, -0.8471362303927309, -0.3391153596129929
111, 180.07238035298255, 6.759324015816115, -276.26962183753784, 7, 11.782705113654128, 17.27251573476216, 10.523997782629452, 8.999091782156357, -0.5459867801607399, 0.6276447058532502, -0.5549419421021403, 0.8375318412338543, 0.42546831442371, -0.3428077133625746, -0.020948766291539318, 0.6519500261797944, 0.7579725011865721
112, -329.3200599916307, -73.07888242714965, -80.20101719978024, 6, 7.65725054565342, 9.726246735298904, 8.49524305385313, 5.433722822813481, -0.4859186365292955, -0.791713154829758, -0.37023419499422533, 0.6351263385035038, -0.6108687316298288, 0.472709135575035, -0.600414534145073, -0.00544731002191137, 0.7996703783440274
113, 122.48311890258928, -103.47188799991584, 166.3779635209279, 5, 5.767739725504389, 12.525410848992987, 7.062402584218662, 2.169064727594992, -0.9785297375728654, 0.014061351458582996, -0.20562546311373317, -0.19538585833214062, -0.38084931608794176, 0.9037578020682089, 0.06560426090881384, -0.9245301924926553, -0.37541977055038284
114, 181.2287770063615, -263.49514682036926, -310.2034669441143, 227, 43.02766036923068, 59.1435485369035, 39.548498379550004, 34.05695530308678, -0.3420765348324938, 0.8309253019941482, -0.43880153466336863, 0.15144361223196015, 0.5096194182144328, 0.8469668711897289, 0.9273879860291105, 0.2232738029521529, -0.3001671738950705
115, 5.935929458082971, 30.484630927232562, 56.91339909478885, 31, 18.273226550504823, 23.80276291791388, 16.45009140847929, 15.582962636797635, 0.43206334757599824, 0.25894641257518214, -0.8638680565317053, 0.4578707008854207, 0.7622679020185037, 0.4574954281990174, 0.776965690974908, -0.5932068787250798, 0.21078404607828458
116, -155.07511876917278, 149.14009397067952, 266.2211266275614, 104, 31.93110690832282, 42.77302773253902, 33.391906717559436, 22.794533558110746, 0.8941858164963068, -0.4016857713113991, 0.19768729524883366, -0.23919139513092316, -0.05537934630798849, 0.9693918735464119, -0.3784431292442184, -0.91410156390221, -0.1455992060396542
117, 59.56637065728012, 257.7977422882766, 93.97919697148347, 6, 8.049675713549114, 13.110096406579556, 7.704876451348934, 5.163730764253446, -0.92016271763625, -0.30435977546114995, 0.24630408066759493, -0.3358699067122062, 0.2902863825123926, -0.8960609476441894, -0.20122618824945446, 0.9072480053486521, 0.36933599601648276
118, -208.25045844622272, 69.41395453704558, -255.03568318372373, 86, 29.824315823186545, 38.66333450247375, 28.724694450005558, 23.88673240669148, -0.806589339898119, -0.22776663394275962, -0.5454686033357938, -0.5698193203876246, 0.5450415659638129, 0.6150086450487505, -0.15722461281778322, -0.8068779658870977, 0.5694105454680283
119, 306.3250302144415, -313.204087947285, 339.90002831577266, 6, 6.52216081507984, 10.337668880986461, 5.669603678594702, 4.733683200828257, 0.9083305341017545, -0.38009473265647004, 0.17453834829408735, 0.26360153388170765, 0.8442349568663426, 0.4666707286086148, -0.32473046077267353, -0.3778826958352189, 0.8670379438263788
120, -57.25874346575132, 218.7776131930528, 75.68257668297426, 20, 18.254821695265154, 26.8351978366957, 17.5930382344654, 12.885080555525729, -0.9929478575557565, -0.024778648777306404, 0.11593347549437047, -0.0566490864412053, 0.9582136942331381, -0.28038794052073424, -0.1041414095391921, -0.2849781302992456, -0.9528599225858628
121, 162.8028867741063, 122.21149174593602, 54.939673894374, 5, 6.684777717401405, 11.07945007427123, 5.975297969965465, 4.512145961647178, 0.6192452083457134, 0.10572469433262745, 0.778047338501422, 0.7004071806560639, 0.37351611945791685, -0.6082067820984265, 0.3549156987599988, -0.9215790782745512, -0.1572477321309603
122, 8.598436156138462, 308.6752796022248, 133.78881433253332, 26, 16.48781488637983, 21.57732103041587, 15.455974753668972, 13.439879835082296, 0.7832215284979063, -0.4399227709014802, 0.4393540633017603, -0.3576867465464349, 0.2591822277823824, 0.8971537015176316, -0.5085511072079487, -0.8598212188845564, 0.04564255594776789
