# Void_ID, X_c, Y_c, Z_c, N_particles, R=(abc)^(-1/3), a, b, c, vector_a, vector_b, vector_c 

0, -120.40844808382042, 209.2387842966748, -145.1881729208904, 6, 8.256802432154547, 14.631261967965822, 8.831539727623982, 4.3562968462318254, -0.7502747812674262, 0.6538794334962108, 0.09761884574604564, 0.15633584758260688, 0.03200430035072099, 0.9871853055630887, 0.6423759454982287, 0.7559215641915078, -0.12623681489771876
1, 83.22641340481844, 193.3604229216588, -106.32045746842468, 32, 20.679907803234098, 24.750867060354967, 21.99248988400478, 16.247291643711083, 0.4610979596314504, 0.30304605531924794, 0.8339974580172033, 0.4476088434366975, 0.7321006750686069, -0.5134928673714486, -0.7661820899113839, 0.610075151042504, 0.20192403318943986
2, 272.5151973539947, -295.60614019536376, 176.19921506873217, 36, 21.92895824646483, 30.462508433287837, 23.750821141943216, 14.575038490451705, 0.7195674079123888, -0.0019264669749203323, -0.6944199264099788, -0.5719672332140368, 0.5654394087329302, -0.5942489033908552, -0.3937971934888883, -0.8247875870651482, -0.40576989368794425
3, 353.881105356005, 313.37440283018776, 314.61006394922066, 24, 15.12665075889815, 21.73070039532099, 16.754693387107437, 9.506444817411149, 0.008871553246659718, -0.1894091892520097, 0.9818581641815116, 0.05360300989495542, -0.9803949661895364, -0.18961125388652264, 0.9985229155473564, 0.0543126992250845, 0.0014552765003633334
4, -66.26489602277613, -308.6794270733872, 148.30486928445958, 7, 7.529303095513629, 13.159916324035434, 8.16734802121919, 3.971276729389491, -0.15448632088949454, -0.9848898179456804, 0.07826891570063141, -0.9726514153714805, 0.13770189975305575, -0.18704922074217598, -0.1734450945800541, 0.10502491757351588, 0.9792275352821693
5, -87.99492878290627, 147.42171072797458, 280.5462921560289, 10, 10.866501645605936, 16.295383104697652, 11.519159779773467, 6.835713824697407, -0.7601990209842479, -0.001152330569539488, -0.6496892492791071, -0.6493245341883552, -0.03220180045258711, 0.7598293843677588, 0.021796738188718322, -0.9994807232667722, -0.023731540667689743
6, -262.22850493995594, -98.77701767492998, 124.76174149426333, 18, 12.972382788216922, 19.317958148700185, 11.897705191656678, 9.498058531782517, 0.8094556081434775, -0.2141253750961708, -0.5467466892309427, 0.3378722091737096, -0.5916912065423223, 0.7319452755285522, -0.48023326489649737, -0.7772077198795803, -0.4066007519009704
7, -256.52863964402246, 329.9914994309617, 105.55898879686477, 13, 14.228850880694043, 18.631225382929124, 12.801631401283872, 12.078214719464786, -0.10575683921420284, -0.8260062720296039, -0.5536507288238472, 0.21295594684957547, -0.5626689145229129, 0.7987824843666814, -0.9713213966864015, -0.033426504414351604, 0.23540903368778227
8, 215.65750707562466, 25.221769292014198, -34.952092385779764, 49, 22.190739633023334, 28.08917357901013, 21.349890477276777, 18.221357126818365, 0.008657993379867196, 0.8584556489851166, 0.5128147208068198, -0.36091605656271764, -0.4755826700586477, 0.8022223657160805, 0.9325581157578609, -0.19202870271245948, 0.30571283595674886
9, 164.8556086011853, -298.3976490165109, 353.8216476178607, 6, 7.590266391901148, 17.143616899155894, 6.265767069543807, 4.0709367619955055, 0.8131642059267484, 0.5797330262479319, -0.051706793334487376, 0.4130128911237562, -0.5121461626604861, 0.7530781233296683, -0.41010282364928663, 0.6337317463639928, 0.6558961409288259
10, 22.244502665271728, -335.7615256739404, 170.29375421107272, 6, 7.400647621319432, 9.70529595918893, 6.993119814809212, 5.972132369926892, -0.3347497152941671, -0.5316424464895024, 0.7780095996844322, 0.04350895559377191, 0.8160424598247028, 0.5763520404634547, -0.9413020763249242, 0.22678406657855177, -0.250038773498195
11, -248.12412089944047, -294.1768999913661, 189.6000831313745, 20, 16.50858932856211, 23.32784049355098, 15.278031232028836, 12.623737685623873, 0.8276611270180583, 0.5310875784753744, -0.1814470799223859, 0.4845328297448867, -0.5130367871331278, 0.7085345382883816, -0.28320486528767513, 0.6743435615747215, 0.6819499726813613
12, -173.9073635126589, 352.12681214692714, 313.48529329062933, 15, 14.34844152991526, 17.37830075326433, 14.085514340883135, 12.067968776015631, -0.979253156523848, 0.19268623437662852, -0.06273173455146049, -0.007262084335134159, 0.27600258615981754, 0.9611294577548865, 0.20251053693373436, 0.9416446184813287, -0.2688771000214849
13, 247.95018112281264, -180.60788075020503, 238.4700551461612, 64, 27.251258353216294, 52.76326563213518, 21.849857312453217, 17.554134062912713, 0.3306636358311976, 0.743366204593636, -0.5814363643658227, 0.74158814078111, 0.17638618093960678, 0.6472518401876945, -0.5837024836264693, 0.6452089592074749, 0.49294706568423585
14, -166.41628671159074, 129.2473566991327, -302.607974135698, 93, 30.226298132299338, 45.82839261188912, 27.82269413589914, 21.65813609581895, 0.5359355327866718, -0.8391140936178645, 0.0930625735112456, -0.7768567778625255, -0.5333020939192616, -0.33478713133928206, -0.3305550655877493, -0.10712802860689888, 0.9376870128678748
15, 226.45398569144024, -6.482198810751442, -325.67694265843147, 15, 16.478151385561752, 19.931892819810535, 16.493139928190185, 13.610484288457931, 0.15484106943857978, 0.41779878415899796, 0.8952476859341106, 0.889392546164302, -0.45347530204284814, 0.057801810218432774, 0.43012224081358247, 0.7872765247309298, -0.4418037251598185
16, -167.90634578595257, -289.2213690555553, -231.41026893143504, 33, 19.73671176468129, 27.150050021347724, 18.076130845822107, 15.665645179706148, -0.9792075286662112, -0.03359557636796896, -0.20005987366764774, -0.13614924097899242, -0.6222528111951517, 0.7708857393547861, -0.15038616952451261, 0.7820951196678285, 0.6047406252332561
17, 189.86842118417, 266.90670906382985, 299.01008942011396, 7, 8.487154831009073, 12.193344329031175, 7.878625187029874, 6.363749809730794, 0.19463318923713965, -0.05586907525800253, 0.9792837015273947, -0.39002498186585544, 0.9116484974345676, 0.12952810755135125, -0.8999991306484239, -0.40715557659832063, 0.15564671945457156
18, 123.59029734727974, -109.94928346811112, 285.2434484268069, 22, 18.17741981411202, 23.689670683374814, 18.61351200506067, 13.621011679456911, 0.1450235040387025, -0.9705043117242471, -0.19258651095282367, 0.19868815045596186, -0.16211401239793816, 0.9665619824163528, 0.9692735435080879, 0.17843886322459798, -0.16931736457430452
19, -327.96466701550906, 137.54552878467223, -22.797248019444297, 50, 23.669372708556715, 28.593751448613162, 23.444995716521166, 19.780576708840822, -0.4326456549476347, 0.05495686051637259, -0.8998874822649308, -0.09234711252815911, -0.995591756870508, -0.016403184422748792, -0.8968220269722665, 0.07600524411959422, 0.4358135550940061
20, -146.5296061264098, 19.275228856887843, -138.79636826652947, 6, 6.68605465591983, 10.988302077326747, 6.439831795084844, 4.223812716693746, -0.9949363756116526, 0.06790834287055457, -0.07409497589799079, 0.02854412291067529, 0.8977751168080911, 0.43952823878276404, 0.09636825998226234, 0.43518765677440013, -0.8951675049169278
21, 306.19637725839914, -99.51028865818228, 270.276116621906, 21, 15.988903321531081, 20.255921196366646, 15.98446996866447, 12.624255942582337, 0.006550522104415206, -0.4404546246247199, 0.8977509756646643, 0.8792382287393458, -0.42511373637235783, -0.2149847628806085, 0.47633730463134805, 0.7907452401337808, 0.3844798270680944
23, -39.57795727171358, -327.2294950291257, 178.94028587941898, 28, 18.984509590352705, 27.14309409091925, 17.163747353954495, 14.686783174117867, -0.5878019504798156, 0.43368179773844734, -0.6829414069467986, 0.7813989708171841, 0.08570653788134229, -0.6181181422432441, 0.20953404357757754, 0.8969807621542073, 0.3892569805504934
24, 346.93256651422973, 329.97929829836306, -345.7243132175589, 31, 16.100647716845813, 19.537035260333415, 15.5273982570194, 13.758550766082, -0.3593629842988342, 0.23180255576951858, -0.9039501206673713, -0.09514486826450422, 0.9545098392831877, 0.282592322532855, 0.9283349070021907, 0.187559435513925, -0.32096068075534057
25, 189.3727889402743, 17.29663992578158, 146.92629678489527, 22, 19.546042370567296, 24.721443654408006, 18.25265461199908, 16.549186229067953, 0.46805315164907313, -0.2225591454856012, -0.8552155716496799, -0.60061661886661, -0.7899998734021317, -0.12312545295696328, -0.6482174977371488, 0.5712859413510329, -0.50343465200764
26, 295.8569487833869, -135.54221474759288, 312.5336588386876, 16, 15.122542306177392, 17.195525971507337, 16.246001750048844, 12.379766812836893, 0.6606448801142772, 0.5817671171932317, 0.4744421605754159, 0.5049037602538731, -0.8120426248761455, 0.2926755341086081, -0.555536259176924, -0.046193037753935726, 0.8302082076219031
27, 248.87110580831222, -281.7214829787428, 132.43459677600558, 24, 17.913900816105553, 26.71672394655072, 15.187412620909836, 14.167835333875031, -0.6574223335196514, 0.08874909561970792, 0.7482776713334831, -0.018692939695326347, -0.9946550751226798, 0.10154730689803317, 0.7532904150426469, 0.0527719580779445, 0.6555674420267502
28, -66.98323793206549, 116.10043735755711, 141.0679965379854, 147, 35.04611098300485, 41.28676796917569, 34.563805485936044, 30.16386975380851, 0.5173541811267894, 0.0008296284954381453, -0.8557709757798455, 0.7061801002188077, 0.5644306742842893, 0.4274665834681552, -0.4833780273508359, 0.8254800576897912, -0.29142470216313765
29, 67.40138056919025, 230.9709243450435, 153.07447923478173, 26, 18.212098922966714, 25.86119465315789, 18.68504437058884, 12.50078498062734, -0.8273704457871776, -0.09068178215852983, -0.5542877951231473, -0.12035637963611323, -0.9353303359789161, 0.3326732698586641, -0.5486095946288351, 0.341956103881947, 0.7629505460375948
30, -315.907077010885, -119.23425208233722, -290.43015449500166, 22, 18.509600718154196, 21.00257433571216, 18.11517034445644, 16.667720090625227, 0.1230100905379171, -0.90966086316261, -0.39671857992298387, 0.4839099547586632, 0.40398985068352006, -0.776288191479283, 0.8664292661904506, -0.09648478934506963, 0.4898887752477238
31, 104.95130356899054, -77.20858754128398, 16.269586041703434, 70, 28.03931156152852, 33.583686550539284, 26.623183612896277, 24.655492600704868, 0.8959404915603918, 0.13169378511066482, 0.4242020539150531, -0.12231649783967598, -0.8449581604877892, 0.5206576431603863, 0.42700036292579424, -0.5183651743590795, -0.740923907073406
32, -304.15902488671145, -84.10669486575073, -140.75749904850844, 25, 17.00617019601789, 28.007816594551326, 14.063706190816568, 12.486494342174444, 0.36444051841401415, 0.9212153219018079, 0.13618164058151622, 0.7145080064289736, -0.37040585775636165, 0.5935299565217141, -0.5972113673457814, 0.11900349252489467, 0.7932066259682021
33, 289.87321800168286, 193.91440766905617, -264.49851579327765, 10, 9.729791531146153, 13.077731676563275, 9.467083775193792, 7.439812029982082, 0.5387186932888886, -0.5108561774227199, -0.6699314408879158, 0.45380043709006385, -0.494014518472226, 0.7416298394991412, -0.7098220430488044, -0.703545038734338, -0.034308099252507024
34, -171.28361221436415, -32.98052362570405, -88.10953315757192, 113, 31.706620010041608, 38.745535953534436, 33.929147724892324, 24.246844102221207, 0.6010831575969316, 0.7548508206119985, -0.2624867163775998, 0.44725670671546686, -0.0455366087620464, 0.8932456860016101, -0.6623144841775221, 0.6543138817752872, 0.36498338066933717
35, -80.25147532805094, 302.653953100705, -302.6145641517737, 118, 33.46018506408363, 43.73854787376547, 35.576862817731616, 24.07426332328051, 0.4233089018174437, -0.901355415483836, -0.09147671080702063, -0.7741205715625441, -0.41230517883376183, 0.4803558890973855, -0.4706877036058946, -0.13252492024076398, -0.8722902218811057
36, 307.1776905708395, -303.72169760346776, -267.3558346385678, 156, 37.47037814362363, 61.08249447071303, 35.75594872290807, 24.087912096661935, 0.6616059110421957, -0.13599346029288936, 0.737416705283785, -0.6218160667860853, -0.6491080877823486, 0.4381820049502552, -0.4190732603742561, 0.7484413598493268, 0.5140166663700518
37, -52.80552729175615, 16.035287017513603, 150.8781918420702, 28, 16.251520920522672, 20.781699462989355, 16.683843520501696, 12.379550218844521, -0.6227395182693682, -0.7350495015013357, 0.2681375071269831, -0.1418422735807915, 0.44307727045954387, 0.8851911103414629, -0.7694649191555565, 0.5132102519871928, -0.38018281844945967
38, 123.97542253099256, 204.60994266045637, 38.28861081774049, 23, 18.132864809596402, 22.770881476154432, 18.676592903889794, 14.019153006126128, 0.41085744264095686, -0.7829896756535576, -0.4670367540638205, -0.8105656733520792, -0.07921083910738906, -0.5802662597042788, -0.4173481172951697, -0.6169706725508439, 0.667208916458958
39, -258.5042644649274, 218.7375795248793, 115.75251721406362, 6, 8.43628833171706, 10.976084439155487, 8.51433802056249, 6.424745312336876, 0.3116912445068264, -0.9354966899943109, -0.16641667917451594, -0.7904394670045479, -0.15808663403615394, -0.5917888687198208, -0.5273082752046961, -0.3159977201639393, 0.7887277247262461
40, 129.21992938537946, -141.30475269022295, -75.04644479524295, 5, 8.942270047799314, 12.861101340517584, 10.486760025650016, 5.301806249959607, -0.9803339983737396, 0.07978810339311436, -0.1804968426025407, -0.008325875060291256, 0.8970871670749864, 0.44177516280779744, 0.19716980356291178, 0.43459000589786395, -0.8787807436082433
41, 152.64495826131795, -19.084578882848763, 137.95585796955444, 7, 12.98784922967044, 17.458247505595452, 14.815129242919369, 8.470433254680309, 0.1632054935927227, -0.42869281789371555, 0.8885867626447637, 0.4344204453983012, -0.7774240133366833, -0.45485248169865583, 0.8858006793184895, 0.4602546809906767, 0.05935305506099182
42, 235.7618482073567, -212.2556411563427, 29.67326212712101, 87, 29.69106711940973, 37.94932040579673, 30.454553929913732, 22.647547256084508, 0.5903563614556753, -0.6964922587150852, 0.40789447169430326, -0.7503492678886596, -0.6597926377800505, -0.04061589972160612, -0.29741442915193117, 0.28208546343475654, 0.912125237372056
43, 174.63825126638724, 110.46340525537653, 39.68947899410796, 24, 17.04464217118953, 24.859318426368034, 15.565540704251218, 12.797060876955577, -0.8046948857593045, -0.31613829275421246, 0.5025163884763081, 0.04234014567437376, 0.8137163723791097, 0.5797180154061584, -0.592176876361356, 0.4877727392717167, -0.641408061943622
44, -192.3818822517469, -45.06553464580111, 157.16611945629862, 34, 19.210463904900358, 26.29820626651464, 18.688100574955758, 14.425214097318756, -0.5634615152550037, -0.8181475518112815, -0.11465471770381598, -0.7909143577090948, 0.5743092824939592, -0.21124234142539627, -0.2386746731350976, 0.028344867374538067, 0.970685823991148
45, -133.45379698405907, 28.328927395613917, -42.129518833456416, 351, 54.689999724345036, 77.22963095093411, 50.59976110199398, 41.85923986953047, -0.8832887332648148, -0.44195958984788936, 0.1564376381467203, -0.04187601706548629, 0.4067173411566617, 0.9125937779741798, -0.46695547205506643, 0.7995328169274486, -0.37775635239382677
46, 234.66742279329495, 343.8734451637271, -128.25036853764328, 79, 26.974894425836354, 36.756921999863145, 26.68398462447851, 20.011951533987787, -0.9542282071780701, 0.24575024464441036, -0.17045628730832652, -0.1011959202142422, 0.27102090464991657, 0.9572392882528034, 0.2814390064609364, 0.9306742107203537, -0.23374686980220194
47, 172.59781791593306, -4.620975806538691, 301.023832787821, 273, 44.82029844354542, 74.43068668316312, 42.865949886895905, 28.220178370617262, -0.9680422079372603, -0.05618280794696236, -0.24441312514500724, -0.09474748578101747, -0.8204219865052615, 0.5638534188926554, -0.23220077000330994, 0.5689914376771907, 0.7888799314597335
48, -88.18919307948312, -57.597383668516954, -234.13360977797456, 10, 11.303754943121138, 14.147943701879676, 12.189358745207066, 8.375177486341375, -0.4920982612971361, 0.8460236943701642, -0.20514192597466405, -0.2809448974097389, 0.06870025434613758, 0.9572618448847773, -0.8239595049805342, -0.5287004668212759, -0.20387876430662866
49, -341.92195723413107, 352.6201334212044, -62.22940336383444, 6, 10.964080108056553, 14.733928946762653, 11.867281914846638, 7.537837477441677, -0.4094213902576024, 0.37922939758259316, 0.8297946668957782, 0.9109299356265798, 0.11927389515556938, 0.39494352800593313, -0.05080135410485648, -0.9175831308080821, 0.3942846947036508
50, -87.34667580115891, -34.872859206231894, 328.1103766319105, 35, 22.94024483962438, 31.737774341704416, 22.285727526909945, 17.068323361578543, 0.5697091526614373, -0.40373287694255144, -0.7158430312921108, -0.46258589166086556, -0.8774691190961585, 0.126736884405975, -0.6792980010349718, 0.25893572389359953, -0.6866633212001271
51, -267.19840053362043, 147.6770261832632, -228.8259007882848, 5, 6.4199829380867826, 10.534743682129836, 5.702958949233036, 4.4043051659126355, 0.44883073690905595, -0.012531357631897689, -0.8935289221293149, 0.8267199131209555, 0.38541361649262046, 0.4098664776135749, -0.339242029906311, 0.9226588260554279, -0.1833454003978973
52, 277.32963515731717, -242.57795784578107, 166.9386304186577, 73, 29.569261662695773, 39.9622793014294, 27.61540818221789, 23.427164311830616, 0.48486544821375954, -0.8590218680642022, -0.16427698352465053, -0.44081318974407246, -0.40226355328242414, 0.8024137121511912, -0.7553735690875912, -0.31664722308601834, -0.5737118677836354
53, -40.32203689737424, -299.0580841900032, 271.97683544161816, 59, 24.4347649769973, 29.84674383369867, 23.16677009786851, 21.099008714180403, 0.5362438088401463, -0.3235930174705494, 0.7795704820764556, -0.5383731955157978, 0.5801981010548364, 0.6111664796783856, -0.6500745186751452, -0.7474340924634537, 0.13691383272924565
54, -10.542786395624589, -197.51030904960285, -86.05876036750502, 17, 16.75015111646425, 22.20659956888377, 16.602036726747787, 12.74714003586463, 0.7858844964771123, -0.10158502173129223, -0.6099721645753751, -0.22312691493315936, -0.9665456503137496, -0.12650646502049379, -0.5767147804845351, 0.23552067684053557, -0.7822595942212857
55, 161.69437956170515, -280.6005983232641, 164.7903200518768, 14, 17.48186058972336, 24.41720413340548, 20.03497578843502, 10.921397190362303, 0.6131153913364618, -0.10476668941712035, 0.7830156177848012, -0.6420814456876553, -0.6435273569510421, 0.41665808279602184, -0.4602400830110168, 0.7582192833502606, 0.46182527469361134
56, 272.20962578074773, 248.73874813262688, -4.65270765818682, 63, 25.456591835997934, 34.182986673555696, 28.90702917451907, 16.695034133163936, -0.8997174806826995, -0.3000672993898457, -0.3169669869100896, -0.4124656685056588, 0.8220426512947598, 0.3925785930950156, -0.14276038406419508, -0.4839478228995007, 0.8633736024761685
57, -342.3868982391996, -329.5584707366599, -327.7555323102421, 96, 30.074576049765124, 38.11338703761855, 31.609145831814285, 22.579183685719297, -0.12920831796248097, 0.11486653198398618, 0.9849420746415894, 0.4190490165626968, -0.8938941213670565, 0.1592206692086632, 0.8987230565013579, 0.4333116426030925, 0.06736384859453035
58, 28.881009202807874, -102.31868490195575, 149.3036210561179, 35, 20.303971195092394, 31.330283389689733, 18.866544794045538, 14.16075052148856, 0.46293083545813246, 0.8742074211350709, 0.14648012293278712, -0.47039669855078525, 0.10222895226826861, 0.8765136549482009, 0.751280232386396, -0.47466896480652804, 0.45854921903209234
59, 342.2324241141926, -251.5633404972658, 110.62816553692052, 131, 34.30557188684766, 47.173350723258224, 38.161050274547094, 22.427297628303755, -0.21491760794712095, -0.9278305265320399, -0.3048621587366417, 0.02025448777427096, -0.31632391590686665, 0.9484349930018121, 0.9764221308016783, -0.19766055312232458, -0.08677631139940861
60, -351.2169690026709, 19.388893868062603, 4.350564368125174, 8, 10.066803943216513, 16.34033297586666, 9.36960911397984, 6.66334740256632, 0.6234305522668225, 0.743656703518346, -0.24147267715522494, 0.4213459544470709, -0.059379944486748194, 0.9049539263762755, 0.6586364195604213, -0.6659194617256485, -0.350356015109847
61, -205.7177334040491, -291.41893193030614, 37.79888785670076, 89, 29.461144247928928, 37.55988069405451, 28.70162991604391, 23.720184739794544, 0.10519834501076544, 0.8026442561902305, 0.5871077466801368, 0.9242876254877676, -0.29674582768628965, 0.2400714458676064, 0.36691374133054794, 0.5174013062948435, -0.7730913236269109
62, -276.56898367513634, 200.9206535012369, 261.9764772185766, 117, 33.77094626972631, 46.787573029685696, 33.672509404163115, 24.446893953405898, 0.3193958642905802, -0.9289453959800437, 0.18720772730192842, -0.6986245911926293, -0.09735623774939124, 0.708833861742098, 0.6402421123723473, 0.35718652586395805, 0.6800792772068789
63, 242.55196505340678, 11.870369894497145, -202.71934776771678, 5, 5.24828575266556, 8.066422461206555, 6.248638673558134, 2.868045540707162, -0.9690164127134463, 0.03547241048506914, -0.24443588113520234, -0.08993461666418369, 0.8710279796640888, 0.4829306610350619, 0.23004120634666822, 0.4899509840143953, -0.8408502105880069
64, -322.98295753835015, 48.97672801607583, 32.3921497456258, 9, 10.944217291841547, 13.53872501047913, 11.968575016298233, 8.089727784283228, -0.32489126247708205, -0.8740588673859994, -0.36120183265032296, -0.9449870533876408, 0.284668791848994, 0.16113084086225843, 0.03801495095080952, -0.39368105782617724, 0.9184607167500795
65, -70.94651085506729, 165.54729779757906, -140.61900341762376, 8, 8.537586354664349, 14.406810684023567, 8.23636996320656, 5.244470332025752, -0.493062702467284, -0.43506784983680097, 0.7533957376266748, 0.2347091892789143, 0.7673481981558844, 0.5967313794790351, -0.8377354999662442, 0.4710548893975101, -0.27623635399962543
66, -141.06765800220438, -267.55306992824836, -126.28981577830713, 14, 17.262713082572926, 20.331223840901494, 16.93604727874759, 14.940033723245907, -0.6786485770780601, 0.7344516325549233, 0.004111966358366615, 0.7326427787531572, 0.6773498695226016, -0.06657111234286957, 0.05167850201753861, 0.042165788207058734, 0.9977732100703549
67, 123.82855383574001, 220.9301938580899, 33.5044959858149, 7, 9.112784565423162, 12.71716138679244, 10.210700249631477, 5.8278397333515075, -0.9175647385581319, -0.330255882263387, 0.22137299470617172, -0.36139732138743896, 0.460706584427675, -0.8106425964375236, -0.16573148961115125, 0.8238206693786082, 0.5420817079148225
68, 352.63806501447255, 173.67941348536158, -351.9084718534826, 9, 12.721517831951019, 17.860788884430473, 12.172709366249572, 9.469540437887877, 0.2131521632124504, 0.9743310456942462, 0.07242353701808232, -0.586301174900953, 0.06826244296299025, 0.8072119741372069, 0.7815478792931463, -0.21452098330252267, 0.5858017242167392
69, -2.8259598835436854, 132.7559722523948, -121.43310984154655, 19, 16.55358254393491, 19.473818302037945, 16.843645439664854, 13.828936798695887, 0.8408060851139718, 0.42981566361542534, -0.3290951572815193, -0.24169650642722895, 0.842039405075899, 0.48223691177708344, 0.48438406870600986, -0.3259265800916791, 0.8118767999971138
70, -294.9889975375505, -321.0815485019451, 237.04582096806752, 8, 10.32994412231854, 15.732456850481757, 9.4794017953768, 7.391225218452871, -0.9446102508507019, 0.31485921672015343, 0.09260209303328605, 0.28152515471807166, 0.9223873517189396, -0.2644714741704425, 0.16868628055873355, 0.22375264699058392, 0.9599373373902942
71, 10.694570889878916, 187.418283463778, -240.1855535793587, 20, 16.76438308119899, 24.019743457737817, 15.59666144796901, 12.576584673548071, 0.6082509092166715, -0.0473808875327044, 0.7923294030475619, -0.5805257186697828, 0.6542036420485094, 0.48477570555195715, 0.5413138843591805, 0.7548328597955183, -0.3704141363027273
72, -121.34885781476355, -40.015680927695335, -305.32601833787044, 86, 29.87274488858743, 39.767307467088436, 30.427995441135128, 22.030576423936868, -0.14631043726932716, -0.9314390176739371, -0.3331885536759471, -0.003843517193180463, -0.3362752999979996, 0.9417558866218151, 0.98923125876695, -0.1390693315072247, -0.04562058430675243
73, -110.35096206510615, -53.55525785667791, 301.8105369503016, 111, 32.080712866002855, 48.80310622962977, 26.704686482733106, 25.333610085830436, -0.16770176636017217, 0.6805877945771792, 0.7132155154174995, 0.9675855773715438, 0.2522007572595991, -0.013150228144826762, 0.1888233778488629, -0.6878917297876579, 0.7008214466377932
74, -227.77587186905956, 258.36131973683297, 94.91047572920375, 25, 17.501833504336307, 24.250100980556265, 16.599569392292977, 13.318038640106812, -0.48634494317224347, -0.050286430649265856, 0.8723186752233061, -0.8707310824933646, -0.05525646970512793, -0.48864517242643435, -0.07277347202601393, 0.9972050929714924, 0.016912253575323995
75, -209.71290256277234, -318.3799049604492, -38.39724379445247, 43, 22.051221550523252, 29.68032449147785, 21.423354123346822, 16.863272058775234, 0.4649019771777113, 0.8215667262146248, -0.32999131199660153, -0.26628917400334984, 0.4852135867411984, 0.8328612435756361, 0.8443673533627817, -0.2993257249531442, 0.4443510807418006
76, -97.11626281154152, -91.46032562924223, 43.71454087949798, 27, 20.742281897699552, 30.591006907892233, 18.20405475398985, 16.025356201530453, 0.9614533678060152, -0.021607066642662143, 0.27411777798160203, -0.17331381069289908, 0.7263263632494655, 0.6651408400270662, 0.21347071124062242, 0.6870102973900067, -0.6945841250147581
77, -24.481203649150192, 124.6331951068286, 88.26271434491021, 8, 11.025915051203782, 14.86130163856221, 9.952805382172901, 9.062365320706789, -0.9737906598398854, -0.21008185580427838, 0.08716286290864418, -0.19760762025383322, 0.971200421352786, 0.13312013364547073, 0.11261873390434483, -0.11240709686671069, 0.9872596747298961
78, 199.68383812979752, -180.82561199806534, 34.16498301838726, 22, 15.050990560896818, 20.534501589496433, 18.492353039850563, 8.978812612629099, 0.5097746026819286, -0.2931263141128611, 0.8088305251627749, -0.7279860978819396, 0.3540155811292473, 0.5871194168210997, -0.4584387589974361, -0.8881159452978699, -0.03292372938416334
80, -209.00865906439208, -260.2763219312061, -157.03247289041448, 8, 11.674721522126761, 18.81663769008144, 10.397887293649049, 8.133031641419182, 0.7386857900957755, 0.606071894731949, -0.2949917997616294, -0.26737564912526585, 0.66520150316873, 0.6971493544692591, 0.618751618798224, -0.4361006977729887, 0.6534237642116251
81, -241.5300624054574, -294.7831361918517, 44.383735190999346, 8, 13.511700839935896, 21.260224323465245, 12.6183604238791, 9.195160037205213, 0.11408318796475832, -0.760266608424811, -0.6395152150950223, 0.30972135073831414, -0.584418779417576, 0.750018249885231, -0.9439585325217585, -0.28363598921558963, 0.16879844342013955
82, -157.05140980576635, -79.5874052443331, -280.3079003807745, 81, 25.61245242594771, 35.15294341915507, 25.414174319575814, 18.80683847400336, -0.03794653698438563, -0.9861676253889774, -0.16134892303811035, -0.9947448902771012, 0.05264393587406294, -0.08781354840390693, -0.09509292086422766, -0.1571687966816351, 0.9829828613720367
83, -182.98543735204694, 235.87106662800713, 297.477126645595, 12, 14.408284570104358, 17.526040920891564, 14.211742063365383, 12.008968183388715, 0.34923902178565763, 0.3792570253647234, -0.8568525044450174, 0.6346506675540642, 0.5770179397700085, 0.5140708388507906, 0.6893842439709343, -0.723335610830185, -0.03917854348423788
84, -208.76574088452608, -131.26833810021049, -82.92700856490856, 29, 16.80853203226933, 28.95581598390866, 15.146037329758865, 10.828156586792291, -0.07835202181824162, 0.9717717540288004, -0.22253228698052432, -0.1869381217101942, 0.20493758367601872, 0.9607573707489834, 0.9792421045525252, 0.11687705022297402, 0.1656039124016028
85, 314.8880623531948, 265.94378323297565, 113.34601188398297, 36, 21.946941913831402, 27.28640211972284, 21.01818784145617, 18.43234109551458, 0.172068149827236, -0.9201436577248744, -0.3517501968211544, -0.7604151887866948, -0.3510644569547993, 0.5463721147034566, 0.626227827932875, -0.17346295342729717, 0.7600982247780563
86, 2.917992469480055, -195.35625518423123, -252.85644138477863, 14, 13.001675600247948, 16.194404097387906, 13.618895250903373, 9.96531718244273, 0.17534327224718357, -0.4082602325766443, 0.895867355903827, -0.6057171068837671, -0.762091528976647, -0.2287428422713932, 0.7761195290069749, -0.5025336645026892, -0.38091782937464347
87, -9.504334730386134, -164.65221864217895, -302.46397601100335, 6, 4.174565495996105, 8.610886723834893, 4.198907374352115, 2.012100491225634, 0.17243203000924154, -0.2854488516475335, -0.9427545534867474, 0.8640355309446635, 0.5033995279628066, 0.005613956893056969, -0.47297969966169373, 0.8155414571558746, -0.333440152603142
88, -245.65706435506954, 260.84751959647735, -313.1757775383862, 42, 20.178107167282047, 28.007159726557003, 18.497664131573405, 15.858252007658905, -0.026829505231767723, 0.9682296914530356, -0.24861907054322718, 0.8851906802741334, 0.13856660468956783, 0.4441134490427215, 0.4644541282030283, -0.20815994007869174, -0.860785572684394
89, 355.36213239657303, -234.08379211639456, 55.94898255323519, 7, 10.030670997375292, 17.42815288572336, 11.169344470661933, 5.184548143076214, 0.012669620274078962, -0.9957845905703258, 0.09084343622298462, 0.28366842990239827, -0.08353879301585707, -0.9552766572769179, 0.9588387260633662, 0.037872407424702756, 0.28141424654242075
90, -103.505003429716, -247.02654009576761, -199.88412141270092, 7, 9.040440547859744, 13.21180125184393, 9.514896614550334, 5.87763587849875, 0.5898001669670556, -0.6321701664206073, -0.5024904414348345, -0.6042996157179391, 0.06725700968586557, -0.7939133889104443, -0.5356843636777007, -0.7719050299977697, 0.3423519930938907
91, -257.86326438084683, 205.36826310819777, -211.36097237713219, 9, 11.954512183325038, 14.873718005569412, 13.654502106942966, 8.41201744668479, -0.9384761705473108, -0.1935046082863403, 0.28603923487312816, 0.3309126410985574, -0.7408125376594265, 0.5845456423648869, -0.09878917590521832, -0.6432361546263948, -0.7592680344288284
92, 345.06886935916043, 33.04390700799797, 310.0154165122667, 18, 12.805211378514961, 17.99576720123692, 11.451926430775208, 10.18852557263834, 0.7309123930521884, 0.009695232608769679, -0.6824024297636881, 0.41442127821440555, -0.8007463577323365, 0.43250465285535983, -0.542238026927162, -0.5989250980239994, -0.5892933472482792
93, 62.1126070649658, -79.0095576121735, 44.79815215705383, 9, 11.787924530210585, 15.364337988716663, 11.409128153652572, 9.344277544223791, 0.8547036422022679, -0.4183697384676377, 0.307324658855579, -0.42452889949460976, -0.22260498491443675, 0.8776230592829355, 0.2987589287369894, 0.880575824461337, 0.3678713360322642
94, -253.09827656076246, -320.1323447736993, -200.40490398240556, 75, 26.935138717953073, 33.773511667476264, 31.45298053130889, 18.395840012132894, -0.11824728461220244, 0.5753945755851805, 0.809282807224391, -0.9792629665343836, -0.2025910320419685, 0.0009571365884163684, 0.1645041703304794, -0.7923875037652478, 0.5874184384410825
95, 229.64467161486266, 102.68302088968909, 342.4356036112986, 9, 14.819198900842116, 21.137643662976586, 13.344830709871598, 11.537309421223158, 0.8712027123483795, -0.3392611157975678, 0.3548347915644914, 0.2554002770890852, 0.9304938558917015, 0.2625869048726763, -0.4192571197483058, -0.13814151966582375, 0.8972961540566033
96, -82.71491877877959, 235.4559057405926, 253.85167921077718, 20, 18.390540031982574, 20.629469660933953, 17.597029807663578, 17.133891561571378, -0.9828576109228603, 0.13326923127064996, -0.12739791461219985, -0.006090161482149856, 0.667158842285055, 0.7448905886732536, 0.18426564135543197, 0.7328972582547977, -0.654910514695307
97, -68.00907519872693, 307.8317833660454, -27.315498808867126, 10, 8.218052443810834, 14.16237046380458, 11.24677075699612, 3.4845197594273607, -0.7649596907913089, 0.14260362838841667, -0.6280930477524198, -0.26045586388729053, 0.8234000034428297, 0.5041578892540246, -0.5890665619700293, -0.5492509804277154, 0.5927258608058222
98, -159.81445665711877, -135.10320578322222, -146.07097468032796, 10, 14.74425485306549, 17.115988260441785, 13.849159435605873, 13.522067268164452, -0.6559179049522489, -0.6522587327474771, -0.3799082093318171, -0.6540137893733808, 0.7423761071036258, -0.1454086617472867, -0.376878846942269, -0.15308906282395182, 0.9135239863140704
99, 336.95046985999306, -302.81298769453986, -162.24123058822028, 7, 11.422681437368079, 17.234546300826374, 9.660142513503144, 8.952015112831482, 0.4267638177999879, 0.9041748523868495, -0.018452103619849603, 0.747050811813477, -0.34095639876339934, 0.5706696230842492, -0.509693759414025, 0.25732580603878835, 0.8209724119365316
100, -85.97904764327873, -293.50110821404394, -259.73224377003214, 25, 19.334559763406833, 23.719211779708953, 18.469873374550623, 16.498280871673348, 0.4776657346133867, 0.5738027358361648, 0.6652712727325494, 0.5555125200212102, -0.7839157498254813, 0.2772759226388724, 0.68061831159317, 0.23712131393547556, -0.6932042962948052
101, -347.7922964631903, 76.22328068175551, -71.25190938615621, 10, 11.517272415615968, 17.542368512344577, 9.98087431043509, 8.725535728805522, 0.24203085353777198, 0.9641380265708853, -0.10889872201167587, 0.8998011222015987, -0.1810432072812879, 0.3969651087716, -0.3630137826867187, 0.19406499637313032, 0.911350520251224
102, -97.58036006290449, 44.022649154974054, -175.49708907003264, 46, 20.72813126681679, 32.361186809091784, 19.765001673059345, 13.92384419334122, -0.6037479564926446, 0.5799337057361935, -0.5469600551978561, 0.7950447058464566, 0.387914355991591, -0.46629000431185574, 0.058243632583118564, 0.7163793334307702, 0.6952757222115611
103, 252.8696345018478, 127.05966301496241, 71.77642884331266, 43, 21.960976692362717, 28.221613369548752, 20.094451760023937, 18.67656284177636, -0.6965437394308205, 0.5795802955407134, -0.42298167818555504, 0.7066253653484544, 0.6564152641883048, -0.26419612787995445, -0.12452876015560799, 0.48291374174021656, 0.8667680808224139
104, -108.78378776497608, -24.406809923816162, 27.42066371859052, 9, 12.342641315749907, 16.690362406503844, 11.69784677526177, 9.630584135234077, 0.5805129087728734, -0.025272712041401326, -0.8138587425187065, 0.28302150524148223, 0.9434594692855309, 0.17257768507634416, 0.7634812311503828, -0.33052310031454046, 0.5548431218277469
105, 340.6143741694184, -8.98627497230519, -352.4122968269307, 12, 13.792203254812836, 20.362943473872274, 17.06045599749235, 7.552135187010767, -0.9168752600541162, 0.3935265073054136, -0.06690773907926467, 0.37106705037367077, 0.902040975601283, 0.22052510619716126, -0.1471359970492601, -0.17736675670567018, 0.9730837743935677
106, 136.69998008701455, -186.65632435775038, 328.52312155697246, 32, 17.882722330049507, 20.65584531337769, 18.79939262326739, 14.726993963319131, -0.786378388237451, -0.5870042813011721, 0.1924448083143928, -0.09409446749498174, 0.4217126610719886, 0.90183405495602, 0.6105368635061316, -0.6910748188334432, 0.3868595779794249
107, -273.33796014973643, 232.60584451584756, 108.69068397401514, 42, 23.186696625244213, 36.22632396888443, 21.15829987868351, 16.26340976605552, 0.8968823549302511, -0.36915731728764445, -0.24356706778166112, 0.20794954581618766, -0.13405713919115456, 0.968909526130652, -0.39033194566882184, -0.91964751863139, -0.04346738622828752
108, -259.64567137734036, 217.0427097247824, 81.34314075241315, 11, 13.357320077445179, 16.387435533403096, 14.080612809112052, 10.328219193977096, -0.40644665101105876, 0.09662403167392786, -0.9085509982301326, 0.8843490234960063, -0.20830826767634764, -0.4177732282702414, 0.22962561817783797, 0.9732787175936578, 0.0007831702821196415
109, -176.8540957173054, 179.16911465617392, 191.50148968715956, 21, 16.820858767114604, 21.90115158434068, 16.49434007153837, 13.174756514170793, 0.14980851027820924, -0.5844718410907738, 0.7974647811785702, 0.8424193726686497, -0.346771417836447, -0.4124065764803695, 0.5175780238773497, 0.7335817955372533, 0.44042109220104014
110, 102.50607829288492, -20.456488807114837, 249.66951785866874, 6, 8.587407349366885, 12.810170969957326, 8.40485484358877, 5.881675360315197, -0.35860846321760415, -0.46272077491853825, 0.8107338987408235, -0.25130427716883036, 0.8842901919849754, 0.3935441736779073, -0.899025099975168, -0.06261262506845258, -0.4333976566580357
111, 273.3144835034602, 41.40622650937219, 48.90713579618182, 17, 12.902651495446365, 20.20892645187856, 13.262332545516278, 8.014450377990626, -0.870282998971689, -0.37240918256905053, -0.3223645489800247, -0.4824408266830664, 0.5125662244796017, 0.7103004394424136, 0.09928922625442561, -0.7736842161120887, 0.6257430649146821
112, 45.858188407472696, 30.882892668424553, -319.25396090418815, 7, 7.19782416687917, 11.158881078460256, 7.949113495665253, 4.204015926019906, -0.3901061294116197, 0.5204769400290771, -0.7595531335551537, 0.1404290103550516, 0.8488916390878146, 0.5095710727047842, 0.9099982971666406, 0.09212350397576165, -0.40424789321534155
113, -212.30190024341294, -54.1946684810705, -236.06047343427048, 55, 25.089136077787614, 29.892021668336184, 26.561519329420996, 19.890647432133644, 0.278491163065569, 0.6736367367293957, 0.6845847055134648, -0.44364683879229583, 0.7224092325664866, -0.5303794708812762, -0.8518334077294629, -0.15600784477477572, 0.5000413961311004
114, -7.1057145280321, 58.04651118756929, -1.6013354454201998, 81, 30.080208273503786, 51.650683568403096, 24.021032750602355, 21.936875374311867, -0.37750303951435493, 0.8293528212725316, -0.4119045435592031, 0.8474466105850541, 0.4887165538062168, 0.20734119765178996, -0.3732635762639103, 0.2707951769937352, 0.8873242218893879
115, 173.16094699209162, -327.9781773199745, -52.7305609588129, 9, 10.498091599820281, 14.394453259163788, 11.170890125417714, 7.195286967623027, -0.2838156402598205, 0.7469105970553981, -0.6013096060685019, -0.8110833389359459, -0.5214906878447287, -0.26493636932620135, -0.5114611418714283, 0.4125191177358708, 0.7538139544065189
116, -115.56280511625906, 334.8139950324461, 128.9525915465392, 7, 10.582240153485163, 17.06291506675147, 9.739557065407858, 7.130835272328876, -0.3855715193001883, 0.46059788227671733, 0.7994899588780011, 0.8832856738633759, 0.4347384470666888, 0.1755246449640781, 0.26672274341020763, -0.773855331107983, 0.574462274360542
117, -297.1633937340035, -197.64497412026003, 144.1196382784798, 6, 5.440756815916661, 12.04952525998339, 5.126321059025753, 2.6073672459816186, 0.40974636196260866, 0.3383488014404181, -0.8471292743272656, 0.7635682279800021, 0.3808621069537396, 0.5214476164546519, -0.4990706163238683, 0.8605022626644229, 0.1022955320213093
118, -49.58686863834069, 92.71196594315963, -84.94685244204872, 93, 30.75513493891654, 39.49630456050954, 29.38139341926554, 25.06825241155507, -0.6968263215753434, -0.11939062958393996, -0.7072333102501087, -0.7088348963169583, 0.2651463448745358, 0.6536440205211097, -0.10948135605254099, -0.9567880085824785, 0.2693891967204177
119, 50.67434757570156, 238.49103318174895, -104.84391273650112, 16, 14.58151717452756, 17.726611410025527, 14.265497701654274, 12.260141665906515, -0.8487602447418894, 0.5133660983598491, -0.12673316850956517, 0.4722424875059435, 0.6280937089550322, -0.6184539803132567, 0.23789300103174066, 0.5847679384387434, 0.775534253424189
120, 152.77520982863945, 70.6712961446974, -178.83059483966392, 103, 29.374683214638715, 39.42692319357375, 30.185611512375207, 21.29740599623587, -0.33535684169091373, 0.2354710101397687, -0.9121892304313028, 0.9351008130626739, 0.2009332166272972, -0.2919114795024919, -0.11455242529349427, 0.9508834028626039, 0.2875734619533131
121, 189.40756649577233, -222.30928771215693, -108.04822849541182, 73, 26.323681254376964, 28.926157023697698, 26.864215502932613, 23.473344258676452, 0.039268642239240495, 0.9107856392531941, -0.41100789903216833, -0.14087351797530231, 0.4122630603002078, 0.9001076719177376, 0.9892485156268614, 0.022554122506966246, 0.14449458774636545
