# Void_ID, X_c, Y_c, Z_c, N_particles, R=(abc)^(-1/3), a, b, c, vector_a, vector_b, vector_c 

0, 320.68873146571224, 351.5693674549745, -141.08624971905613, 19, 16.6705854592046, 20.46068302691986, 18.447659608922372, 12.274142263713523, -0.32135258074269296, -0.49717826773034796, 0.80594434606036, 0.8394311975418581, 0.24434523816558468, 0.485438635853437, -0.4382782032493199, 0.8325317859892521, 0.33882597579597407
1, 123.18516558762883, -352.3746978270949, -356.8488288197873, 8, 9.862103037785639, 17.30792680970073, 10.998706637761652, 5.038739874732069, -0.8784985495401683, -0.47572687054360896, 0.043866195396969065, -0.4764941160911942, 0.8791371484281927, -0.008439880568905562, 0.03454932396287805, 0.028316406840038034, 0.9990017644215538
2, 286.27900363088423, 311.70629600164665, 102.73524932243585, 37, 21.704190415682476, 29.56284794688264, 21.36669722630953, 16.186282176490202, 0.26333731352472733, -0.7892096858511011, 0.5547986401068281, 0.3863717530879587, 0.613240207346273, 0.6889508810573055, -0.8839515415006169, 0.032932049020766234, 0.4664173586242015
3, -343.3823557712882, -321.5006885982058, -225.59107177026635, 19, 15.409384533090032, 20.15453659987954, 16.907671470073844, 10.73740318455786, -0.33639391357515064, 0.6559214039486798, 0.6757264585256278, 0.9311856108783182, 0.3387143319386901, 0.13478115384763542, 0.14047239231524095, -0.6745663148878103, 0.7247260129289639
4, -95.59997893351466, -169.03337180980606, -306.9371482652072, 43, 26.501496575022333, 33.40697808579249, 27.04256241881682, 20.602796194897447, -0.07196798575120761, -0.9798137320443814, 0.1865091405914871, -0.9957810058379566, 0.05991042413834663, -0.06950488825910461, -0.05692800224196657, 0.19072438642403458, 0.9799915361797337
5, -47.45636106268318, -194.23794866490024, 68.22871508978625, 16, 15.270609707419968, 18.236367516136994, 15.125814608126639, 12.90957732649096, -0.7366132113554035, 0.42821752210160907, -0.523479446226724, 0.11118864758710004, 0.8401634672446506, 0.530812992451389, 0.6671117309000282, 0.33279889133319623, -0.6664884368261492
6, 85.13162770346668, -96.17068354084049, 175.4746572470324, 57, 25.425713852174198, 34.11074597449106, 26.069966547227036, 18.483651604678432, -0.3381564807222524, -0.2635586342354004, 0.9034307061781282, 0.05754008033261056, 0.9523970481784989, 0.29938103108947767, -0.9393291934677945, 0.15322111127665358, -0.3068940490760448
7, 246.5372715077125, 147.1788271331755, -57.40511236838073, 52, 23.518286600711868, 31.760178821548426, 23.44203408744094, 17.471846414067986, 0.5832673117864051, 0.7974593982314488, 0.1544595454279078, 0.5995532097826483, -0.2943670498053986, -0.7442338265815319, 0.5480284587873009, -0.5266939796135909, 0.6498140196994937
8, -255.18272875892612, -323.94699190234707, -194.9029939610925, 59, 24.950104462828385, 29.850604649412645, 24.147728530329978, 21.547043452798725, 0.830324089230038, 0.14953246892088706, -0.5368444351790672, 0.3468576773296376, 0.615316910622087, 0.7078664077211035, 0.43617847095173956, -0.7739671441611158, 0.4590459685448605
9, 246.81080503498265, -278.31226932579784, 241.32590669746412, 6, 8.230934137815856, 10.738088224583532, 7.530090626742693, 6.89636451912477, -0.3876608958648666, -0.5498499582564506, -0.7398540756275042, 0.2459711447664152, -0.8352182894959751, 0.4918420527300575, -0.8883789876846189, 0.008685176843153956, 0.4590286940308359
10, -79.12250911663978, 349.0971651686981, 164.1678258990135, 8, 13.668968649311434, 16.314580434439097, 14.364107775533324, 10.898147407254463, -0.34995653816262035, -0.18343703398508654, 0.9186301083461115, -0.9357061418159901, 0.021817370252229268, -0.3521051242500048, -0.0445470264447387, 0.982789324788396, 0.17927829070163664
11, -93.82128770537769, 325.1556835545443, -281.1928937726059, 13, 14.4018607086263, 24.293164779203632, 12.174306044884764, 10.100142648727685, 0.4755289622463031, -0.7667205456821756, -0.43129086576668985, -0.7841456810424403, -0.5916578641975693, 0.18723387149674148, 0.3987326886116072, -0.24915974105380265, 0.8825710546299154
12, -118.87701731571455, 271.36751272908447, 347.36739675404345, 65, 27.271829338104002, 44.47016154894203, 29.481658425480454, 15.47113565700986, -0.4585375814951557, 0.8860937579609095, -0.06768410787833867, 0.884188719989088, 0.44725426739108876, -0.13481071079301696, 0.08918292325681981, 0.12166130199522433, 0.9885569957246749
13, 353.88805701226363, 228.69122914452524, -169.50101611137978, 13, 13.231309521717893, 18.68958945422901, 11.818215340379144, 10.48713422634637, 0.14575383462128694, 0.889121327799166, -0.43384223416564544, 0.8944663405366087, -0.3058034785478174, -0.3262118914986117, 0.4227124144619333, 0.34051064147938614, 0.8398611300084435
14, -306.0203594464791, -111.12518303755655, -234.81148750195266, 49, 28.284192767880338, 55.50971244746573, 25.705547713283366, 15.857529423881633, -0.9418765663448162, 0.14368089978084453, -0.30368459428931505, 0.3351800958442053, 0.3403594535416147, -0.878527031874787, 0.022865631860245792, 0.9292530556436285, 0.3687355711842991
15, -242.8642930637346, 311.1600820081571, -41.523432669848795, 7, 9.238795984903607, 17.730442763546765, 7.566439199512246, 5.878073378671191, 0.5656774145998484, -0.0031858837598985356, -0.8246204658849423, 0.4237167167793503, 0.8590094298376789, 0.28734464214889016, 0.7074413096033897, -0.5119498506637284, 0.4872721455942533
16, -125.25379141926351, -91.39589523449486, -274.05771588791947, 7, 12.182510818681832, 14.943425653381913, 11.170572728462714, 10.831405362511001, -0.7669529964244589, -0.18266407840408147, -0.6151560255222502, -0.14068920871586013, -0.8874421634125955, 0.43892249104879233, -0.6260907664440122, 0.42317873417547147, 0.6549275617312154
17, 289.42604138186186, -197.98346467754834, 155.1382097987244, 31, 20.32837109781913, 27.26467887424722, 18.839529807009104, 16.35450086991584, 0.8899653752512472, 0.2172800057537576, -0.4009376883675988, 0.3434301539647105, -0.8977741338862226, 0.2757849413449149, 0.30002893227434335, 0.3831331408590074, 0.8736083997843825
18, -351.7237949441322, -207.75798706179978, -98.84719315564172, 8, 9.6374825032789, 12.562039831966297, 11.404354245286306, 6.248272225056046, -0.20847088585471757, -0.958035840092212, 0.19674150261131737, -0.37457002601940637, -0.1076146260008022, -0.9209323470692777, 0.9034584580149608, -0.26568105195801506, -0.3364169931375524
19, 27.095176416537786, -111.46813993225696, 151.11004934611734, 43, 19.82204549919633, 27.765363693373924, 22.501151851949732, 12.466291817647477, -0.7271318695674668, 0.6435543712245054, -0.2389916641582961, 0.5492745129721901, 0.7542204552932495, 0.3597902364106157, -0.4117969811187117, -0.13034291731841063, 0.9019057435488709
20, -298.7179445139581, -92.48141719753237, -307.15983316986495, 82, 30.85480134078804, 45.70658544234091, 29.946559691637574, 21.460634022546394, 0.15983620133885657, 0.365843640765652, 0.9168483076566684, -0.628708295889505, -0.6783218068730426, 0.3802701736926068, 0.7610376254964533, -0.6372110771414937, 0.12158855105188837
21, 25.43720590317154, 5.524265448608307, -67.31205091391544, 68, 27.937739025528977, 35.88950157939452, 28.380369028005163, 21.40860174186492, -0.7116645740205991, -0.06836342138396864, 0.6991852234571017, -0.7018121985911799, 0.024537096146403772, -0.7119393013602467, -0.03151463140658719, 0.9973586985279569, 0.0654404651414312
22, 142.32846551842405, -232.88565927038587, -281.03063759423253, 18, 20.34655606855849, 27.46825158930057, 21.110837563701807, 14.525672490727779, -0.548868940499732, -0.770122449447982, -0.32504507227604923, 0.04112567978429571, -0.41326009077730574, 0.9096838878605097, -0.8348961400180153, 0.48592953216178697, 0.258497437426458
23, -331.1504963951698, -61.48170111546693, 281.4042118410375, 6, 10.59544786865567, 13.615536400565459, 11.581609344474218, 7.543176846937068, 0.760307550872584, 0.3021512785211579, 0.575010463360592, -0.5844823029889042, -0.06798088679207494, 0.8085536695382377, -0.2833952462179268, 0.950832900103374, -0.12491569357806
24, -316.0310149165105, 339.93544034244616, -199.3232209362885, 6, 9.167137668034453, 11.706186001247906, 9.315335239563092, 7.064596324909755, -0.12809600361926407, -0.5056524399596051, 0.8531746736862689, 0.888762843476932, -0.440277389432869, -0.1275006996411246, 0.4401045579309217, 0.7419376188852236, 0.5058028744198204
25, -269.32194048666605, 189.33902595274822, 268.2961431788872, 102, 31.865108345916102, 41.539469327353075, 31.533095427240944, 24.701233967557535, -0.7710420498488739, -0.5407972644652155, -0.33620302811216074, -0.6080665953805023, 0.4685212313229711, 0.6408922463113214, 0.18907451691650856, -0.6985887019889077, 0.6900903219914347
26, -304.36987960476114, -18.372663506319622, 8.068622637954594, 7, 8.753105736845363, 14.013940096040768, 9.170431163509981, 5.218389747397105, -0.15127709373419365, 0.5681065087418032, -0.8089315395239175, 0.9683639422716656, -0.07912904595586825, -0.23666404330652457, 0.19846036435372785, 0.8191419833040626, 0.538163446333242
27, 170.03319809530652, 131.13731800062072, -49.19880528333632, 68, 27.94717213194293, 46.60906775075654, 23.564497216641957, 19.873987628572237, -0.36143067796204414, -0.3931256258088076, -0.8454703468249674, 0.3523445825807921, -0.8971187142734764, 0.266516993128528, -0.8632619302123002, -0.20156947892162883, 0.4627619096397162
28, 293.3077395758715, 6.223179470539325, -295.71254096665206, 17, 16.295712487161865, 18.9159029165028, 15.17681135470189, 15.073442495181384, 0.48476095550771064, 0.26778197851194296, -0.8326461601421583, -0.4372448353078721, 0.8986821310255606, 0.03445840060056141, 0.757511564275981, 0.34736614596069326, 0.5527322956265271
29, -262.6720604011498, -271.74004258036075, -42.90101355193334, 43, 21.075341407641417, 26.808789490418864, 21.53184064882647, 16.216812462401677, -0.10142887440678149, 0.9935795241976649, -0.05011898374583249, 0.5012375764599433, 0.09455579522345746, 0.8601279518386913, 0.859344561500878, 0.062120292053412525, -0.5076100806072141
30, 55.70816467714636, -264.4218224630358, 117.22219737092634, 182, 40.10023813259067, 51.01395096698542, 37.01663982828406, 34.147184515079154, 0.7380275955055506, -0.5374704250599722, 0.4079715804540164, -0.3392128229657628, 0.2271367041507459, 0.9128765405919546, -0.5833094624707308, -0.8121172697421165, -0.014683704529770391
31, 346.88496265966535, -244.82517086733745, 122.35784214139714, 43, 24.41582749763917, 30.336133908858734, 27.029938172852848, 17.750437378103605, 0.06417901299382626, -0.9741876149325867, -0.21642445611135722, 0.07108125294108313, -0.2118581643992465, 0.9747120465335943, 0.99540369186148, 0.07793977860720618, -0.05564962838326616
32, -338.9833889750332, 106.82588211788456, 217.13385527853495, 58, 26.989646293001428, 33.440835094421935, 26.993626331185627, 21.779767191231397, 0.6665484312917023, -0.5896208146988944, 0.45613647477085484, -0.5136411751949942, 0.08019943830358252, 0.8542486717812882, 0.5402646868775313, 0.8036885870594418, 0.2493967183896399
33, 14.980570249373727, -156.59093047432643, -308.3926827339599, 10, 12.86617486504152, 15.873786335794957, 12.591378252940157, 10.656008247500703, -0.9393186878589731, -0.24160264738894643, -0.24353349546530467, 0.15040805245931546, -0.9280966731718787, 0.34060825445471304, -0.3083144829460552, 0.2833102998867914, 0.9081175329128729
34, 170.10077025992683, -166.78651446951835, -125.88911415810198, 53, 25.958470862150662, 43.13390352787817, 24.60088093927785, 16.48420078433357, 0.27612447082715297, 0.7058708186088186, 0.652304885806431, 0.8946533915879397, -0.4367750496319674, 0.09393010667080702, -0.3512130201610147, -0.557650377436893, 0.7521140013414652
35, -309.9592894350233, 107.35172784371481, -107.35693611067515, 34, 19.103670185894263, 25.287564396631055, 18.764220430467297, 14.693082161811706, 0.6863466958839501, -0.7235437079884391, 0.0735711606509279, -0.6622187489333845, -0.6635658857707326, -0.3480612644383257, -0.3006568502633641, -0.19017049684859935, 0.9345804623027758
36, 50.90082739852044, 284.9617775228198, -271.66125885863437, 13, 12.362560655228654, 15.359357970507356, 13.193585156554514, 9.323724221331853, -0.6273111113692855, 0.6470481749624077, -0.4333698522399192, 0.13971126486635832, 0.6409573649419323, 0.7547545420838068, -0.7661341475368882, -0.4129192603942229, 0.49247959589551876
37, -5.657870210423269, 167.55493015756673, -316.64046957444265, 22, 17.603692540696642, 25.646275038015364, 16.101914796261568, 13.210203398342356, 0.5336072805434232, -0.8424523938242784, -0.0744125949742069, -0.39180145052774196, -0.3242196362361458, 0.8610303425798992, -0.7495030977356993, -0.4302970969210046, -0.5030800282916689
38, 48.41710966073166, 105.8771588896981, -88.9374984258172, 43, 23.653374868431094, 30.810047884551853, 21.603936804764043, 19.881725467792535, 0.6617775160880535, -0.6995749401389116, -0.2695281475652667, -0.6450808264755585, -0.7145395300270041, 0.2707470911060698, 0.38199639594364637, 0.005306897250410489, 0.9241485758943951
39, -125.10713164227117, 21.85536999736202, -98.25835465605361, 26, 20.931860714596134, 36.18089348018315, 16.968612096898024, 14.938187259148144, -0.931093260578673, 0.3288824618950323, -0.15780261836496198, 0.3589835173559232, 0.9029409157675333, -0.23628063166425184, -0.06477788489712065, 0.2766478427364856, 0.9587855843396395
40, 19.35095652057264, -226.58645732218747, -105.00128507245553, 12, 13.055015761342691, 18.367343679130453, 12.256430763740836, 9.88375184490884, 0.886125567896038, 0.41425939056311434, 0.20777544429311437, 0.3004087779059363, -0.17204719165112634, -0.9381654065259615, 0.3528966478701454, -0.8937499209371923, 0.27690257266189733
41, -99.15052738097417, 139.8482110496359, 320.3719984379966, 75, 30.268222961120962, 38.12113142648904, 28.156727232769406, 25.83525887487947, 0.8924214080163557, -0.269473785124459, -0.3618948875637817, -0.30125221723682716, 0.24125346504482248, -0.9225203885084395, -0.33590345655262427, -0.9322985813217585, -0.13412018170818182
42, 265.9163704281145, -74.62167000279008, -80.08580450563124, 66, 25.930024984430336, 31.760552156973247, 28.875277972657393, 19.010545892800618, -0.12787014509557004, 0.9752137067900277, -0.18057533630618514, 0.9542147563431523, 0.17061088200838112, 0.24569518863278655, 0.27041343304321264, -0.14089057111523054, -0.9523793478444439
43, -72.96936695232047, -307.18766991166325, -333.6067030845634, 74, 27.853735559623136, 43.69347677065965, 25.955707751218846, 19.05464513715957, 0.4339874717975992, -0.8711064108109857, -0.22984450258104938, -0.7386116502436723, -0.4901077264080767, 0.46286849821458487, 0.5158562827445716, 0.031113301964074202, 0.856109956719255
44, -284.5652394163473, 88.00325885433517, 302.10835652879655, 82, 29.44378347497116, 46.16542185444799, 29.445003934283946, 18.77813343943642, 0.30474993232482883, -0.9522484439999226, 0.01871843069647432, -0.5178638236001164, -0.14917470323454765, 0.8423562002627821, -0.7993400646497585, -0.266401593115753, -0.5385960009423658
45, -97.27090983926962, -66.5364165389085, 286.4832924107899, 80, 27.194730350563525, 43.026910827064604, 24.078295386030927, 19.41280831837983, 0.7992828188362819, -0.42100413538911086, -0.4288385401271606, -0.5059497742226291, -0.08635320669159738, -0.858229543687555, -0.32428660391264597, -0.9029388914424636, 0.2820275817069273
46, 41.3694315004061, 179.26034166253118, 290.8023552448183, 8, 10.361118240268066, 16.215214959984184, 8.74834531116079, 7.840996540535768, 0.145470450653503, 0.7029121479455693, 0.6962419552549335, 0.3905290245865193, -0.687379787603485, 0.6123692583316783, 0.9090244380335262, 0.18282105968605997, -0.37450104297998654
47, 272.02111269067757, 193.68444668117868, -132.11627812471716, 45, 24.895686216148455, 31.961284413431855, 26.007117230817517, 18.563329156673273, -0.16908251578721736, -0.9560456278211894, -0.2395576347751271, -0.9812121347299576, 0.14036713330372072, 0.13236243631323424, 0.092918510070624, -0.25743703193612927, 0.9618171994065045
48, 295.2892454874807, -55.66704752783276, -134.02811697300868, 169, 37.86128453276757, 44.845976977396724, 39.06053252711233, 30.983065381180015, -0.962226079300634, 0.09421815972565473, 0.2554288759941617, -0.028941393882775408, -0.9682914111491636, 0.24814136860846753, 0.27070900988672647, 0.23137562851923943, 0.934442053042068
49, 173.11367065766999, 99.92691849351891, -146.65344367053854, 39, 21.41188549751997, 30.08439434932592, 20.620346442092192, 15.824409262209647, -0.17719234817493337, -0.6142127756735657, -0.7689899465842367, 0.2101982758725803, -0.7869431971361209, 0.5801181683944876, -0.961467397558778, -0.05884786045859068, 0.2685467794463319
50, 338.3198575845798, 177.3000998351811, -252.07369943908793, 75, 29.271512680063353, 38.95293900885843, 29.93838407696452, 21.50636005430947, 0.30494965459896667, 0.9103038311474454, 0.27991542143700193, 0.3902743836404433, -0.3875497408642121, 0.8351593284099473, 0.8687298853119092, -0.1454377301609384, -0.4734514262430638
51, 336.7418824070919, -188.26233237665414, -321.1478473806142, 48, 26.30682258144069, 37.42549242824135, 25.027570551360196, 19.43654060227321, 0.7479437164475238, 0.6290438342393984, 0.21185856516096382, 0.605664730911372, -0.5161928111287543, -0.6055701573468177, 0.27157030536625654, -0.5812476549151754, 0.7670728341551974
52, -1.093853050965278, 347.49792348294466, 347.30002936143404, 13, 11.823100358268368, 19.6108834907468, 11.91184428845818, 7.074861801440732, -0.9396082552970825, -0.3402420036595253, 0.03703654308009843, 0.1357428283702915, -0.27113694792444, 0.9529211090201817, -0.3141818122100735, 0.9003999857929647, 0.300947926492978
53, 293.71908220841846, 160.51455357508172, 121.70747387245143, 93, 28.99448231740044, 36.5882997769441, 29.838070326035975, 22.327141007131335, 0.5387783428144088, 0.314564259460444, 0.7815159780735528, 0.7248646522095765, 0.29962036275591813, -0.6203215893382251, 0.4292891022274483, -0.9007091455581622, 0.06658755001227173
54, -176.5812558219295, -33.42545524596677, -74.20911242566163, 139, 37.73846302814162, 53.4527776177702, 35.39286573343565, 28.409698173519605, 0.2389651619185859, -0.42536949756571474, -0.8729011638953836, -0.0003697726518922833, -0.8989850774351049, 0.4379791020324877, -0.9710280709935268, -0.10433897205593713, -0.21498340459882118
55, 11.047755993493814, 233.32362612545023, 65.11362569108138, 19, 19.02520198466611, 23.90173817102842, 18.880958971388726, 15.259288902206562, 0.33491451416729534, 0.15202571645901813, -0.9299034625891048, -0.7120451210994048, 0.6871865434534586, -0.1441055169485951, -0.6171094017422014, -0.7103962528276816, -0.3383979170293028
56, -155.7259276276597, -292.00087173333685, -303.68837785733973, 11, 15.262183081536305, 20.615876413340537, 15.510388748128124, 11.117969844833612, 0.11356679351837969, 0.9887948773656097, 0.0968879450988749, -0.50352880273074, -0.0267848350481888, 0.8635631519651524, 0.8564819485724742, -0.14685796916398552, 0.49484483291485204
57, -209.3398574641654, 108.01597219249575, 271.59680112773907, 10, 13.832710187326375, 19.413078180427142, 12.15510541074849, 11.21679289124543, 0.38787118536333987, 0.805446379830451, -0.44812060071241844, -0.484665424009118, 0.5917684756719965, 0.6441346893087683, 0.7839995984277668, -0.032652724524333064, 0.6199019513166887
58, 54.66935430585758, -304.79307857564, 176.48153604139944, 12, 12.223138805962702, 16.943128978777953, 12.39215136769677, 8.697769703944385, -0.2262156934540009, -0.40941441042495474, 0.8838587560077187, -0.18363043513890734, 0.9090354752490614, 0.3740780239861851, -0.9566118979637568, -0.07768104836509361, -0.28081903674622766
59, 89.42598171549915, 123.33368944321178, -27.70291352702524, 40, 20.468932465775637, 32.134078317475634, 22.0398784384795, 12.109062943753026, 0.22464861606057393, 0.963991919743202, 0.14231155248919466, 0.9338610038235471, -0.25469160496177357, 0.25106933683680466, -0.2782743697140384, -0.07649683020761244, 0.9574505784260837
60, -89.64353783652679, -210.87775509404278, 53.235796093151485, 143, 36.29465193995014, 65.18988950479816, 32.49356121452858, 22.570976642896085, -0.7255048320496444, -0.07423757930685757, -0.6842013742249244, -0.6548833040257173, 0.3801228679473443, 0.6531726137644214, -0.2115906349084895, -0.921951944019938, 0.324397928687714
61, -212.8435214862051, 221.68229790353627, 94.79738928390655, 5, 6.704262494976514, 18.164198217065458, 6.1948079433848475, 2.6779900013623212, -0.17220388395694924, 0.5561720657634903, 0.8130304149381579, 0.9539944731858191, 0.2998088759491369, -0.0030303519641236903, 0.24543913192694802, -0.7751046840049968, 0.5822133297619184
62, -129.31371848969903, -85.28768696851505, -83.1076779864882, 48, 24.238447267365785, 28.399625019486574, 27.233280149899056, 18.412036451305205, -0.4762566947889392, 0.5713368627607428, 0.6683964017852185, -0.7255411342647702, 0.17409938337327413, -0.665792360423906, -0.49675911985438653, -0.8020371524809541, 0.33161239856455654
63, -142.4486827472111, 224.55803544234274, -52.79671292162019, 7, 10.937322618032647, 16.229005196067256, 9.78336618220156, 8.240486641200837, -0.7314744361433528, -0.30070948302704625, -0.6119795389442123, -0.6776960704194851, 0.22147187128461304, 0.7011977227342371, 0.07532055102528515, -0.9276443375816502, 0.3657906471548293
64, -318.63236319066607, -351.60602471496964, 355.5011412405689, 8, 9.481109555892848, 12.34066157448559, 10.789547914250113, 6.400822799320706, -0.9551977250145252, -0.1476858707904467, 0.2564881862697441, -0.17212414977305934, 0.9821795868896169, -0.07547540104062367, 0.2407708105065413, 0.11624174235707617, 0.9635960118959679
65, -232.59235358281, -349.5786790170093, 187.45237635363145, 37, 18.62874457414481, 24.699696373531445, 18.55509033391273, 14.105746550453578, 0.5161538550616959, 0.30430263017631437, -0.8006154552422323, 0.80627024245347, -0.48802224887267104, 0.3343091095667054, 0.28898701361648077, 0.8180673528952485, 0.4972447205229928
66, 78.06618548463159, 208.96923833661722, 236.709691552738, 70, 24.847315306476546, 45.75241686547636, 18.618943181102036, 18.008160228883842, -0.14801133924703772, 0.9812425064144041, -0.12351431925034673, 0.46679961909773154, 0.17941700282402473, 0.8659720865639126, 0.8718891896706334, 0.07051725110369943, -0.48459937910841777
67, 242.89025462840715, 340.35736015726764, -196.5693186673252, 69, 27.12594396745339, 34.60822214092344, 31.60772027846395, 18.246606989659224, 0.22103026062461395, -0.3859330110971015, 0.8956569292054519, -0.9125179624798913, -0.40593504163786565, 0.05027633759545667, 0.3441752344951093, -0.8284156281215298, -0.44189473298993703
68, -311.4206144179935, -344.5599917729269, -78.23417951407596, 50, 26.649689841772215, 48.617310564423406, 24.040364578033486, 16.193640606944594, -0.9321017558348454, -0.2437538391642109, 0.267899948977797, -0.33950346948413707, 0.3302955714588843, -0.8807055294948947, -0.12618918724610237, 0.911860132568234, 0.39062435619762764
69, -71.7988513340194, -168.24289884828084, -182.84637880036956, 5, 4.632797975079945, 10.36206571437555, 6.512870359423128, 1.473368262664549, -0.3519762137392759, -0.4182183080853644, -0.8373805537173519, -0.9360011012465693, 0.16092772229137045, 0.3130562356244017, -0.003831896002409668, -0.8939774689444508, 0.44809552730718044
70, -76.73762530496124, 49.826418765571255, 210.41059313883477, 34, 22.146302519945333, 28.742297041227687, 23.230297180859445, 16.267748339868774, 0.04394042346356508, -0.8103950432564364, 0.5842337828739802, 0.7688693806204435, -0.3459686242643734, -0.5377225925781364, 0.6378942817820027, 0.4728272251996654, 0.607885927111171
71, -247.33823035384904, -214.7654761285936, -181.18087045121027, 11, 16.72852911262747, 23.61515871372714, 15.40483541721927, 12.868423288200717, -0.11419165545643485, 0.5772547950957962, 0.8085401457955128, 0.9831783147686678, -0.0511155640192321, 0.17534993722165373, -0.14255057766547705, -0.814962637581568, 0.5617074257594722
72, 150.0521218591686, -270.0912706125463, 223.8063422089732, 8, 12.604651614708622, 14.38349830656669, 13.734419506829207, 10.137192756781504, 0.5202250906476495, 0.5692034940385883, 0.636689278561299, 0.805667864249355, -0.079779414549529, -0.5869706445215275, -0.2833110438661532, 0.8183169480026651, -0.5000922165311855
73, -102.21651117300674, -204.64469889745604, 336.395693519141, 91, 33.07882870477007, 48.78021294492634, 31.40591955947839, 23.626270043076584, -0.8851327479270938, -0.29040482826643665, 0.3636001296294781, -0.4100292264234042, 0.8562020255454414, -0.31431532722810035, 0.22003647885215982, 0.42729746918443406, 0.8769269187354899
74, -34.335007295800466, -60.42161605032066, -247.96281410947313, 9, 11.439668689179983, 14.441121750905042, 13.200698593520807, 7.8531247382344676, 0.2171745107099244, -0.010822849053992403, 0.976072793308091, 0.7076230119086682, -0.6870399626395569, -0.16506290544377641, 0.6723874663579099, 0.7265390255688893, -0.1415490706793916
75, 311.27681010463556, -294.0283551273222, -168.350687053066, 9, 12.396870295818783, 16.37191496644571, 12.309685338579738, 9.453437127457459, 0.5245738929371301, 0.8015110993184986, -0.2870578138947562, 0.7583388882434211, -0.5931484524176228, -0.27036465000497206, 0.3869681659084068, 0.07586086648484341, 0.9189672287462989
76, 86.98057553670235, -341.1908943005374, -215.12648562806672, 34, 22.69835397292473, 26.937411561683398, 24.816663265721264, 17.4937873752695, 0.017249053482102615, -0.5400698104842765, 0.8414434443011897, 0.9815338424217821, -0.1512041057351133, -0.11716925616208664, 0.19050928149227725, 0.8279262758315634, 0.5274886685540973
77, -169.27187412349417, 14.697415333530355, -227.57693746756672, 49, 23.04933886393283, 43.88616066932725, 19.997888786173853, 13.952874272132375, 0.40152332305805416, 0.8460301214452716, -0.35073074380173247, 0.7962834675792345, -0.5116800977465878, -0.32267029121075363, 0.4524507269310177, 0.14972144528203646, 0.8791312919708021
78, -355.6100319442794, -127.67735848759632, 240.67852820881458, 10, 14.860338717717214, 26.08701475910456, 19.68846364337037, 6.389250473981631, 0.08355894069461653, -0.018393649030301842, 0.9963330653478, -0.1258572439245015, 0.9916284279935434, 0.02886199831581478, 0.9885230688161617, 0.12780741164112364, -0.08054444703314002
79, 320.1422399371931, 309.71659341379956, 348.495229749196, 22, 18.52938341878167, 26.427772742329893, 17.320188111978812, 13.898557752143063, -0.9606774226728468, 0.03599663053227909, 0.27532368615318786, 0.0976704562938848, -0.8843848118727338, 0.4564252255256863, 0.25992185659155503, 0.4653683993559845, 0.8460927143917788
80, -134.4533281703341, -19.13570427036201, 209.97321742750356, 22, 13.763155729908945, 18.769109816444757, 14.33321828433346, 9.690957335124438, 0.6485682427385402, -0.43450254607033345, -0.6249534158394846, -0.681354770844471, -0.6974027930546749, -0.22222740714641073, 0.33928588352379174, -0.5699446303790716, 0.7483636866815115
81, -13.909001832995965, -17.549050669517815, 318.51714650989805, 7, 9.192131803787632, 10.837964957988376, 9.689446407348, 7.39608717611376, -0.4556299560147361, -0.2232757648244906, -0.8617129893555328, -0.30960566366807013, 0.9473435046306126, -0.08175950867539779, -0.834593120152966, -0.22953914061925862, 0.5007655206951742
82, -339.23324997270896, 132.74063147133836, 157.62181126761294, 63, 22.775761004737106, 28.46539064784347, 26.92597677830723, 15.414522486262772, -0.4570614680244606, -0.0975434465760698, 0.8840701841355054, -0.5557349454346181, 0.8073803492404655, -0.1982312843199231, -0.6944447313286409, -0.5819125773605558, -0.4232307496384055
83, -130.19537618345342, -313.3712586538647, 85.7216420549901, 166, 40.05472674358227, 60.53214688320726, 36.171334642430715, 29.350175946991396, 0.40960675040386946, 0.09955548311311535, 0.906813661016251, 0.6631125599845178, 0.6501619208376508, -0.37090593077419987, 0.6265014308158953, -0.7532451011953599, -0.2002942203630154
84, -4.618234151584864, -67.06708169593082, -231.829106313316, 283, 48.401649446121596, 76.8047283178193, 44.05618000685567, 33.51086903813316, 0.8068205456649846, -0.5231159119096781, -0.27457303181441944, -0.2578640130966713, -0.7299549018353781, 0.6329865654468374, -0.5315512748950343, -0.4399040622606357, -0.7238353805694044
85, -339.5337344721554, 351.6918744999367, 83.73010566121462, 9, 11.119821331936093, 15.13536918372455, 13.448258770841441, 6.755139963103072, 0.01882754960681261, 0.1620846672601418, 0.986597224816172, 0.9966974457061625, -0.08100351220630415, -0.005712506722492251, 0.07899193059176651, 0.9834464864187641, -0.16307447149070686
86, 162.06930861731811, 286.6622209665269, 229.41751239836285, 83, 28.83343233476326, 39.29557553240684, 31.649014781140654, 19.274591506485415, 0.9546096450826739, 0.21790570687016683, 0.20307025490835554, 0.2554942400273429, -0.949488109341139, -0.18219501511468275, 0.15311145883957183, 0.22580839916443005, -0.9620641600427778
88, -196.48001460444735, 105.88111806931708, -56.111585089210095, 129, 33.00930397608988, 41.92798625893123, 32.8811774582789, 26.089018198442705, -0.044349429087190896, -0.2869000904827196, 0.9569333656115495, -0.5296659880153491, -0.8054114081651192, -0.26601955705775465, 0.8470460845074276, -0.5186528720430338, -0.1162416837547892
89, -308.78180138505525, 275.9639456790706, 166.19726050092706, 348, 50.32252982835608, 56.25893981597968, 50.138975328715254, 45.1773133127186, 0.05924474636788464, 0.7954811881463713, 0.6030752352178314, 0.3337437103395816, -0.5851559222984039, 0.7390586461221287, 0.9408002954062967, 0.15748722457501677, -0.30015425743954255
90, -174.6221560735747, 235.49787997334155, -298.4676256403084, 7, 10.843096993700676, 15.99187846783976, 10.449755235895973, 7.628768377513826, -0.7477222784847866, 0.08959867608582957, -0.6579388052860128, -0.027898551344836514, 0.9857403596683245, 0.16594461170469402, 0.6634252520746997, 0.1424360227071405, -0.7345603544604025
91, 178.83353262298982, -280.7187190694585, 27.142143591014154, 8, 11.878723551317345, 15.964375391640946, 15.36716216588521, 6.832249541951268, -0.5177499349705366, 0.820717819038241, -0.24157248674283696, -0.32771250454384276, 0.07057415303958861, 0.9421378897424446, -0.7902781277522525, -0.5669581558068091, -0.23241972885393483
92, -83.42672061688218, -357.38791977185554, -129.08792712525843, 9, 10.641197611715944, 19.6682646791634, 13.403672329211819, 4.570689069333193, -0.10093452178338069, -0.03767003022490157, 0.9941796573734625, -0.9939091091425876, -0.04061416623144859, -0.10244594801509908, -0.044236919826637904, 0.9984645503592902, 0.03334121473600425
93, -299.68609230811313, 189.99459595447362, -195.79334877065563, 364, 56.96133891286354, 77.9188972502718, 51.939689126478754, 45.666573234203796, 0.8003781170003916, 0.5199048947001659, 0.2984857957989237, 0.49831595950707275, -0.30017097779542473, -0.813374814332165, 0.33328077401412237, -0.7997476380434941, 0.4993271884410058
94, -292.62692941153335, 200.91160759544294, -338.2873670884151, 85, 31.759220404403532, 47.254702670676565, 27.80178229253154, 24.383263201110356, -0.4340985371485893, -0.8221833793999465, 0.3682023230289815, -0.8490192599785173, 0.23672689053278703, -0.47236286420950646, -0.30120550498121057, 0.5176628921771015, 0.8008123212287961
95, 283.58154429609186, 176.48593326842646, 197.90067509845318, 7, 7.335105034238727, 10.684948623437473, 7.003928242919913, 5.273572062060152, -0.9949006426534589, 0.02549019935320444, -0.09758565972861277, -0.026913316414135444, 0.8653614362499332, 0.5004250773602831, 0.09720280164340592, 0.5004995848034101, -0.8602626232519268
96, 257.4725012363178, -168.61644238273354, 347.71635866074547, 27, 17.81743865834377, 24.638305792884424, 17.831564932904623, 12.874652517647615, -0.988677234605235, -0.015300147279117954, -0.1492756887995581, 0.13260245357411182, -0.5547400755860502, -0.8213890904102079, 0.07024183283108965, 0.8318830170354606, -0.5504877209243715
97, -25.129519560064654, 177.63686308264266, -269.39636917805154, 72, 26.464308814371083, 35.93883176259852, 25.045682545679313, 20.591350915747476, -0.7095313463368147, -0.6808666659273435, 0.1816200754169264, -0.0839592676689645, 0.33758234860577496, 0.9375441319118264, -0.6996542788677549, 0.6499682616395912, -0.29669032495726927
98, 327.7923541341705, -319.38763710786395, 143.48490738175423, 112, 32.76369926418719, 43.96687941347391, 34.35663282846597, 23.283194004344264, -0.3989441000147372, 0.5833864708069114, 0.7074629536186952, 0.19825999234699634, -0.6983923631169119, 0.6877071197643255, 0.8952857535435269, 0.4146182977383314, 0.16295731552332254
99, 196.07183692382395, 307.9526476102304, -59.777988553480405, 17, 14.118214127731429, 26.78736241320516, 10.430597801400152, 10.071638757501043, -0.14731608539564037, 0.42882901280547175, 0.8912932450994951, 0.8908455118582034, -0.3340117017435698, 0.3079455424266767, -0.42975835650489314, -0.8393699189717598, 0.33281510503514494
100, 358.13262534379294, 191.10378702129606, 322.4249179452112, 7, 6.583164939186491, 19.97265517291076, 7.947442707178716, 1.7973845293097122, -0.1376156413732908, 0.9857215357593181, 0.09703086720064448, 0.09784558968720465, -0.08395471774461111, 0.9916540959161041, 0.9856409974367853, 0.14596115684905345, -0.08489502260500921
101, 351.8117399995776, 251.39884524703382, -221.66413337219583, 41, 21.752363233554068, 42.14517576474202, 19.610828553743673, 12.453044153187218, -0.0031863716981633634, -0.9639359024409393, -0.2661154317599288, -0.045618236693520706, 0.26597985396089135, -0.9628985895554717, 0.9989538645585065, 0.00907156393986191, -0.044820566833875856
102, -174.60421990770277, -156.99598694200282, 189.55823789479865, 43, 21.616236001333373, 28.467008605938425, 20.776093227719144, 17.07790139341397, -0.21620249470999522, -0.9436483659941176, 0.2505678403901953, 0.16863005807778345, 0.21669013513884647, 0.9615660605731631, -0.9616758210508665, 0.2501462506018033, 0.11227853096652911
103, 205.26773054712203, -196.5579486401848, -106.37463733215414, 111, 33.48690567192157, 49.61509115465409, 31.078997701968213, 24.352539611503428, 0.8367982227447169, 0.5462200175961703, 0.037582266942303696, 0.44984103678725673, -0.7250297925015229, 0.5215120723505493, -0.3121085965388475, 0.4194943293567121, 0.8524158208316605
104, 21.346703734783546, 338.9592256593636, 245.98252871496385, 7, 5.868976172951031, 9.054261600193279, 5.794361922280637, 3.8532606075642626, -0.10109436122894526, 0.9877463093701707, 0.11889978323495141, 0.03253588650974265, -0.11616569879497439, 0.9926968049271139, 0.9943446817963761, 0.10422455924148684, -0.020393504705693243
105, -174.76292514138382, 159.1298311330023, 148.03605318984953, 27, 17.839132156380494, 27.064431020973867, 16.440843531056355, 12.758457496432955, -0.044055171820534915, -0.9199536048284983, -0.3895439728694494, -0.4151301884380607, 0.3715223106943821, -0.8304445191002751, 0.9086947058738943, 0.12512608688582114, -0.3982679925595307
106, 317.93644549707676, -294.4443709840779, -210.37143093875656, 12, 13.063454854652903, 16.35708307994178, 13.847468640845356, 9.842329414625699, 0.7484454416502245, 0.6026028083576812, -0.2769463417928388, -0.5406685152203587, 0.7962531518667666, 0.27140094839858736, -0.38406637124644605, 0.053392635275626, -0.9217604075766712
107, -10.762744435394564, 188.0297010492758, -171.2170408973831, 12, 11.524714317529996, 14.385237254997346, 10.694315142181512, 9.949940848507577, -0.013995841035438633, -0.32021895067798356, 0.947240170210492, -0.5745169226248414, -0.7727723532497888, -0.269728003126234, 0.8183730335558422, -0.5479805778305249, -0.1731556070970054
108, 347.71685334084475, -194.33363329591157, 191.26640049633113, 8, 12.470441017506868, 14.975926957106015, 14.007893733461923, 9.244403346801127, -0.8425707182079302, 0.5279150878317058, -0.10667823047939588, 0.5385286784709252, 0.828672769275717, -0.15260505864902713, -0.00783883173253044, 0.18602984034975986, 0.9825128249628662
109, 235.25604207403663, -89.06912625190196, -169.0868033318366, 14, 13.987753800822079, 17.365936969550386, 14.106002392018734, 11.17227881603858, -0.8885569487712718, 0.21480670572020846, 0.4053697422945122, 0.08361290122661573, -0.7929819519124487, 0.6034803283368821, 0.45108251078794415, 0.5701207794132358, 0.6866490117538137
110, -139.25987169970966, -345.38133591571545, -112.90819119007422, 61, 28.692268946583027, 34.324309126739976, 30.487607514250328, 22.571973391986457, -0.3711248675265023, -0.01500053062682679, 0.9284618014675401, 0.9267031157927562, -0.06957329193402445, 0.3692978367516664, -0.0590564804524774, -0.9974640550568109, -0.03972141722282336
111, -71.07852085912536, -252.52642618053264, 304.00178760935614, 93, 31.495542232044734, 35.2796643942259, 32.06387755584905, 27.61892574017575, -0.6261102002256189, -0.7793407911964982, -0.024777981165771495, -0.7705238643279866, 0.613531809858601, 0.17283429287238058, 0.11949473492377033, -0.12730533951427558, 0.9846392023765116
112, 268.5291294645432, -303.9906034879561, 191.93175248861706, 5, 7.811260285157314, 11.519745449904722, 8.958799235552615, 4.6181777188503395, 0.4138708240628683, -0.5569098313821328, -0.7201127555455791, -0.519119562862425, -0.7941992762132307, 0.3158518467824833, -0.7478140279795819, 0.24310275476083185, -0.617798697137383
113, 343.7415749863702, 345.6202423980334, -108.63269936081456, 19, 19.366217424395256, 24.24051864856727, 19.25733841011961, 15.559521606165177, 0.6533399279923717, 0.4158454510554322, -0.6326290376890921, 0.5687283105377543, 0.28196021191952764, 0.7726878720978909, -0.49969495423087285, 0.8646218825190576, 0.05228721627134818
114, 6.2095774508823345, -266.4177206564746, 264.8267598522075, 7, 6.02187777949947, 10.574309236942243, 6.292590869742818, 3.281816602357572, 0.37380272919072616, 0.5508476617624369, 0.7462160365339388, 0.7225952395043205, 0.3314382074244965, -0.606634020233724, 0.581487437091515, -0.7659736080245143, 0.2741473915882644
115, -274.69092092342777, 65.85325469173542, -132.13833333447494, 15, 12.439034674103649, 17.852600301901763, 12.313420651334111, 8.755477522283398, 0.38355301074860704, 0.8661106902743757, -0.32052981162151434, 0.8606937749667318, -0.20941512294849896, 0.46405983667408873, -0.33480339556103, 0.45386956107774973, 0.825777880454481
116, 330.66828397106656, 255.33918213188858, -72.69219233334815, 72, 27.535281022049592, 48.12813403007732, 24.133403648595507, 17.97425665631376, 0.4150161588434968, 0.7868996101119917, 0.45667339697467024, 0.8310127040809623, -0.5321947710810999, 0.16182277741400516, -0.3703774744160831, -0.3123423270060127, 0.8747930024900934
117, -73.0534230320421, -261.32820770687556, -331.6682454099757, 37, 21.478311994393874, 25.085706660613234, 21.989471117850528, 17.962191260487774, -0.14772082528667616, 0.9582558711408851, 0.24479428751636884, 0.9837250244352183, 0.11675790616759964, 0.13657476943889424, -0.1022919062123326, -0.26098520412349263, 0.9599078545110808
118, 226.3171880358772, -104.44507658045731, 55.0381034973623, 11, 8.452339030414171, 12.48658762639305, 8.869878426353857, 5.452168752579148, -0.28827125573746365, 0.21775439524912538, -0.9324605656354767, 0.9554227268928754, 0.0005535730790810839, -0.2952407602168578, 0.0637737881274732, 0.9760034410321173, 0.20820707730847815
119, 97.66486804971832, 353.0139737942167, -50.99238329302396, 5, 7.934489910282068, 13.36873244168911, 9.17486608616039, 4.072556057956977, -0.36438474859167086, 0.177083683548053, -0.914256596374802, 0.9288209159813952, 0.13995132658881312, -0.34308210711360837, -0.06719718021812125, 0.9741945366337692, 0.21547515811259818
120, -1.4793783052825324, 227.62520041704133, -297.6463205833159, 45, 22.8753660089754, 30.744314593611772, 25.702185661964798, 15.148487846881602, 0.1253387649542387, -0.9755781360442325, 0.18038152475297212, 0.06000509466660752, 0.18893686341208812, 0.9801541971843274, 0.9902977242293337, 0.11202750607088784, -0.0822207715224055
