# Void_ID, X_c, Y_c, Z_c, N_particles, R=(abc)^(-1/3), a, b, c, vector_a, vector_b, vector_c 

0, 51.83536395439232, -277.2490404537397, 272.7375892515688, 10, 9.886092934567014, 13.293863063148335, 9.869093448201609, 7.364539639696457, 0.8569462180493688, -0.21551116034161072, -0.4681859877645809, 0.25652518930262597, -0.6095352308515137, 0.7501077453299918, -0.447032444710824, -0.7629034946302214, -0.467054869642593
1, -228.6586328388853, -294.88314568023884, -8.646205949687161, 8, 11.233433371166539, 15.047856600485906, 12.997553495000913, 7.24771794237391, -0.5506276608374726, -0.8133760122025451, -0.18769294577617585, -0.8341342226825958, 0.5447733921647665, 0.08626731558936443, -0.032082357618389186, -0.20406227961771697, 0.97843206630142
2, -169.53978066062015, 202.9988132351223, 241.24457037639678, 61, 25.535006461618742, 29.74197789771312, 26.516440122766898, 21.11168274154584, 0.1362182580179955, 0.9896481115756304, -0.0451796573396872, -0.8819053663147443, 0.14191162385580722, 0.44955980233987175, 0.4513175279642916, -0.02139407089351989, 0.8921069345559443
4, 332.56473846639784, -312.1489756197291, 145.97521725283835, 171, 46.59207056478628, 76.23060524024423, 39.62411945736766, 33.484748470062975, -0.10747136426012782, 0.18709835033787717, 0.9764446288269047, 0.9524263144637237, -0.26235249601129335, 0.15509765747325957, -0.28519120144407634, -0.9466601159537085, 0.15000201159116305
5, 288.36890404375663, -145.21991043360828, 257.81101738669435, 10, 12.334554933119303, 15.640221181785822, 13.331725993378434, 8.999972469163934, 0.4066765499815045, 0.6894407744890052, 0.599404372829513, 0.7203560374608741, 0.16153115537312246, -0.674533071937538, -0.5618730844139173, 0.7061013413921724, -0.43095189139318796
6, 229.64215403221627, 80.78848775687905, -212.8724500053405, 37, 18.02927219727104, 21.203776360297553, 17.21867478577938, 16.05172268756162, -0.5580304019851161, -0.809150219639032, 0.18405975257626517, -0.8074656721310265, 0.5806090958550908, 0.1043660200463901, 0.19131455457000668, 0.09038251970618953, 0.9773585531120297
7, -158.21376172053826, 173.77814728630202, -300.4880547139196, 6, 9.122318237743652, 15.248484231369607, 7.962953043408404, 6.251940363331275, 0.8355791967629248, 0.5493066421832559, 0.008343787532161471, -0.2593738491747406, 0.3810675856762756, 0.88741912392687, 0.48428567220319885, -0.7436731190517855, 0.4608879253120922
8, 205.6898759099594, 14.916328064961725, 353.27500630912135, 12, 11.716321775163646, 20.379373296895732, 10.27244021228084, 7.682621280741988, -0.9292100596148811, -0.36589762455632563, 0.05184200473117441, -0.3693696341645799, 0.9151611833915907, -0.16138798521088102, -0.011607690021418737, 0.16911220168084062, 0.9855284495005842
9, 146.34213044177676, -103.76131043368154, -63.33187366889508, 11, 15.970418777056082, 18.555708108113617, 17.544090570327732, 12.512397137627268, -0.6505883051639706, 0.31069072596523617, -0.6929690685615534, -0.37951809592212976, 0.657359976596332, 0.651032930071061, -0.6578000243626567, -0.6865487120142785, 0.3097579603174444
11, -67.37085347310257, 83.57632771836619, -136.60086512241824, 6, 7.190961453166011, 11.488350758362207, 6.164563664315677, 5.250502302868748, -0.012269710893396832, 0.618748022064522, 0.7854936914997055, -0.8975817137274184, -0.35301673288678753, 0.26405729204869405, -0.4406773438432514, 0.7018048671056507, -0.5597083232631767
12, -112.50105259067767, 343.32102743238266, -94.54584328291763, 19, 19.97167342770863, 22.875024393618226, 20.892269053115918, 16.668487431278532, -0.3435821700520925, 0.20465918786867457, 0.9165510947258911, 0.9373766800880757, 0.015252190549362537, 0.34798323280081067, -0.05723855387194356, -0.9787144565726923, 0.19708313080085868
13, 156.55990758353605, -159.6464335349559, 54.4726931888811, 7, 8.79565147619447, 11.096329469121306, 9.823784275045707, 6.242317822916493, 0.5128965187165828, 0.7734772116758846, 0.3723844305371924, 0.590225244570177, -0.002744908180830007, -0.8072339352078514, -0.6233548923049252, 0.6338181667459347, -0.4579336302810019
14, 60.25307015750407, -57.09720050371917, 108.8240164586488, 40, 22.423710949674362, 39.25191972756209, 17.52539366126825, 16.390559385842675, 0.7877858434446675, -0.47432127591887724, 0.39295393124240696, -0.41902065167177693, 0.05490289284398814, 0.9063152684523863, -0.4514589220967197, -0.8786381505307235, -0.15549868839066666
15, 119.90420477825637, 144.47798759839876, 352.76844827985934, 11, 19.82149636756113, 33.500076707319984, 19.594091280402985, 11.864197926349028, -0.8856616129373552, 0.4562484719681341, 0.08626029907173349, 0.4269151263463252, 0.8731803335158318, -0.23515862743663465, 0.1826115611507199, 0.1714451427947835, 0.9681216766224033
16, 261.4822429810877, 346.80504422939003, -24.940505474788775, 113, 35.789607309018606, 60.30652081204243, 41.225793594648216, 18.439005811884712, -0.9757759645616944, -0.07446893512452936, -0.20570766802701743, -0.1989202759141473, -0.089368192413153, 0.9759324003305992, 0.09106036906324508, -0.9932108053611903, -0.07238995303107547
17, -20.53701101653761, 348.1847794924499, -60.56982009285124, 24, 19.504081084771574, 26.742554333754576, 21.43006811495019, 12.946430464103855, -0.4892489166501965, -0.3882874925039983, 0.780940664021004, -0.8720538314179272, 0.20490651230103663, -0.44444958805913887, -0.012554388313318463, 0.8984687776331365, 0.43885788468762393
18, 213.60802375690756, -248.99634570124977, -237.6246304248463, 19, 14.166984401298487, 20.157212799153772, 15.15860410425461, 9.305560902437342, 0.4941182109015937, -0.11521393782584133, -0.8617267212904978, 0.47057546985074916, 0.8688770027331943, 0.1536602788495689, 0.7310307249563148, -0.4814337988260108, 0.4835448030098151
19, 137.7966671653922, -106.42750492420348, 159.19869802498292, 14, 17.047547966636014, 22.708496229241593, 16.299690636121696, 13.384989217421689, -0.3474008432300698, -0.09583020806183032, 0.9328071747933026, -0.015248535968936997, 0.9952101479203918, 0.09656212314917324, -0.9375927347595229, 0.019321819249190582, -0.34719811495320757
20, -355.327840568985, 195.39931327468017, -168.74520420291208, 9, 8.596904201527057, 13.449286207318982, 9.225775386252407, 5.120638877357062, 0.14592005883470635, 0.85499587663865, 0.4976840236139614, -0.9219069497664766, -0.06497428031852504, 0.38192397001152084, 0.35888008080965855, -0.51454872833192, 0.7787455898880307
21, 349.1894375782354, 26.100890370534454, 103.82555521730843, 31, 20.23935595270692, 29.044333995594588, 18.899449118362927, 15.10356599615829, -0.02863745775976865, 0.38822000698360903, -0.92112166524879, -0.06512088917517414, -0.9202665912924379, -0.3858350304780938, -0.9974663732708449, 0.04893492749196297, 0.05163532768622794
22, 291.28140607954197, 123.32842062549553, -326.11712770021563, 78, 32.667337217673236, 52.16575384704039, 36.15865106335767, 18.48176734895481, 0.14669538499876517, 0.8816362224545273, 0.4485510397671319, -0.8754670787489055, -0.0953733608709967, 0.4737734860278994, 0.46047568670552164, -0.46219205238978484, 0.7578526562998882
23, -114.67919372208303, -117.59040353222584, 327.391060378016, 10, 11.512706423170998, 15.348618053633018, 12.294650903880534, 8.086243402548792, 0.5867712711229345, -0.2888509786245192, 0.7564817165883345, -0.44217319166557106, -0.8969295524850216, 0.0004964386174920862, 0.6783674107421868, -0.3347872309791342, -0.6540146527534877
24, 349.0112935938604, -219.40605174482414, -217.50642078736934, 16, 12.385584135248804, 18.753941602932954, 11.221507329119163, 9.028294655812786, -0.553764022748314, 0.5409538435894446, 0.6330200203906757, -0.1049152536474539, -0.7994959773834819, 0.5914380539834426, 0.8260376484529597, 0.26110365997710183, 0.4994864183187231
25, 321.5582009991857, -355.01810259775505, -170.33922876877173, 5, 6.41483172310069, 12.585600410318316, 9.43055515941265, 2.224050305300742, -0.12464908592396376, 0.5583312486512262, 0.8202004768091047, 0.9594571298362465, -0.14278610388745142, 0.24301058524894273, 0.2527936339877092, 0.8172382426907129, -0.5178967399965786
26, 297.74806503579356, -42.051398613405055, -128.4109891454934, 95, 32.26790048972836, 40.61484905617797, 33.22230081692404, 24.899898515626738, 0.49858872488753164, -0.005012576910383551, -0.8668241791088565, 0.3571972539111652, 0.9123255076703194, 0.20018064305126199, 0.7898223883971309, -0.4094350279675782, 0.4566656902591218
27, -95.56173872933162, 144.8112889640785, 316.818372109379, 69, 28.29138377122681, 37.78336551456557, 26.715744539501234, 22.43337665204721, -0.8705885000836083, -0.280335895451735, -0.40433581246712114, 0.10794076479676222, -0.9106045936632572, 0.3989336602675492, -0.4800254730920675, 0.30366274009277006, 0.8230215583215833
28, -263.3135607671916, -97.49461031279502, -11.48282453447214, 9, 12.440313375780068, 21.550062162375195, 12.592341859065751, 7.094779930562362, -0.5706502198499337, 0.738952975160807, -0.3581994236263008, 0.8211248658810054, 0.5078299730234724, -0.2605046508814768, 0.010596283174926686, 0.4427834899812444, 0.8965659483735181
29, 350.24768752890935, -73.16061386165957, 248.21138812164287, 42, 24.652208059486206, 48.636614722523404, 25.15989943704982, 12.243208159682547, -0.018129351360550418, 0.38608764203727314, 0.9222839363695674, 0.13825984704595004, -0.9126054602471008, 0.38475380260889963, 0.9902300446432013, 0.13449017285019757, -0.03683547329202833
30, 4.992014855722537, -128.72931767171295, 200.41076262339269, 31, 19.951949635309784, 29.817367531903212, 16.47157459358636, 16.171548353976238, -0.6040058264241965, -0.2502058491494125, 0.7566861930133552, -0.7596530476361535, 0.46790263126998066, -0.45165736445643445, 0.24104814635819566, 0.8476226523058832, 0.47268555132901796
31, 37.82564710725359, -327.7744438447063, -150.28929398331323, 5, 6.937431331675583, 14.432441892583292, 6.155382984303584, 3.7583843837307076, 0.2347171430796045, -0.9694036675642993, 0.0718637047293989, 0.6755293639181156, 0.21582850293340708, 0.7050376839615812, -0.6989763524103901, -0.11693838819827342, 0.7055192925332773
32, 125.95260803131218, 64.50784464778813, 118.45016836023242, 5, 4.082827986239678, 6.833902193193703, 4.509310931824775, 2.2085351101713955, -0.06292013735584968, 0.9970187238529684, 0.04466229507895059, 0.6122816608375298, 0.0032229636318706427, 0.7906331515358206, 0.7881321108273389, 0.07709265070047765, -0.6106590694412203
33, 167.1891145489557, 121.19169961742949, -291.65101803712946, 30, 21.30893645285983, 31.90797722985656, 17.78348845584709, 17.051755309422067, -0.04331302360546298, -0.9094429676054266, 0.4135667668698584, -0.9757603242365097, -0.05037399051103762, -0.2129653744763577, -0.2145128705509623, 0.4127662168262189, 0.8852165151051786
34, 298.3387137411836, 188.58046200999792, -39.64176605186954, 5, 3.9443082544768937, 10.521478924440505, 4.522913179085564, 1.2894885927737347, 0.016066690209825162, -0.1494003743370575, 0.9886462408837898, -0.7455943537683538, -0.6606026476224419, -0.0877108977434994, 0.6662063652461244, -0.735719831255191, -0.12200577364772852
35, 93.84012981735411, 79.89512667166768, 234.27846623250227, 116, 35.56146303395008, 49.60330042159607, 34.29371816835332, 26.437093784542522, -0.04775781457870551, 0.10002996698301157, 0.9938376109063509, 0.26469417007246704, -0.9581346213904117, 0.10915605169984936, 0.9631490992968398, 0.26827607608288506, 0.019281066496856916
36, -11.535602387670863, 174.1491495934708, 289.67655581980654, 36, 24.910732644684604, 34.77281337332807, 22.41489193782597, 19.832753900425846, 0.27201750603819813, 0.9420357751573522, 0.1964053836646172, 0.8679767614347219, -0.3283147175323659, 0.37259332771929055, -0.4154790223561836, -0.06912340106888394, 0.9069725119355161
37, -236.0476891340334, 145.91647745382085, -188.86680886004297, 9, 10.09606353434083, 12.938543175895044, 10.618568744681415, 7.490397446538848, 0.7437075274667918, 0.6638890856679251, 0.0784244574111775, 0.3883306167224085, -0.5245226412600211, 0.7576775903519948, -0.5441492862305574, 0.5330359094250754, 0.647899894704543
38, 98.84704590215242, -324.98091163689986, 266.57476879807336, 31, 19.81000084256733, 28.095857222937653, 18.865365496460214, 14.667158026598036, -0.9674309285277505, -0.22323553731103415, -0.11934526974031442, -0.2143440158502982, 0.47160843808217096, 0.8553608150943451, 0.13466269489766508, -0.8530834519618515, 0.504097790703103
39, 44.472862428130966, 176.5865317560564, 302.6728219995631, 8, 14.13850253763106, 22.889413635050097, 16.19547894364793, 7.623980541921611, 0.38347778227362744, 0.746133086708435, 0.5442703440583947, -0.3192157190853566, -0.44591961271939695, 0.8362158953769067, 0.8666291682094015, -0.49440986631652684, 0.06717714564906067
40, -304.1403026493977, 220.8144833551539, -206.54462893636781, 358, 60.67668749989008, 73.94274314705454, 59.00417798962484, 51.2020403980356, -0.1179646438167751, -0.9582451021128042, -0.2604816060415836, -0.992901274242691, 0.11783883842973988, 0.016157591552274735, -0.015211916921346831, -0.26053854308787194, 0.9653435995277678
41, 107.62354298391305, 82.04638656863247, 93.93945181493547, 6, 8.760044178112377, 12.342733490738334, 9.008654210976148, 6.045714303228, -0.29391117953340634, -0.9518559241318398, 0.087100621354862, -0.9551277428736049, 0.28897320743546534, -0.06500369356915164, -0.036704404891711354, 0.10229753212849538, 0.9940764566078227
42, -253.52742661857073, -224.02721687109394, 27.835873847997185, 25, 15.972556220075662, 22.31771435560104, 14.360399587419575, 12.714726916546281, 0.39654472090445975, -0.6789462896278947, 0.6178868991355286, -0.67836962751981, 0.2367672964418105, 0.6955256255482397, 0.6185199534222313, 0.6949627206808654, 0.36668772011400974
43, 241.38995916182623, 31.53165442660139, -215.93910753063275, 22, 17.919187363193945, 24.99089044215413, 16.413060754847745, 14.027608086243296, 0.1034277331237334, 0.8702683202802535, -0.4815970875508612, 0.6831113424312507, 0.2897853954537183, 0.6703605883578677, 0.722953385677569, -0.39831830901719617, -0.5645183139978913
44, 38.00620636675006, 237.24675815049176, -174.92583187624675, 13, 14.798409229237455, 18.98952963031662, 15.255361149516096, 11.18686502225542, -0.6734976669014354, 0.24274638324286515, -0.6981941607467304, 0.09179486386672427, 0.964694979349615, 0.2468548151957651, 0.7334675150584464, 0.1021655041594461, -0.6720026890674128
45, -171.67592283937825, -175.25188777144913, 291.1423663831295, 48, 27.516237476502454, 38.4348344442711, 26.24750450851546, 20.65161942387771, 0.8938993658436827, 0.43544381944273275, 0.10645470329387352, 0.2727711043811317, -0.3399241628300552, -0.9000263819127658, 0.35572439944282663, -0.8335707790184413, 0.4226344851140633
46, -341.7483172177889, 337.84094279689486, 318.93405653577736, 80, 34.42075305228508, 42.33870473769954, 34.96547932130574, 27.547617801153542, 0.5259339121426075, 0.8503236192489859, -0.018527347507870374, 0.41962638749696923, -0.24047248226327547, 0.8752637774924665, 0.7398021458299612, -0.4681054665579584, -0.48329086190816894
47, 122.09821571169591, 151.3719393837516, -217.6848164896644, 6, 10.311489018644107, 16.121317996519913, 10.679471200699872, 6.368158398239147, -0.5926783018711044, 0.7645225008560202, -0.25345172356099815, -0.17268049551164297, 0.18674714543374496, 0.9671126874062822, 0.7867107962657162, 0.6169528745027488, 0.021337143242669936
48, 72.7976965383164, 123.37300511593752, 56.72392805849743, 19, 18.916650475965895, 27.677069544738, 16.3696104811812, 14.940814299462879, -0.3181528352804395, -0.6044782655905089, 0.7303319791928241, -0.9226294974419312, 0.3745808046305503, -0.0918914101120387, 0.2180219802062793, 0.703061339593509, 0.6768834234311795
49, 333.7129730576061, -156.95315063518805, 76.83117452397822, 10, 11.594248370873075, 15.6558324139491, 12.366617297208792, 8.050089590216478, 0.4434858601603722, 0.6763731536078553, -0.5880813284881433, 0.4665836881897862, 0.38599380278529777, 0.7958067894448758, 0.7652580961695415, -0.627318213739972, -0.1444018869580991
50, 331.393653131917, -15.781143969145282, -346.803829928866, 34, 20.998624977122002, 25.972123302848587, 23.5750582086905, 15.12210824360852, 0.8483159164190672, -0.34600329909336525, -0.4008014757540016, 0.16032555197001944, -0.553571690117048, 0.8172234096539719, 0.5046343461711525, 0.7575223435103828, 0.41413050569470344
51, -93.91754801474485, -147.6945380397295, 119.72554173339677, 75, 28.81998268074276, 33.949120523559024, 31.29890087004153, 22.528046392518235, 0.7943602272275502, -0.49475545169920415, -0.35243279134171296, -0.08000773194786186, -0.6603488096632404, 0.7466848146339261, 0.6021549569899385, 0.5649393707206619, 0.5641390920528269
52, -174.6035074310157, -18.023225442537857, 210.1943675387302, 29, 21.41607123655288, 27.52418709502803, 23.56294267529557, 15.14521281869571, -0.9320571701345055, 0.09878500780895352, -0.34858421340193024, 0.361955467478835, 0.29650427344865593, -0.8837836021271624, -0.016052138892853705, 0.9499088051275605, 0.3121147077247321
53, 214.81489000019138, -43.57002633282301, -37.764446992446835, 14, 16.322706968991326, 20.772963874564088, 17.62203466006141, 11.88015304156992, -0.48561779981894176, 0.8630359977793008, -0.13908349663456346, -0.5893694903850005, -0.44073980406172375, -0.6770465485614398, -0.6456151766356913, -0.24681428575493772, 0.7226781801361829
54, 77.15980433963811, -83.93112200571863, 208.55951887584916, 5, 6.652496822192589, 11.713130490428833, 6.578567528797537, 3.8207595618315304, 0.36998172445930577, -0.8103985290925041, 0.4542771704706546, 0.6569397032752923, 0.5739635252008932, 0.4888722716615605, -0.6569198960502635, 0.11755890346404926, 0.7447389840673317
55, -102.99189399357343, -113.89769758424745, 236.72059195377992, 10, 12.5015889928968, 17.345961836127007, 12.449978882158762, 9.047501191776513, -0.7676935569004123, -0.1470334665779628, -0.6237209010444179, -0.6406343023952429, 0.152845726130516, 0.752479816738094, 0.015306641962037824, -0.9772509113373606, 0.2115333614400909
56, 291.85091819419017, 165.66310286119094, 289.4752481618397, 30, 18.571959783048626, 30.103579436419146, 15.75638419527124, 13.505121749825435, -0.8766944255158488, 0.18949932786819473, 0.4421503013760571, 0.4596093934241715, 0.0586313291688481, 0.8861837127346447, -0.14200735806887302, -0.9801287527551659, 0.13849743057870004
57, -256.3441177819773, -168.0947374501705, -129.5566931634199, 34, 21.266980519725394, 26.764851412964898, 20.664437293611755, 17.39118117485133, 0.29642895443201894, -0.2297482693463887, -0.9270089577273132, 0.7441295735702769, 0.6639920998533998, 0.07338711787766725, -0.5986660610995578, 0.7115688470307077, -0.36778896560790125
58, 324.37488929981987, 297.67508445484447, -65.3292110138613, 6, 10.380886462743646, 12.329907384300535, 11.93838977176415, 7.599722859394722, -0.3814685690709675, 0.9137546998625486, 0.13976437060299754, 0.24464054620064846, -0.0460103026157003, 0.9685215822106702, -0.8914217486496486, -0.4036525740439611, 0.2059899645664502
59, 199.7728489391653, 129.12517050962603, -45.11399789027024, 5, 10.230588084705518, 15.498883579988728, 12.353246461434763, 5.592683913926359, -0.8947394040623856, -0.11121361991778185, 0.432519282301807, 0.2679188444045231, -0.9085252368597247, 0.3206265534885187, -0.3572966437444262, -0.40275727769186775, -0.8426895535339239
60, 267.0162192839923, -332.7871592023191, -16.508348557564478, 135, 40.16985907238265, 52.54450172651241, 39.84859990291262, 30.95712204935594, 0.8478777411137071, 0.5290869300685045, -0.03421047434051347, 0.4327714831802383, -0.6533664355162236, 0.6211450267745858, -0.30628773966630424, 0.5414603599262933, 0.7829485929220356
61, -55.5235053852606, -138.46055894236534, 127.66693439430232, 7, 11.935380010656742, 16.2175535633281, 13.143590433350466, 7.976445360907805, -0.4510109194810958, -0.14825187522716451, -0.88011961232576, -0.8905616062413285, 0.009487712156110573, 0.454763684573546, 0.059069247478548616, -0.9889041231634502, 0.13630648991389183
62, 318.85625711899917, 274.42444493529035, -61.12327756859999, 122, 37.12349458253999, 45.57598610864314, 39.6837040854274, 28.28774168029603, -0.10119942161118205, -0.13732941982220093, 0.9853422286276275, 0.924298624981984, -0.3793455347425843, 0.04205968529692243, 0.3680091424434665, 0.9150068828823968, 0.165322942617968
63, -280.8889365283513, -47.90835678824488, -258.0189442355681, 5, 5.159981144810226, 9.315350227129143, 6.79087423919401, 2.1717981986893653, 0.6571384956092183, -0.5330968722339905, 0.532894663515023, 0.3165356273049434, 0.8367831920354247, 0.44676513536048396, -0.6840863938386135, -0.12490642233825283, 0.7186266008321285
64, 86.42838568430678, 153.88124413629473, 283.9968978157481, 38, 21.773914239349875, 29.69817005108392, 22.98182104912914, 15.125000434277036, 0.8483976758724892, 0.14282831056841472, 0.5097268457461617, -0.26528204917690407, -0.7185581871817437, 0.6428837888907984, 0.4580904036963244, -0.6806424945110744, -0.5717333090760768
66, -69.22167386339281, -145.56415106247076, -93.57171111187203, 78, 28.602848729139914, 42.30673608432607, 25.302611207630417, 21.86014328245444, -0.9776629228663597, 0.131236769725905, -0.16417100695407888, -0.02108126540481462, 0.7159321221115275, 0.697851543508945, 0.2091190797161706, 0.6857245123231325, -0.6971736539040069
67, -136.5377992885675, -225.4019891828944, -128.32713861772717, 87, 30.296034739427714, 51.98213651919894, 25.29311960092983, 21.14953616454884, -0.5724817213352112, -0.6407204836284882, 0.5116072131977321, -0.2154184396885309, 0.7195896424160753, 0.6601406231778677, -0.7911128709477759, 0.2677088126797122, -0.5499749240050734
68, -169.3655195622803, 98.09355202553932, -277.5479985299685, 7, 7.7474237687941, 9.07645200920275, 8.304646222008381, 6.169282861052884, -0.40667458220718267, -0.009963078520871117, 0.913518758019232, -0.9135719416104796, 0.0028520373600846582, -0.406667153068643, -0.0014462671508730326, 0.9999463000327986, 0.01026184009058149
69, 101.64165232144887, 54.18231915505661, 288.06864973406147, 21, 18.997664307948106, 26.140143149493454, 17.35562364916205, 15.113061250201245, 0.08775632628852963, 0.8834083762446182, -0.46031344535782165, -0.6772065461559758, 0.3917953348199224, 0.6228063177720978, 0.7305409783440198, 0.25707208404296145, 0.6326324545626562
70, -171.9666503487526, -264.0426698092119, -179.53457786663034, 7, 10.375050424903574, 14.953292624196596, 11.819852944982985, 6.318612799421257, 0.7014491015084213, 0.43114792446625894, -0.5675214755597057, 0.4546176995161251, 0.3425869968637863, 0.822165978903602, -0.5489006333387615, 0.8347128948376739, -0.044299863566568745
71, -29.687558692359268, 240.3368275966878, 84.88795995575269, 10, 12.245112812736114, 18.078204451266732, 10.896360130028944, 9.320766528142043, -0.8055872779593308, 0.34016014781306037, -0.48509814618267993, 0.08435722210605513, 0.8762740389984456, 0.47437081239880297, 0.5864409575299339, 0.34122555944294003, -0.7346101829638811
72, 309.01101691212295, -283.55442543595666, -62.52643749665507, 6, 6.057772341140003, 9.36848147111857, 7.118477182205763, 3.333362492937574, -0.8039311817595708, -0.5360042414365904, -0.25767054188759175, -0.5732841172261791, 0.8137188537678864, 0.09595284236997721, -0.1582402475063172, -0.22485791110090475, 0.9614566781111238
73, -96.60368349525702, -25.51730893923254, -7.141045487430914, 12, 11.64616450965005, 15.481172910791352, 11.763167568294762, 8.67402394125222, -0.28469543404188163, -0.39104292895466997, 0.8752336474052271, -0.9487940658965504, -0.015432341181239864, -0.3155180872234717, -0.1368880212260999, 0.9202430497212238, 0.36662569343212154
74, -189.68818646465942, -246.9114051627203, -330.01919921433296, 10, 12.965066199405806, 16.20223480182364, 12.434096481339246, 10.817703188033912, 0.24639859057144917, 0.21958161768380852, 0.9439659145010296, -0.2698727281311073, -0.9199273732340967, 0.2844333640515616, 0.9308364223511438, -0.32483463662296874, -0.16740971798120557
75, 62.873627384815585, -42.57101451722251, -336.4260633393494, 10, 11.53472818273129, 14.875828881337778, 11.567403392365486, 8.918771538700874, 0.44208392399005747, -0.16491088289784625, -0.881683732894855, 0.3863042185874484, 0.9221272835618057, 0.021220829683734947, 0.8095250798159958, -0.349979533134122, 0.47136341768971385
76, 189.524645800069, -279.6560363792238, -304.46685140271296, 228, 44.48274874864707, 71.56083306714267, 45.75622729977016, 26.88123710710754, -0.619581881717969, 0.6250589065372054, -0.4747837983812566, -0.02886488252703285, 0.5863196947504484, 0.8095653365259914, 0.7844011157587177, 0.5152965931444278, -0.34523080785211596
77, 67.96152157795123, -115.14096624623402, -112.54018136679612, 8, 9.909222899367814, 16.67595672368914, 13.055435954377478, 4.469270643145387, 0.9546989553364876, -0.29589125827413065, -0.03159537871858376, 0.1185167027650484, 0.28069327484986956, 0.952452138755411, 0.2729536514595841, 0.9130496419861339, -0.3030456325767994
78, 5.726776998999324, 12.410905720776555, 15.892918330092531, 7, 8.819919962316948, 15.940148393914052, 8.100073626468212, 5.313890557807057, 0.38080108849643884, 0.3357434119087342, 0.8615491235906455, 0.8093261893815811, -0.571646492094273, -0.13494964711847682, -0.4471930793080504, -0.7486632416755844, 0.4894095425947364
79, -155.06700624873048, -210.84424939568382, -257.83191844908777, 46, 24.187863761389384, 31.470661355847124, 22.42156211386997, 20.05491404391649, -0.9906754704770437, -0.13621612084547277, 0.0026982618293113834, -0.08605344486014026, 0.6409600837986328, 0.7627351936318085, -0.1056263074370715, 0.7553908520750431, -0.6467052990184553
80, 329.0762633978833, 3.173295447946656, -145.05379664603484, 57, 25.378119339966613, 35.092646495796494, 24.64354635111491, 18.89987704533016, 0.21757506738038795, 0.10302195638684852, -0.9705913488985187, 0.9200652278767701, 0.310276741198526, 0.23918260873920133, -0.32579298105773613, 0.9450475228121861, 0.02727843690653966
81, 20.473580752780332, -23.817645941430897, 144.36429124986012, 5, 4.783862059018816, 9.7337585968077, 5.628044289784095, 1.9984710783354007, -0.021234907466370734, -0.8130302519669288, 0.5818340726457043, -0.37360783621271193, -0.5333504392802297, -0.7589166579012752, 0.927343659829165, -0.23349329392121215, -0.29242882598757636
82, 311.1862132784278, 307.0993737147014, 26.0077165379678, 12, 12.304842305325916, 18.3605908407909, 10.703210097002483, 9.480417294548296, -0.41488164421303914, 0.44365506827614054, -0.7943824026802069, 0.24301538813942447, 0.895381540389186, 0.37314262455223873, 0.8768219559423275, -0.03823712231825998, -0.4792923742918194
83, 17.54181260608571, -154.5429629119293, -43.460162438640296, 64, 25.953399870291108, 36.818773532669184, 22.885223126098385, 20.74714324584737, -0.8749770862859843, 0.3258857790925289, -0.3580692076397312, 0.46236685574418923, 0.7818309094866676, -0.41827899741737257, -0.1436383973167378, 0.5315438720900735, 0.834762914161722
84, 293.29535634221224, -83.21823012729917, 297.9975475164248, 29, 17.910182273307658, 25.245536264644212, 18.140966507936024, 12.544547353728218, 0.8511851578788001, -0.14599389979905592, -0.5041523660842083, 0.19690672108193855, -0.801557561557401, 0.5645646275696992, -0.48653013287935426, -0.5798200209820427, -0.6535267194757851
85, -0.8968563833702816, 164.8193084947087, -158.80223019645894, 11, 14.969437837626593, 19.744288696066118, 14.296714382033866, 11.883345932575564, -0.006787184631712274, 0.47960408050725434, 0.8774587512160138, -0.5823723845221545, -0.7152094467858681, 0.3864166830951175, 0.8128938060231203, -0.5083850638925618, 0.28416243055724577
86, 246.4035493655781, -102.53828041180013, 162.30821826215146, 19, 18.478414749135123, 23.450475796813226, 19.389162848320534, 13.876611030993116, -0.23936163726040613, -0.5249531269243333, 0.8167803995814191, -0.4041795171344789, 0.8187542684837961, 0.40777489595180255, -0.8828051452823308, -0.23252024077900937, -0.40815366357673943
87, -95.5754395092751, -248.60613814409126, -204.35432515240726, 21, 15.15179970798551, 19.4344862478893, 14.071535808181075, 12.719735999768686, -0.9844618181428652, 0.02753587863733947, -0.17342636479645696, 0.10204832730380305, 0.8934463597170599, -0.4374239833420544, 0.14290230058798878, -0.4483250803780722, -0.8823738180559616
88, 86.3113184798138, -220.29393990361027, -116.38249251674124, 7, 11.262614904045806, 14.32396497766605, 10.291808556755502, 9.690869712815593, -0.8292677673644595, 0.37779517003852525, -0.41180794007149296, 0.5328421235429215, 0.312325171052132, -0.7864682186239483, 0.16850590906147106, 0.8716213610409128, 0.46030637795771867
89, 104.82863669358774, 12.451067248451468, -16.850615763278025, 5, 8.175369888482145, 16.77598155840873, 6.990023674775594, 4.659675211788971, -0.3704514224015971, 0.5378272048439888, -0.7573028729447256, 0.9284878669412756, 0.23723831398665324, -0.28570660356318356, -0.026000472754798654, 0.808986946808459, 0.5872513050730962
90, 59.2387076903445, 196.16081071429426, 0.37030809625520744, 43, 23.023712200293538, 33.432938228475415, 21.375023426743674, 17.078310231620904, -0.40290523195250605, 0.8943938226626152, -0.1942345593560824, 0.9042712860165721, 0.3562482620982075, -0.23533086715928675, 0.14128274965908766, 0.2704567723961838, 0.9523089408977563
91, -265.01149125701863, -138.44071454491944, -345.5347478936501, 16, 17.383671846385685, 28.057018815670666, 14.76059182002612, 12.684672282083021, 0.048072780015912545, -0.4476171553271701, 0.8929321867187642, -0.5256992958280297, 0.748795529789688, 0.4036650900596858, -0.8493110491377437, -0.4888191248547804, -0.19931534057556113
92, 292.3390399531665, -351.77672490111945, -331.2643329631379, 36, 21.359276850570577, 31.84692589525127, 26.797418514863303, 11.418239770479921, -0.9445796515667103, -0.18592882341272554, 0.2705545314173684, -0.31388696434503943, 0.2701442044013764, -0.9102181510179873, -0.09614705123074876, 0.9446970844946581, 0.3135333524314834
93, -210.9122009129078, 188.51067938663684, 250.7881815235072, 6, 8.431614174687203, 10.455073017473154, 9.650815858653802, 5.940747260504898, -0.8142001078692194, 0.5502884248886027, -0.18509682271549713, 0.5319988042478051, 0.8348034873725181, 0.14170536245882762, -0.23249829381020712, -0.016905233044912073, 0.9724498735004494
94, -281.41830960428786, 261.49980764781685, 42.368166318609596, 8, 12.19854264583348, 15.743169046380833, 13.942561718035291, 8.26968775767941, -0.048675316479262036, -0.2961334658781848, 0.9539054900526664, -0.6571110772777815, -0.7097570682742772, -0.25386991974934053, 0.7522205432481073, -0.6391790628780616, -0.16004493085957336
95, 125.19848234569659, -113.855245861123, 290.58611690590243, 37, 21.66462874919554, 30.250342921229183, 26.72466930207767, 12.577986135522927, 0.2917205538046374, -0.9558961870926069, -0.03408222395518481, -0.8209486854221164, -0.2685048478670506, 0.503932934601015, -0.49085881309355656, -0.11902783780993333, -0.8630701011126948
96, -239.03274800055385, 35.371828507854126, 212.49420438253784, 45, 21.593860148764918, 29.30343871724158, 21.02486040643523, 16.343277125585757, 0.5274545382727045, -0.2648591635531435, -0.8072430448987823, -0.7926566757973498, -0.4953713861102146, -0.35539074852497166, 0.30575660969049, -0.8273190516996297, 0.4712282698707735
97, -345.1876752552639, -169.96827956756138, -178.27446811538525, 6, 8.886497891888036, 13.993337224442044, 8.328194578496275, 6.021708980088677, 0.29857705281213576, -0.8982299103399723, 0.32254421666596983, 0.40264849780106743, 0.4249657175710246, 0.8107270355106507, -0.8652895069007613, -0.11219254458291525, 0.48855593557692867
98, -233.39852818751498, 236.624695154551, 177.44320260704788, 52, 25.968390500897772, 32.82428365214712, 26.643810964857156, 20.023661692972578, 0.8166541972503247, -0.25378572712045944, -0.5183326410938899, -0.3749516423288443, -0.9160692947605079, -0.1422262743373667, -0.438733618529888, 0.31049935894768854, -0.8432692097217501
99, -336.1907380847171, -282.4910311612715, 347.94365370113945, 22, 18.043140405704236, 29.74770415104671, 15.866389746932839, 12.445284072025723, 0.036223916572662856, -0.9902037778664858, -0.1348491978733124, 0.8522094924759476, 0.1010844865955518, -0.5133428751853886, 0.5219452162842622, -0.09632447699651756, 0.8475227349925913
100, 175.64933370499193, 158.40735010346827, -78.21419786995575, 129, 35.483927630424, 68.02248988917518, 27.75216003230888, 23.667137751000137, -0.8925100594752206, -0.26812934571964137, -0.3626740240208765, 0.01816963510286405, -0.8248280910810069, 0.5650915718039785, -0.45066135633729104, 0.49776025768196797, 0.741039180999638
101, 41.903687337776226, -96.9069313370138, 147.6491554988507, 19, 15.566546718252841, 20.63349135691238, 16.203027472028477, 11.282567733561654, -0.6327378543384647, -0.3645648457067715, 0.683180269739952, -0.7499079154343021, 0.5084602434125569, -0.4232095216767019, 0.19308269227492922, 0.7801029766278558, 0.5951121069178682
102, 83.48192038411804, -95.64007082479458, 64.05057685308819, 124, 34.492008832254456, 45.93089089047724, 35.44666853947851, 25.204330887776425, -0.05617248658141638, 0.9497330097210596, 0.30798029482003986, 0.922385391641919, -0.06870777362261013, 0.3801110773568798, 0.38216467790318337, 0.3054283092478536, -0.872160367634963
103, -167.5165881166891, -14.334828688381105, -53.86024387375474, 177, 41.7316864727614, 79.9539820888657, 33.442816940163596, 27.180338278922775, 0.22850562637483363, 0.6984485370723483, 0.6781996901920121, 0.5843424651938455, -0.6555867268872004, 0.4782780853232843, 0.7786713440767071, 0.2870116453923488, -0.5579383956342768
104, 71.96601796252237, -58.6021522486586, -45.87740959599901, 9, 9.120465771310101, 10.610625104299869, 9.67528721932842, 7.390030262060531, 0.12482870351711403, -0.699916033110288, 0.7032320679358947, -0.9473188638091374, -0.2947896943453152, -0.1252437877867018, 0.2949657014800203, -0.6505509839381959, -0.6998418766031685
105, 214.06163554322166, 240.64767494697185, 167.12210408518936, 28, 19.792444779583132, 27.31038902339948, 20.09947080372958, 14.12491412862961, -0.9564276381930517, 0.13060305740241798, -0.26113026308262655, 0.07639904342217627, 0.9751619302366528, 0.20789996628499552, 0.281796662621539, 0.17889117142627992, -0.9426497704455754
106, 323.0085998716299, -263.38265692999084, -68.11271520640958, 73, 29.7514225729595, 40.96845333034235, 27.41825600985515, 23.444113418404502, 0.4011535998915362, 0.4100938135073604, 0.8190841552716372, -0.5736025553795697, -0.5847045551894213, 0.5736729831557076, 0.714181978039274, -0.6999597468881554, 0.0006745221859586958
107, -131.82610742216897, -229.38638292828475, 178.21303340297337, 171, 42.41145130792248, 73.38414800234068, 36.42441627366174, 28.540037894739864, 0.24988278640986825, -0.1762689099832341, 0.9520965625551658, -0.6571910492955086, 0.6912482270705554, 0.3004593371783981, -0.7110967007249501, -0.700788955353276, 0.05688868317121454
108, -28.378243758701014, -292.51710916680764, -60.32022017240294, 6, 6.020589215541137, 9.77006377964831, 5.253074671186192, 4.252124930464477, -0.6183686664822207, -0.757721469968614, 0.20851466677814967, -0.7837052178549613, 0.5747879850638227, -0.23542494288664165, -0.05853480861767539, 0.3089934403427894, 0.949261149529053
109, -263.05979554113446, -66.62652876618243, 324.3726481098852, 91, 29.856350600881008, 45.533292324496344, 27.604947716045864, 21.173574607792094, -0.9004414743257442, 0.051725774458075316, 0.43189072179290017, 0.41475383239999214, 0.40133077001544254, 0.8166473360933293, 0.13108932002111764, -0.914471463357674, 0.38282833343533423
110, 98.63094717905666, -178.60925927988586, 100.76802521860327, 93, 31.557482505337866, 46.4256984884484, 26.42161933610949, 25.62059271075061, -0.7609476918318872, -0.4621487716154889, -0.4553867841626697, -0.6464275849751774, 0.6001629144242536, 0.47110068301048524, -0.05558765761284128, -0.652857556473143, 0.7554382987888782
111, -239.73740027057573, 123.19367162964245, -311.9877328598688, 7, 9.395044001431529, 19.575852961763367, 9.488903513283432, 4.4643653680604425, -0.4067989523020295, 0.6971717308855537, -0.5903102489877778, 0.9087724422759045, 0.3746239139597855, -0.1838193984576688, -0.09299064773330272, 0.611235225378489, 0.7859670722687105
112, 280.90744978391064, 336.20003703926164, -309.8567049119953, 63, 28.851258561750065, 41.08005847011632, 26.518264601365047, 22.045407747326983, 0.3320538737485786, -0.23868559457122995, 0.9125620043990115, -0.8618482096449066, 0.3164118885103229, 0.3963599126314363, 0.3833508686052922, 0.9181027740691722, 0.1006449590692879
113, 129.36046351941303, 127.88681286668238, 336.19291570819263, 17, 14.498452118571294, 21.966258185998704, 13.821897338299493, 10.037860806065886, -0.07983739718421314, -0.4452185567656203, 0.8918556086735051, -0.6605274145745231, -0.646452384755272, -0.3818413922556299, 0.7465450586577792, -0.6195803022657831, -0.24246798641860717
114, 55.214493110050114, -265.412237926148, -161.79854895650868, 5, 5.087595474555025, 6.7895576502614094, 5.062619209152533, 3.8310778225651845, -0.08127010293405391, 0.7789261312209799, -0.6218273494067345, 0.1932125430225297, 0.6243684982074932, 0.7568572465563678, 0.977785295240144, -0.058634977165813396, -0.20124079075800988
115, -276.94051903690405, 173.24256809851826, -95.7794791819359, 43, 23.080158968186176, 31.409820671360922, 20.62562133065973, 18.977713686138202, 0.2637630455187922, 0.0532834727263673, 0.9631147010366263, -0.7511068319359719, 0.6378064606032964, 0.1704155093640344, 0.605200448477819, 0.7683513456400795, -0.20825135489433436
116, -106.71254109358509, 85.52258761200882, 83.89413319027776, 33, 19.73678065312417, 24.875250658216174, 18.333930275944265, 16.857994299477173, -0.08046604558036262, 0.0077828540971423684, 0.9967269649662145, 0.08559597488533793, -0.9962216417870371, 0.014689095226354323, 0.9930752965370186, 0.08649778966680462, 0.0794958350523445
117, 272.94088659362353, -296.14241654877026, 66.20380133735377, 43, 22.92017838213037, 38.91421639200526, 21.835530559661457, 14.170394514639478, 0.4706476589349835, 0.6759859450359681, -0.5670394900294411, 0.37958188259533754, 0.42502897951620394, 0.8217468959337745, 0.7964975678207679, -0.6019911699395959, -0.05655312343591474
118, 80.86036503017442, 237.10445546929913, 169.95304828503146, 5, 2.4797967054593926, 6.692532431056963, 4.518507152585731, 0.5042695885704565, 0.6632794507134452, -0.6543415340964773, 0.3631769913107645, -0.6894055412395739, -0.7230582750743884, -0.043666125940141784, -0.2911706887195901, 0.2214133862319963, 0.9306963749944663
119, 82.69169322036014, -112.15190312781684, -248.36509795574594, 10, 15.25711152267346, 18.69602789883147, 15.060441366493501, 12.613334556842284, 0.649939949988426, -0.5761147155824915, 0.49565098194026325, 0.40146253733446474, 0.8140281810174632, 0.41974510315949326, -0.6452951979722276, -0.07382381051331023, 0.7603579107731295
120, -66.18143916031184, -45.615050644784205, 179.99604431801927, 7, 11.437692052881586, 14.139245196429329, 13.526304469729672, 7.823657206815889, -0.6798945681203724, 0.1364267022611754, -0.7205075510711549, -0.6431819093806131, 0.36098974999956523, 0.675280261699363, -0.35222209993968256, -0.9225368043093954, 0.15768778332099226
121, -143.55638745082416, -193.36576194932258, -186.72588110190318, 10, 18.682594442245858, 24.771225898345662, 21.482072940596765, 12.254282057866474, 0.24038305695292078, 0.8260829543460876, -0.5097086800014384, 0.40112066895169796, -0.5627115514957243, -0.7228125059467476, -0.883922052485235, -0.030702806909383554, -0.4666252701881611
122, -112.59128523161573, 6.392547899966586, 126.4713472891652, 7, 9.730425921953577, 17.007202351701295, 9.403001230471355, 5.760977514983471, 0.8902034367466566, -0.3604484668728062, -0.2785942281051148, 0.2345810498213839, -0.16154807596291446, 0.9585791309106295, -0.3905247396377581, -0.9186833632333417, -0.059256272656465284
