# Void_ID, X_c, Y_c, Z_c, N_particles, R=(abc)^(-1/3), a, b, c, vector_a, vector_b, vector_c 

0, -349.53872516590354, 148.78361801994703, 236.066818227941, 23, 16.760154617986665, 24.43954431480777, 17.02799625767894, 11.312990237750405, -0.2165105547993782, 0.9416054858270624, 0.2578803767657541, -0.15798638015689642, -0.2944566403376258, 0.9425155652009143, 0.9634124160220202, 0.1633229806899814, 0.21251381280555373
1, -76.49271687620872, 169.4146939304002, 244.9340270349674, 6, 8.111906511242497, 11.46210866409576, 7.809561960184537, 5.963175817260163, -0.9757936579682704, -0.0985184621177217, 0.19524561375575422, -0.18131038622432152, 0.8636460961081968, -0.47036365136377073, 0.12228360853397116, 0.49437792557822535, 0.8606028037282247
2, 168.1806798291814, 91.30212253556816, -171.90053311139852, 7, 10.91475943446817, 16.89662437781217, 13.337812604736488, 5.769762590423521, 0.761014231267888, -0.6250013535556607, 0.17386962892160643, -0.13022277307882635, 0.1153858968494844, 0.9847477464710952, 0.6355307775233277, 0.7720488345058442, -0.006420900152028041
3, -84.84075970115146, 221.8458854514459, -24.514466336598215, 11, 14.396246133334182, 18.68614569492941, 14.112477557988553, 11.314224570578773, -0.1259451858323044, 0.9912541817745579, 0.03940757896798882, 0.9729436414909515, 0.11566749111457013, 0.20000425490870927, -0.1936968782608361, -0.06353092643518682, 0.9790022169220526
4, -290.0618519214942, 50.03779351114509, 32.161174721024516, 12, 16.57672966606707, 21.074736876177624, 15.448912006680487, 13.990605299651225, 0.33006571461679957, -0.6781390115009158, -0.6566461034035473, -0.6636872327209928, -0.6613797051475762, 0.3494225847624276, -0.6712494924822309, 0.3204752201020637, -0.6683709689557747
5, -10.276020866590082, 283.8005361810912, 343.0814122000962, 76, 34.72181259695197, 65.46321267605109, 31.346706635369916, 20.399425267706977, -0.8996033944245575, -0.4286629871787501, -0.08343725884042838, -0.4179989452911584, 0.9005251881907854, -0.1197132706487867, -0.12645400142064733, 0.07281777844003023, 0.9892961925873189
6, 179.97938483362512, -33.75687123862098, -83.69253262901036, 6, 9.39626783337955, 14.510349854029572, 10.914689902138278, 5.238137295134033, 0.16096728996116325, 0.7265509516118012, 0.6679919507558044, 0.9102710119280616, -0.370864957678639, 0.1840268132894878, 0.3814396628642868, 0.5784314115588887, -0.7210553971200624
7, 250.9214744918149, 342.58571583279286, -19.77231935038056, 132, 39.31475769384384, 65.20124068730185, 39.42389925302504, 23.64021238287977, -0.9439592773007838, -0.1853820095510241, -0.2730831253164608, -0.29639942723866547, 0.11209074437818303, 0.9484635177787998, 0.1452179821178245, -0.9762526187209787, 0.1607562195066135
8, 345.8344336022128, 267.9209550771043, 166.98886425274694, 12, 14.040992734466462, 18.901773091887804, 14.966263745326904, 9.785375689314431, -0.17412076024316583, -0.3821653989664728, 0.9075414969493893, 0.9477033199240773, -0.31536461739176186, 0.04902627359110395, 0.26747033154580707, 0.8686165816573758, 0.41709094429468446
9, 12.977183290917445, 40.53276358839221, 30.66889888213343, 8, 9.041687998929335, 11.816505916608785, 11.090289838690406, 5.640486670312851, 0.38066185330914326, 0.740861676773469, -0.5533719628998673, -0.13097760283756701, 0.6355889847170549, 0.7608360599112453, -0.9153914031659751, 0.21714193145209723, -0.33898076732328025
10, 354.97744480367976, 207.7846260809426, -352.12924524590017, 7, 7.639272285032842, 11.786477350028386, 7.442473738378084, 5.082233709972422, 0.04438017277507657, 0.8951484314573124, 0.4435534758334868, -0.6495513959070728, -0.3114754067699495, 0.6935892552892293, 0.7590213332572592, -0.3188923903717478, 0.5676215808294865
11, -104.71174927153307, -51.670006942115954, 304.5702450072446, 126, 37.152913709978186, 57.743839637820344, 37.09807800802755, 23.939857884638162, -0.04950760254980093, 0.6430163214144078, 0.7642506183736156, 0.9985581725991138, 0.01596903937214915, 0.051250031385834977, -0.020750258439095007, -0.7656859670754154, 0.6428797917173139
12, -54.365726854348274, -126.18928386373642, -232.41354261481433, 45, 24.606158698992182, 33.213279840362134, 27.105094083104174, 16.548886535922033, -0.03516612525436522, 0.2967907215238321, 0.9542948240727062, -0.714798964159173, -0.6748175584385216, 0.18353120622947386, 0.6984452623302472, -0.6756748703632802, 0.23587641910118254
13, -144.92329918150517, -112.35454559612998, -312.57240288352597, 51, 26.018744769602172, 42.27709464380857, 24.63342583052182, 16.913328114919324, -0.9868194651408193, 0.1607209534155598, -0.018871098335302885, 0.08605444046515813, 0.6199441050187886, 0.7799127771287516, 0.1370473512893109, 0.7680091677744783, -0.6256036618490476
14, -247.90662495559542, 115.15561417601728, 342.4479336522501, 5, 4.608060206598642, 8.375090967969623, 4.499143710194584, 2.5967792714007674, -0.7051623073117719, -0.3544146283050514, 0.6141143147575462, -0.681382262804706, 0.09915311514788536, -0.7251805786778963, -0.19612325788104873, 0.9298166114884496, 0.31141088086041785
15, 320.79280126542454, 335.5749580294225, 128.49697901942574, 37, 20.67753019970001, 26.216135771678726, 22.61936256742143, 14.908946346180645, -0.020756781782364172, 0.9980685908206345, 0.058551208590020595, 0.27762849044735083, -0.050506559235240445, 0.9593599474473292, 0.9604642509234607, 0.03616870873461974, -0.27604392260382354
16, 37.980407448898305, 1.934379699143174, -71.19478362891371, 84, 31.258240322486504, 47.33440485592217, 30.56431774250977, 21.110666773744875, 0.6247972641844657, 0.042972988710450355, -0.7796035536789828, 0.7014685110930575, 0.40759349299028724, 0.584644740348244, -0.3428852674182675, 0.912151778331472, -0.22451910091178473
17, 209.37753782896556, -294.952646978605, -15.741944100855985, 10, 11.072122270586306, 14.542203709932561, 13.388216880222403, 6.971715500301579, 0.6815240450865498, -0.1141753353821797, 0.7228339842309804, -0.6413174527653398, -0.5689410208547696, 0.51479902832786, -0.3524725531831402, 0.8144139657318631, 0.46096962120454105
18, -209.3867832118252, 74.17253781492009, -113.7370612320987, 6, 3.9922467525872922, 6.040643563192599, 4.306819736709656, 2.445750910968836, 0.05028118412446166, 0.0028161749715538867, -0.9987311308262957, 0.09769462553290384, -0.9952141974569007, 0.0021121842256306006, 0.9939454525601633, 0.0976768669580821, 0.05031567346488991
19, -346.101017910146, 120.15709962435932, 77.59117080764658, 61, 29.3536675567986, 39.259300668197795, 32.187602536804135, 20.01501523360785, -0.020538486910928182, -0.9124035359470973, 0.4087761712069864, 0.1250695375320135, -0.4079953743310131, -0.9043767938785385, 0.9919353715524706, 0.032550915743343414, 0.1224934959388941
20, 42.362480024990276, 320.86244861474484, -52.83072283113137, 12, 15.3397178599585, 24.739132683625026, 13.575113009560614, 10.747914226143774, 0.577141949880947, 0.4610157647943064, 0.6740709415920103, 0.7120867260170476, 0.11999756400098839, -0.6917608540992695, 0.3997995301622307, -0.8792411780876451, 0.2590275785261287
21, 258.3098133546468, -147.70657249692724, -10.8903936661569, 19, 19.650923165386686, 25.685281161057528, 17.9106853407292, 16.49500093548443, -0.5198693636771435, -0.3061782843947042, 0.7974902525266611, 0.21675186798200627, 0.8557300690525665, 0.46983473333247777, -0.8262895814641698, 0.41711018578357123, -0.3785031313996777
22, 152.39833665476164, -131.3347329851509, 36.78533559766681, 96, 31.535345019857726, 46.5695324538797, 28.46885681017497, 23.654885747907812, 0.06528687551368842, 0.8785614375740085, 0.4731463032652288, 0.42261026480281644, -0.4538788007935148, 0.7844709033951065, 0.9039569613476937, 0.14874083029932358, -0.4009214105444012
23, -67.99995500070014, -188.15184759332152, 120.83135722410869, 8, 11.07750817244779, 14.25904641506706, 10.135645106752948, 9.405553520102767, 0.02584458954374852, 0.015092439932226738, 0.9995520373888531, -0.8665066755315485, 0.49894392259671577, 0.014870889787309417, 0.4984959763634805, 0.8665028449813041, -0.025972700836193578
24, 319.2742591510464, 125.86152277989655, 63.81254931753421, 39, 24.545103369897227, 38.55130456692068, 21.91901695095013, 17.49985477891628, 0.4647443750097769, 0.8070093397237493, 0.36434680113239615, 0.7388641794138331, -0.12669603128048024, -0.6618367170510402, 0.4879471183190805, -0.576787691665151, 0.6551515614479538
25, -190.4927888489957, 267.3431904024614, -12.464596172747672, 11, 12.881599840911026, 17.23888201477636, 14.814472020483201, 8.369781806306213, -0.0010327897959001133, 0.24626801780176408, 0.9692012158232302, -0.9998710933558008, -0.015783641266895472, 0.0029450534517073018, 0.01602279678186463, -0.9690732377257912, 0.24625257340165826
26, -299.29410354495155, 146.6669979452503, -166.16191185728755, 10, 14.002402073597946, 16.3394262346906, 14.878325460570952, 11.293193659993117, -0.892457060281782, -0.12370303501669158, 0.43384093246356875, 0.37210254288693884, -0.7455728224882613, 0.5528660452080247, -0.25506880077789396, -0.6548425196141029, -0.7114219432764078
27, 312.5452602879696, 275.7699772127572, -75.42234102902984, 141, 39.34633756806379, 65.11287026887936, 33.23978032303644, 28.144138273940065, -0.948953334803603, 0.24226530988648667, -0.20197793936646977, -0.06472463860106029, 0.47715855805059654, 0.87643050587998, 0.30870421040711904, 0.844764600409297, -0.43712067026421636
28, -66.77853570965127, -69.36948732009667, -29.667352366774484, 57, 27.691739102617706, 41.56312165077338, 27.65070764825308, 18.47720533091792, -0.33227369758179115, 0.01200302096130263, 0.9431066309718783, 0.15361396822759218, 0.9872567248065958, 0.041556083664437894, -0.9305895650933856, 0.15868234562154698, -0.32988327409456136
29, -330.7801865468556, 27.860826139158224, 47.18929669756158, 17, 17.452873248375994, 23.660539887931282, 18.727740342745005, 11.997500436862225, 0.24333415821109622, 0.1161410745526121, 0.9629640378796405, -0.712036924367513, 0.6955429456188833, 0.09603868562751008, -0.6586288072844594, -0.7090354445312108, 0.25194609068901735
30, 213.3164508636091, 93.02848268308036, 342.77528220797933, 75, 31.254279054278143, 43.57075225647824, 34.42041385781359, 20.357165638068132, 0.7025296060360281, 0.646674467609301, -0.29709305879655, -0.5765992710378266, 0.7619195393219405, 0.29497778939792885, -0.41711561140948733, 0.03592698904261591, -0.9081430604132926
31, -277.4232884633483, -216.26659179530606, -236.22141589999052, 7, 9.908850408433347, 15.41556919368933, 11.1824550047449, 5.643819188191733, 0.1097718537381175, 0.15481827044938284, 0.9818255666165752, 0.7033538767043451, -0.7100581809008232, 0.033327224018552835, 0.7023129389751175, 0.6869124273667457, -0.18683643348463413
32, -219.80126936197078, -216.68691734424965, 337.9346339981732, 6, 10.750769051327351, 15.434214610617046, 11.589058971148063, 6.946817500753635, -0.703751826708845, -0.262516741283736, -0.6601653784846125, -0.7028801882252775, 0.1220241665113011, 0.700763543420761, 0.1034060317600593, -0.9571807892623995, 0.27039254661075135
33, -268.9610679997526, -347.35910538975565, -279.50069836174725, 33, 21.75155997865213, 31.632762168559527, 22.205618956233632, 14.6511335862725, 0.2592653095569815, 0.1873236688910116, 0.9474657473141355, 0.9070991547284375, 0.2895817534826823, -0.30547263632091337, 0.3315910474534506, -0.9386438361397286, 0.09484263875292484
34, 195.79928136673155, 185.35667316617878, -231.88078987000188, 32, 24.601327725873332, 41.82577766102366, 20.845048492215078, 17.07767345785224, 0.10193876978517222, -0.7104179484663019, -0.6963582595989054, -0.7530432201207701, 0.4022970314616659, -0.5206563234104361, -0.6500264578037029, -0.5774629312553847, 0.4939657550692252
35, -188.63941326021083, -166.45833044405933, 282.97700558945945, 43, 23.57239660714124, 30.117306213506463, 24.649261926758875, 17.643761324130622, 0.7839339881973546, 0.568025595821485, 0.25058815742296514, 0.27236683814166873, -0.6773663482489974, 0.6833674968423126, -0.55791021466693, 0.4674631030909978, 0.6857218383709499
36, 175.26155806963246, -179.91288441761174, 69.76765083045949, 25, 18.50909667623056, 26.101968161444105, 16.73334947973755, 14.517757385922192, -0.4750141745716434, 0.8731289184591648, 0.10957839981652213, 0.8307338480695949, 0.40386950051790194, 0.38310664340742423, -0.29024611561139496, -0.2730115717359782, 0.917181483715599
37, 309.4638843650332, -189.2056178354433, 130.98693610925028, 67, 30.156539273339998, 39.41987827081752, 29.085997346355505, 23.91912364976894, 0.5485429449451855, 0.6719833632875389, -0.49753291048495535, 0.5530643154574938, 0.15466076640281654, 0.8186573827329886, 0.6270729626753146, -0.7242364301804082, -0.2868119465453663
38, -19.798839411223103, -45.542060459716495, -347.962358438931, 5, 5.147556084018626, 7.820921620271372, 5.617353602755066, 3.1046565584407313, -0.937931294596541, 0.33185444648566914, 0.10078448771585188, 0.10846882555858275, 0.0046633822913694535, 0.9940889128984117, 0.32942282935218414, 0.9433190760359375, -0.040369794256437275
39, -346.2861720094565, 26.006939997729702, 94.68206137936961, 12, 16.725935028494604, 20.86498581546678, 17.19225971478099, 13.04428140614279, -0.12323505355120563, -0.9885935936311391, -0.08657845117407435, -0.11617088220907555, -0.07227233640062078, 0.9905963030003497, 0.9855543859691338, -0.132134083501062, 0.10593930467176861
40, 208.6922553120222, -101.78996554997545, -182.42498413707904, 8, 12.903292439957427, 20.757060048792145, 13.694786074523984, 7.557541252204629, 0.82794268176292, -0.4992247581635719, 0.2555103844303536, -0.42966643056114134, -0.8574682343499386, -0.28308123485961884, -0.3604131992090076, -0.12459080189693608, 0.9244346693620954
41, 330.0297019548187, -316.5684181644565, 261.20639505607124, 8, 11.819052825251715, 15.142819374509134, 11.392192566938341, 9.570485326251317, -0.9662470881132486, 0.0715570559873602, -0.24747960007057068, 0.09767402904470561, 0.9906830749899633, -0.09490431485767395, 0.23838277782348682, -0.11587334752587473, -0.9642339024169945
42, 79.82568629428867, -254.19095499754752, 285.79413061871315, 9, 12.745644958942066, 14.02288240267608, 13.549793878492274, 10.897213738692727, 0.1231715809506744, 0.946017885401196, 0.29979813566325064, 0.9204788603066674, -0.22180892674451885, 0.3217444136966228, 0.3708738725963996, 0.23632807814031134, -0.8981100211599115
43, -130.79186777120944, -239.21362772440645, -132.4257566317224, 96, 33.965629320534916, 59.0161749432453, 28.44376357137007, 23.34322623651539, -0.27641703154486524, -0.7283857240200182, 0.6269352930851467, 0.32371755274019975, 0.5436611616844529, 0.7743639243429455, -0.9048759974271722, 0.4169973361062942, 0.08551403955161058
44, 165.89795084449648, -61.7276850996717, -256.41780580768915, 13, 14.734510743237317, 18.74071627643344, 13.488349934815004, 12.654999984968248, 0.20660233041661016, 0.8757097717540823, 0.4364033372017668, -0.4135142294568433, -0.32608386791634736, 0.8501031073472366, 0.886747686268839, -0.3560922727877243, 0.2947487644719372
45, -343.67464889711215, -349.8143632742593, 9.843523254869103, 23, 18.328290843478467, 31.69611100785189, 17.120464334345712, 11.346041954111286, -0.5342573990747547, 0.024981299747532056, 0.8449526413928784, -0.8222113442259775, -0.2474863487796989, -0.5125612281413846, -0.196309798430922, 0.9685692757003072, -0.15276132105147944
46, -113.58505967419724, -37.156817568060234, -249.76587104305145, 15, 18.498861448867526, 19.901892288488124, 18.849485343934376, 16.874896995374463, 0.019433135515463856, 0.9368912051255138, 0.34908053942106254, 0.37860299955125026, -0.33004123195827295, 0.8647153022459252, 0.9253551328948436, 0.11535880965894238, -0.361123556500041
47, 13.705203860983504, 152.89299422424014, -337.0322542836307, 75, 31.900373560648944, 50.83753969981954, 28.46966876969539, 22.42954002645725, 0.676689194096441, 0.6667010422961267, -0.3124123153692366, 0.5397009277801, -0.7377832470386764, -0.40546120522482393, 0.5008139805820193, -0.10576199974625064, 0.8590691219356373
48, -349.78512607748024, -233.46414832518926, -175.65684716704976, 53, 28.68792600116379, 44.76654627248136, 35.88276197167113, 14.697991834135074, -0.019454746801530916, -0.8733292900911203, 0.4867416808696663, 0.0038509246800497877, 0.4867647550814659, 0.8735246096073019, 0.9998033222619322, -0.018868605656486112, 0.006106759744996875
49, -333.1778545619723, -247.36350926569207, 53.996193271243214, 75, 31.561980276655227, 48.05644827412466, 30.475002834234886, 21.468282797760157, 0.03502505470812291, -0.7253271483151833, 0.6875127442161761, -0.9417288522318752, -0.25423975523205466, -0.22024739665562468, 0.33454448794850633, -0.639736410388301, -0.6919662642114592
50, 220.12584976592566, 121.31583681133263, 50.043287646450075, 5, 3.618704469518739, 11.450485567249233, 5.978316655907284, 0.6922397470544421, 0.8547939156080434, -0.3747969615615543, -0.35896322853977114, -0.43888275821987527, -0.15292414281295774, -0.8854355600958415, -0.27696441355665796, -0.9144077012739715, 0.29521055108865546
51, -284.99764778909986, 200.19715443227457, -199.62377255721026, 222, 48.96828584777739, 76.73222525831396, 44.692052086975025, 34.2402254565174, -0.819930948189486, -0.20822993851076219, -0.533248096957593, -0.5703229192566792, 0.21667138142963863, 0.7923290227171483, 0.04944702186815712, -0.9537786982194437, 0.296413877629225
52, 228.11769904852073, -46.682557182248836, -304.2386954943139, 87, 32.20492998098173, 47.33012583795337, 32.710408871415204, 21.574634447279156, -0.8651912616039752, -0.23317926000832176, -0.44392737417971123, -0.45530120782918954, -0.0056378277333430996, 0.8903196196017081, 0.21010685613135768, -0.9724174245664362, 0.10128899943318755
53, -177.04326896029283, 204.02401435227782, -106.4361728822412, 78, 31.104767393975834, 41.16358375032456, 35.38377660574729, 20.661579161836425, -0.050341863471401474, 0.5588902423764707, 0.8277121442618784, 0.6352703074366606, -0.62157573315473, 0.4583396605602557, 0.7706473468919218, 0.5488946209697537, -0.32375509540223824
54, 50.696851116976696, 269.7099562276915, -3.8859929847827948, 114, 34.06709889964979, 50.33165244082885, 32.688664171564476, 24.03073706255183, 0.8713069501680829, -0.48765424381897243, -0.05493211332308256, -0.33839626112029414, -0.5159792615240123, -0.7869265354128938, -0.35540423330146087, -0.704243381340912, 0.6145966895362515
55, 308.3649167534514, 52.74519990821744, -19.61539182032986, 22, 19.801555103072136, 25.84550007289746, 20.520817712514148, 14.63923201400109, -0.48195498232347306, -0.536577174104553, -0.6926790968721035, -0.8709838986870353, 0.37949081954131064, 0.31204769845617597, -0.09542768592768483, -0.753705283326206, 0.6502475702720084
56, -168.9418901730542, 248.26400081786917, -335.0370385057463, 14, 12.1635397640652, 15.171214707500447, 12.033681212512096, 9.857370510522975, 0.7474387787582665, 0.34594558088690186, 0.5671480645062411, 0.54320670333203, 0.1732072674551208, -0.8215386296187649, 0.38244182494007856, -0.9221284604465664, 0.05845813006714829
57, 335.8729505629902, -63.70224704271834, 13.938653993737194, 20, 16.72814364857931, 23.943501220798726, 15.741022213040692, 12.420030403112463, -0.5466586557261987, -0.7888851540038808, -0.28075706208731166, 0.15269664311654185, -0.4235842262261382, 0.892894248202632, -0.8233152794042901, 0.44523770851611105, 0.3520160985164714
58, -340.5664649060004, 167.372875800537, -68.16513788783894, 59, 31.265989846689195, 61.695251569897934, 25.261639425280713, 19.611159695387382, -0.3041944491591807, 0.3266257160477547, -0.8948638883746702, -0.04585024085100041, 0.933272371583614, 0.3562308743674557, 0.9515059077665508, 0.14939317941254396, -0.26892040724043886
59, -31.45910411936912, -150.75625135372047, 70.16225094274071, 7, 9.077648829755475, 12.793424960826215, 11.74927648883893, 4.976479093223764, 0.1113966295894099, 0.9937707124373795, -0.0032499258180816656, -0.9784942888353496, 0.11025434969963281, 0.17433561050145338, 0.173607942308879, -0.016240365575142895, 0.9846809294859237
60, 343.20049540306576, 143.46125550695106, 269.8286311538549, 12, 14.980531322147387, 22.92303278948399, 15.27733833154774, 9.599793226448734, 0.2045667163273141, -0.6442973621057665, -0.7369079778063277, -0.9280530215241141, 0.11171065757780933, -0.3553003211699866, -0.31123953446023317, -0.756572295400171, 0.5750898312628155
61, -72.79437707527333, 278.5790163694228, -293.29684634011517, 5, 8.31236627624557, 11.198905881793733, 9.474990923274614, 5.412770553922633, -0.7280399268720033, 0.5027312148563793, 0.46606779602246406, -0.49373416637592465, -0.8561774850319948, 0.15227175403652146, -0.47558851734801044, 0.11925367807039483, -0.8715469708704193
62, 200.14995264347542, -257.0060097853763, 275.4350407492633, 5, 11.319795160794175, 23.623168894466712, 8.396009845955092, 7.313152167703987, 0.19687444129147172, -0.9428980208403726, 0.2686703866478017, -0.7865744821623908, -0.3154866557689199, -0.5308189465747337, -0.585270055937545, 0.10682458671603554, 0.8037707815638804
63, -185.36725221955112, 18.064565536008022, 324.982287839037, 92, 32.705080253512776, 49.22932060031194, 31.402103689372257, 22.62888065435573, 0.5688404059050519, -0.6858740096981478, -0.4538694034966016, -0.7621814514984315, -0.6469745148622231, 0.02243684716119823, 0.3090307874654559, -0.3331678555013612, 0.8907856939012347
64, -196.57347227332016, 107.13904192165792, -58.246881234776275, 142, 40.855607964311005, 66.98813998624685, 35.324380576204625, 28.8192422939342, 0.04396988167913576, 0.038496799938131314, 0.9982908623741109, -0.24599112194864317, -0.9680745714086874, 0.048166296456485486, 0.968274247012473, -0.2476885556225983, -0.03309625335320645
65, 312.91770767287653, 14.838291645232173, -333.45494491100817, 67, 28.37628025620824, 55.91143987457775, 23.560028632181947, 17.345623029732653, 0.5957326246707582, -0.6477181035871239, 0.47493567794848757, -0.6732949435194038, -0.7251364355925733, -0.14439899171150994, -0.4379230057145793, 0.23374860012756948, 0.8680927559911499
66, -256.44428125704087, 262.45540367223094, -308.10456186657615, 12, 14.875987993949524, 21.46405957072588, 17.124456665902272, 8.956303287724554, -0.6912001488487459, -0.2666919645761574, 0.6716529984016903, 0.6200432855895689, -0.6962555716082807, 0.36162757499908504, -0.37119897390316664, -0.6664109655722487, -0.6466125166885494
67, -52.77142711698736, 95.2169754759813, -169.06089850154177, 29, 21.78918880720179, 31.656657789263576, 19.50098801464092, 16.757202178480462, 0.46795732294738684, -0.48437156418660554, -0.7391888335921587, 0.43171765228586284, -0.6045364339209977, 0.6694442237907996, -0.7711263272672638, -0.6323921946620649, -0.07378549671715898
68, 78.91669480480179, -202.3656350042268, 348.60565669416155, 12, 12.45041173635466, 14.103100679409248, 12.280894865775215, 11.143112669526644, 0.5012658396387164, -0.6743234287858249, -0.5422365456162296, -0.6514244077082836, -0.7065516719689905, 0.2764615269431462, 0.5695426226835064, -0.2146454011348781, 0.7934409572982984
69, -213.3144641810136, 210.5263446625735, 203.91947811012096, 16, 16.966586460956556, 22.44567040676756, 16.01071203198502, 13.590648990086258, 0.5667435644713358, -0.22279885741857108, 0.7931975802177563, -0.6196501385381243, -0.7497616268974331, 0.23214480102254642, -0.5429875117716877, 0.6230715624750449, 0.5629799197972319
70, 231.05389648891958, 155.14387618966185, -123.8929712533529, 32, 20.773803460641368, 25.747436971377297, 20.961312933271614, 16.61099203954211, 0.8056125394523366, 0.37271433642754, 0.46051325681085004, 0.14321458602439804, -0.87677631666032, 0.4590782862360432, 0.5748721759026245, -0.30388700854913253, -0.7597201243932145
71, -211.29499052122975, -120.06547808784752, 331.6196887050604, 7, 8.041956951823837, 14.254301194462103, 7.558384844985302, 4.827366808228933, -0.02787052767296154, -0.9608242289033175, 0.27575357629517, -0.9989766661095851, 0.036602318959439877, 0.026568605822846588, 0.03562098055653496, 0.27473090725132626, 0.9608611108506028
72, 150.26994885736048, -146.108202467523, -110.2513705590189, 18, 17.591223849998325, 24.93145743607481, 16.96581806040298, 12.869619082706494, 0.41401935099739706, 0.8380713013678939, -0.35528083374032315, 0.30756749399410827, 0.2385522048465635, 0.9211379278919241, 0.8567322881961891, -0.49064176278255067, -0.15899826092053174
73, -219.05050659653622, 291.2910987271584, 347.600907390181, 39, 24.48639612246176, 36.55094392888066, 22.516342481343308, 17.839314820187028, -0.0493284184175275, 0.9897947447356742, -0.13369020319405103, 0.8537096478366212, 0.11125913844360232, 0.5087251136944779, 0.5184077008755734, -0.08903801102017424, -0.8504855602927502
74, -169.29399654705864, -171.45044927146932, 213.03341261721098, 23, 17.501229907570455, 22.031097385100633, 17.592238354564106, 13.830837515130439, -0.044175890195800996, -0.8581339168122248, 0.5115219169712262, 0.8222959292809827, -0.32200897572012216, -0.46919039231808957, 0.5673428376328832, 0.39989548681147535, 0.7198650597261135
75, 230.71548502818098, 325.50542590670005, 136.75268205174456, 42, 26.11361056928561, 38.32615989360449, 24.40851956045052, 19.035488368090466, 0.43092866202206126, -0.8815050767158356, -0.1930007460402293, -0.38736005329082734, -0.37387147291514894, 0.8427172187957147, -0.8150169798000553, -0.2883902242872775, -0.5025717870843227
76, -29.855581603303456, 118.56580011696238, 0.3172432636145306, 10, 11.944285664253142, 15.302490015143727, 12.843654139442537, 8.670214417331122, -0.7433942353859915, 0.6599764619323426, -0.10860976240718033, -0.30684122030442257, -0.19222461670127405, 0.9321470711514043, -0.5943176560703628, -0.7262787112598821, -0.34540665490652434
77, 189.22407407072103, 155.18355870562755, -104.57272591395777, 6, 9.362755037773335, 12.756864332292048, 9.958203502567955, 6.460796301168292, 0.6884167052191725, -0.05524815079051107, -0.7232081870453402, 0.28126917749360014, 0.9394050441419936, 0.19597401060511258, 0.6685582171862464, -0.3383279546162395, 0.6622417272853919
78, 338.18432208218644, 170.017950301026, -252.1535498508703, 105, 37.000200516365915, 47.61510067674925, 38.99873296954475, 27.278282868623293, 0.4137611123374324, -0.40909934411543913, 0.8132892895898778, 0.020839857363639747, 0.8973681717346021, 0.4407902729221244, 0.9101469344355084, 0.16543304084134963, -0.3798216248920414
79, 155.8342211553761, 104.78167608182011, -129.14795277699884, 79, 30.16953152709944, 44.240661540773594, 28.482478856278117, 21.792462301733806, 0.6120818675351968, -0.2951100741468139, -0.7336660218189797, -0.6110327784184837, 0.41244007352539724, -0.6756716136175568, -0.5019907679756793, -0.8618603308468419, -0.07212516190456587
80, -286.74013538105663, -287.9780542084089, -323.9663194775914, 14, 13.945155725193352, 20.21300296419651, 14.99000781073117, 8.950296164615835, 0.040153241268225566, -0.3856664634971709, 0.9217641217520027, -0.17002081196614005, -0.9116921137082832, -0.37404600425682544, 0.9846220801475204, -0.14169992496719147, -0.10217871867596597
81, -316.55084334355934, -21.163850118245335, 127.14383422382942, 5, 6.82607820172808, 14.739487943757037, 13.913190778895581, 1.5509744435188402, 0.08104581817386405, -0.5537611652740175, 0.8287219963237921, -0.7337417743525719, -0.5958814303020761, -0.3264174161883699, 0.6745773372464189, -0.5816131814664394, -0.4546113980291495
82, -161.23112402425883, 343.04173653105767, -281.2627862985582, 22, 18.43523030693349, 22.746772079357378, 17.310789298035974, 15.911424272265762, 0.6477105755804553, -0.3248055813877473, 0.6891823739625114, 0.5060839167140657, 0.8595972767456845, -0.07050951038515081, -0.569517409325287, 0.39445387070070786, 0.7211491276876388
83, -303.05447538610724, -41.709736619610936, -332.7838859410211, 70, 30.88167270767192, 48.08797868041729, 26.450057881342282, 23.15470746379064, 0.34985166688149927, -0.44189592710534037, -0.8260337770260658, -0.8400971152255348, -0.5381684068167378, -0.06790878362972284, 0.4145366668582766, -0.7177065943072053, 0.5595146077789058
84, 25.507184965812073, -238.14988941315877, -261.3613455968016, 12, 14.58652398090895, 17.279822694457792, 13.871527048538018, 12.94767757627041, -0.4447500756714171, -0.5988504121976396, -0.6660146800191314, -0.8550960733769634, 0.5051380715387034, 0.1168170962550378, -0.2664734048372686, -0.6214609500949183, 0.736734831551729
85, 141.10931139278054, 205.63439629120415, -218.92671346754778, 10, 13.3459353997721, 17.491678205448395, 13.425732402220916, 10.122262351899954, 0.6329646007523373, -0.06838207943735887, 0.7711547869307802, -0.4211256661482689, -0.8662417441309853, 0.26884645066670576, 0.6496221882799347, -0.49492335965958506, -0.5770978084845394
86, 277.4919210796368, -256.90204441313716, -125.95913016050503, 129, 37.362029997717805, 54.76028353125889, 33.79775669976178, 28.17979510379136, -0.7561758823577083, 0.5359207857159619, 0.37548228503902487, 0.6265030154193417, 0.42726313530754306, 0.65187436280133, -0.18892328234236694, -0.728172455291159, 0.6588420666170545
87, 326.16693053712993, 169.71291703263537, 79.92164626751803, 6, 12.840285544334945, 21.26906701243643, 10.686348808893417, 9.314215030508274, 0.006696056195130304, 0.9588070166206583, 0.2839793438094125, -0.4598170470194838, -0.249229416283901, 0.8523221112520006, 0.8879884267836567, -0.13628574003827038, 0.4392069568671555
88, 308.17855403256476, 200.12320703846564, 108.26091349190838, 17, 15.628888168126748, 20.811710351503272, 16.12440647143903, 11.376082695113041, 0.41796185702891636, -0.3996713987611487, -0.8158251400154608, 0.3497815965963896, -0.7579960887345745, 0.5505404291653497, -0.8384275286221347, -0.5154655201615269, -0.17701575289557178
89, -285.1580279112877, -96.25057916110448, -115.36103188153702, 12, 15.82114011017618, 22.331507645727, 17.21297782944234, 10.302420603959062, 0.5147198185571734, -0.6919736892540227, -0.5061975126021931, 0.07967549420700343, -0.549253754708177, 0.8318486211816665, 0.853648243720644, 0.468500508344598, 0.22757844729568139
90, 161.42104350041788, 29.247180928619834, -337.2763890071901, 7, 10.60858069490996, 15.350959673986441, 10.936335126846371, 7.111553994985511, 0.8635357124261575, 0.4991268314296128, 0.07196165306386296, 0.18435488793880345, -0.4452784133811263, 0.8762079718136888, 0.4693818793452937, -0.743370392687133, -0.4765302830025158
91, -199.59954596245737, 53.784903695487486, -296.0980884128841, 63, 28.929092337425935, 36.33136718017517, 31.297272434275417, 21.29198696910249, -0.806270735726701, 0.3446774689971055, -0.48075455596018396, -0.3380127126990576, 0.3985224644698613, 0.8526002881577585, -0.4854635998347851, -0.8499278132162859, 0.20481163432977625
92, -16.72161649467801, -40.139029324244156, 117.62809992427805, 67, 26.87137098934097, 32.28243609489343, 27.027522272026104, 22.238062209378324, -0.9910836749181933, -0.01959180087586299, -0.13179268055961865, -0.11086877762897851, -0.42734812472445616, 0.897263447623688, -0.07390036168859608, 0.9038748484347434, 0.4213656309066559
93, 232.96211315525622, -75.41319436745502, -7.661992808865576, 7, 12.561251882737354, 21.962840436494478, 9.8275956267986, 9.182543369839136, 0.030906248443801316, 0.9653437330155232, -0.25914528923903724, -0.5732028613922147, 0.22951687912652563, 0.7866132988246495, 0.8188304363535259, 0.12423155526545653, 0.5604312956798719
94, 165.29298095568151, 270.02115258852626, 329.19637574852754, 233, 47.47911270519809, 74.87304115181044, 46.982034119743105, 30.426394597535243, 0.8157115482136722, -0.5327930345256757, 0.22526928878960836, -0.4809668503736405, -0.8410510172278638, -0.2475965978393801, -0.3213807071877739, -0.09362034384095046, 0.9423108151064533
95, -291.9439045495221, 171.3834595665646, 249.49021541966002, 341, 56.615492320652535, 71.93790236445612, 62.63145117757463, 40.27686136462053, -0.21501284922930233, -0.9475259147173964, -0.23656735955168987, -0.9062906674794745, 0.28384250505461117, -0.31316235144718724, 0.36387731545935365, 0.14706486073595015, -0.9197636794475034
96, -49.489397088797965, -212.62460494809088, 311.16219537497165, 20, 15.958668636427332, 29.299140071361016, 14.593110544129816, 9.505768320949601, -0.7901072617839393, -0.5425657211124268, 0.2852243908750405, 0.22037697087204797, 0.18276706582568908, 0.9581389201774076, -0.5719829591740884, 0.8198894059098579, -0.024836595806058195
97, 73.82297944360995, 35.238989756698054, -169.45638306381298, 12, 14.972583046376549, 18.791406099833736, 14.468627429346254, 12.345354918773317, -0.7411539054937611, 0.1868598659115685, -0.6448056132532156, 0.05965322800773462, 0.9750138022745343, 0.21398499424588768, 0.6686795800378557, 0.12013107793433746, -0.73378208165281
98, -220.6539611226741, 123.4140312465193, -36.35997085589418, 8, 12.5170139040149, 20.864277721207937, 10.795127919154403, 8.707050354400453, 0.23830918033482673, 0.9699134123014589, 0.04976652696223725, 0.8881668588012225, -0.23838135754133408, 0.39285361052677087, -0.39289739817834424, 0.04941964199071523, 0.9182534146357406
99, 191.98712800220102, -122.00938598388457, 63.03255414995281, 23, 22.113212982149275, 26.388662169251127, 22.523602823030274, 18.192832152562968, -0.41637732911607617, -0.6721256505347174, 0.6122720226267453, 0.14781060419863346, 0.6144237588877972, 0.7750067546806446, 0.8970963967626876, -0.4131955401592237, 0.1564848251682247
100, 335.77738878246896, -319.6242432472291, 155.80469342580992, 115, 38.34996832648614, 48.55818304493826, 37.40407681571283, 31.053721992292388, 0.25516243265545263, -0.5556401506285898, -0.7913002944336553, -0.8683138902239904, 0.2283384382241131, -0.440332312774628, -0.4253505859939912, -0.7994533010994522, 0.424206669390943
101, 78.80875011159509, 34.98255032374494, -228.43005679245326, 44, 25.020399771656404, 32.11170929797672, 24.56344863536657, 19.857746830840217, 0.5343865962830846, -0.5098494145164989, 0.6741546856843487, -0.4582699314632866, 0.49541923409308963, 0.7379352630192237, -0.7102250598434375, -0.7032875350863257, 0.031096741993106664
103, 57.61177704986913, -55.09254766311832, 354.9066333925103, 10, 12.736605054970182, 20.30075626696907, 12.307935448474659, 8.269202352357727, -0.3357645652059497, -0.9235543700027582, 0.18522819008149896, -0.9409127462602803, 0.338055419824923, -0.02004337925431768, 0.04410624306146398, 0.18101342153498842, 0.9824911096530082
104, -68.15109325728879, -269.4370516244417, -43.68670105812555, 22, 21.22112559006677, 28.715778926282162, 21.338904696803144, 15.595974693763935, -0.3730345160647447, -0.4826508522713752, -0.7923972517784603, -0.14630522103806556, -0.8127597656536215, 0.5639293800039797, -0.9162096005398244, 0.3262969784358797, 0.232573106231719
105, 218.06862432299667, -108.88851790175983, 197.5313390648213, 8, 14.085613607106994, 21.43014062278525, 14.55920570603047, 8.957041971152718, -0.08451240928120207, 0.3869103572310285, 0.9182363683414224, 0.9350507219442659, -0.28762185501287474, 0.20725302388737316, 0.3442931891121196, 0.8761130315126644, -0.3374731929275203
106, -133.67983096995818, -315.2196276956387, 86.11824283137553, 105, 36.5242959739861, 43.852935154808044, 35.63488292981457, 31.179673068639183, 0.1721904469999902, 0.131831441012458, 0.9762022951840067, -0.3949273139913355, -0.898635069266574, 0.19101682896501204, 0.9024316409709563, -0.4184202235132026, -0.10267253736822118
107, 31.852503281391574, 173.0302880622516, -354.641808624265, 5, 7.515272392964954, 12.519387446014697, 9.245050482171276, 3.6672609328927073, 0.7676124097065353, 0.6225277079133794, -0.1524153579684154, 0.4960346759478383, -0.426456689766565, 0.756362540063075, -0.40585808938821133, 0.6561965746889095, 0.636148777130549
108, 17.385985235250338, -175.78195977751665, 350.9565261450647, 10, 18.122791269439237, 30.777287156330086, 15.337628679843847, 12.609176078652713, 0.4530965380624786, -0.8799828359397325, 0.1425964082551267, -0.7779808018873262, -0.4684269070896438, -0.41871482492166795, -0.43525785356561797, -0.07878096956686763, 0.8968523622891089
109, 326.0291514737521, 96.93429884467717, 308.1041508239717, 91, 32.824539079597294, 45.267365044924176, 30.445595926756834, 25.661746752590766, -0.7828454403929643, -0.3581025869300346, 0.5088374531124481, -0.6221315703455752, 0.4369993512884019, -0.6496028603330379, -0.01026282784102702, 0.8251024810334354, 0.5648898743624059
110, -73.1390957500852, 46.079694485707854, -35.06013054522817, 28, 21.130643844571214, 28.075492525890592, 20.17984933928997, 16.653015525312778, 0.3789639555407389, 0.04770198720251457, 0.9241811731569995, -0.27906251505866386, 0.9580719156644341, 0.06497935906281765, -0.8823323824330886, -0.2825291574900058, 0.37638655937471693
111, 331.39359562471566, -262.77933573187414, -160.04790771342564, 12, 14.626724865793795, 17.522694126008385, 14.264020173030001, 12.519830588266867, -0.24765799508523192, -0.0006760899623949102, -0.9688472843398623, -0.06273581423062577, -0.997889886430137, 0.01673296666072022, -0.9668142195288519, 0.06492547622321464, 0.24709299353483402
112, 115.3147850671924, 128.31365040859802, -18.511029566647228, 24, 20.400269639506234, 25.038959183973684, 24.17171148349541, 14.027621827024248, 0.4962405419215039, 0.7742763456778566, 0.3927358719001823, -0.794143089412521, 0.587619179889638, -0.15504984025843413, -0.3508305546724631, -0.23494646187924273, 0.9064866694875536
113, 335.12724065195675, 276.0574035286303, -211.21421871675636, 72, 31.341339845162622, 40.2106070983527, 33.219796450936414, 23.047035926213464, -0.6116342522982655, 0.7808281807730016, 0.12732200723467338, -0.23721011543130016, -0.33452810090584356, 0.9120429325647993, -0.7547416131051812, -0.5276346290901065, -0.38982918776347997
115, 342.2988940208831, 356.1892097935207, 337.32361460459913, 5, 4.353800662941721, 16.433627063940172, 9.378277381922583, 0.5354872351099488, 0.02825043144599997, 0.3041693025057768, 0.9521990067923113, -0.9851154125792206, -0.15310907914745991, 0.0781359954277707, -0.16955688432495625, 0.9402332930160292, -0.29531647038769643
116, -232.9156687819199, -181.55185058237933, 78.48998631419992, 55, 26.085997301084515, 39.4887793772528, 23.230433260366663, 19.35046098675708, -0.09936605404897034, -0.8197217328657014, -0.5640768280743225, 0.11082638418845311, -0.5724724137479045, 0.8123994387401812, -0.9888598990101936, 0.018210331279240217, 0.147731120500218
117, -159.78430873286297, 7.905243734309671, 16.301063597729957, 7, 10.251959997923068, 12.875578276230346, 10.10886995920844, 8.278494327989446, 0.7888080177065782, 0.2044692456556582, -0.5796328482607113, 0.47532811290520954, 0.39494498587319604, 0.7861816858815737, -0.38967306332846613, 0.8956622051390953, -0.21434579072513282
118, 283.6227812452273, -234.4491162712448, 166.1735737618546, 113, 36.56314251065646, 58.273412582464424, 34.56628059195999, 24.266516816739063, 0.740241896019312, -0.6238342793361039, -0.250744346502444, -0.422513369083069, -0.7217248662883097, 0.5482660579747718, -0.5229955911131642, -0.2999066676589986, -0.7978293065373487
119, -95.21001454892594, -124.47050701090356, 60.01728261588655, 61, 27.845340078573848, 35.587121835658465, 25.61509298633903, 23.684748480466865, -0.8811213552839351, 0.47224561535571424, -0.024682707305000336, 0.45672225246095416, 0.8363044471712122, -0.3033144502799784, 0.12259666133135154, 0.2785299811850705, 0.9525707890815518
120, 103.1739548727989, 209.65568809315877, -11.366105440803192, 45, 23.95619158403657, 33.00107044841571, 21.687342694250273, 19.209628389203594, 0.41315628338094784, 0.05807184917278516, -0.9088066603169759, 0.7169448247516883, 0.5945981363728129, 0.36392743024365287, -0.5615086853866232, 0.8019231363139678, -0.20402764440083987
121, -105.73353622699884, -214.61081673106443, -321.83582601895085, 7, 7.972400556431841, 10.210754524408147, 7.262863775586682, 6.832845461317303, -0.4988321266685322, -0.7934891970038018, -0.3486278870681621, 0.14008626060741708, -0.47077571401791163, 0.8710603117350465, -0.8553024897615931, 0.38567489071650385, 0.3459949850480968
