# Void_ID, X_c, Y_c, Z_c, N_particles, R=(abc)^(-1/3), a, b, c, vector_a, vector_b, vector_c 

0, -138.27326805838595, -344.2610318832407, -118.27688111561717, 57, 28.344137633777496, 42.59127853915575, 29.683980350550637, 18.011377630907624, 0.10267416319159212, -0.2926360855170511, 0.9506956072614218, 0.9567032199941733, -0.23263336592659697, -0.17493046021331607, 0.272354484203376, 0.9274943873204404, 0.2560804491236962
1, 90.76774460070551, -268.48157912301195, 194.8463239807413, 15, 14.819940771619216, 17.61205472856067, 14.004546552431576, 13.196547522321694, -0.9785432907179749, 0.20186455657447402, -0.04127625212913346, -0.11973726360165957, -0.3941050665823399, 0.9112322339553821, 0.16767831075014905, 0.8966224943046659, 0.40981957836449934
2, 63.14318639462942, -220.48390629433186, 278.0414228445469, 12, 11.469538211260698, 15.804472561590933, 10.498514265163166, 9.093476489766344, -0.3176730841361977, 0.902725729865568, -0.2901207821823072, -0.24776820912385683, 0.2163113926970801, 0.9443623753289869, 0.9152566449706623, 0.3718812149438678, 0.15495043016694138
3, -15.676552521345405, -255.65439775364706, -353.038462862442, 8, 7.144479157635386, 12.804647406550808, 8.118369142709808, 3.508126957886243, -0.8074502998764475, 0.5220530335475992, -0.27474468765234433, 0.5725098818284656, 0.5810750961432131, -0.5784325093309609, 0.14232515040635493, 0.6243495517784122, 0.7680697811761011
4, 95.19892663224282, -86.39685650823526, 68.0282855279889, 145, 38.49065879330646, 65.45762454608894, 33.88556983953872, 25.70934422223293, -0.8537366297529954, -0.41155139906314475, -0.31899719896445045, -0.46352354066602147, 0.8797827330388341, 0.10549061519943113, -0.23723341726331892, -0.2379239134174787, 0.9418665070792569
5, 67.79160107191946, -149.62962941396015, -120.00674888576008, 6, 6.157909481331718, 8.78939933750231, 6.909987009161824, 3.84470900126958, 0.7256618832667459, -0.6056012371897449, -0.326591446134172, 0.012694944503223471, -0.46279608785598747, 0.8863738598634625, 0.6879343497440866, 0.6473537847108362, 0.3281454065848506
6, -350.82548199213846, 110.37540402438087, 292.86291312954023, 28, 24.712987049974252, 46.63541482542899, 22.123971310952697, 14.628398880005063, -0.0996607151535572, -0.6658683759214223, 0.7393828830875439, 0.015335911381887371, 0.741966155403189, 0.6702619145217023, -0.9949032875999397, 0.07813789211374025, -0.06373317926208522
7, 162.67550197644883, 162.71305028129376, -85.6513452610729, 40, 25.764206459691856, 30.474668680569426, 25.33737465657997, 22.14877473298162, 0.3719725761136511, -0.8465263544038328, 0.3808274332543948, 0.43483456036091916, 0.521376833488573, 0.7342241501184463, -0.8200946943707778, -0.10751431905186258, 0.5620367990298454
8, 101.20821634385256, 56.26407861753094, 294.1212447049899, 9, 11.144673796106765, 14.76902844264856, 13.107904393804642, 7.150178630147958, -0.1994486952918161, -0.7721683140283504, 0.6033044942290808, -0.24313910678515532, -0.5574245678128227, -0.7938269496246678, 0.9492647642771268, -0.3050146652364509, -0.07656671138678042
9, -108.89839107731714, -185.23419277095226, 242.64387133427752, 30, 23.959795606785583, 37.29932382656287, 20.77964142140413, 17.74640215250098, 0.8587932814303013, -0.15157394787920545, 0.4893867980386142, -0.24325083129849293, 0.7200566191236729, 0.6498826804345366, -0.45089148677122687, -0.6771586251244961, 0.5815092979280165
10, 220.6615480199486, 43.04886154663717, -251.4218518752824, 43, 20.092492298043428, 31.532599657069838, 19.040609956191027, 13.510169505261477, -0.24718603990040172, -0.48291500191006137, -0.8400548569043349, -0.9648260834311622, 0.20274109659527603, 0.1673519539241446, -0.0894968737400418, -0.8518739042144383, 0.5160437587154881
11, -200.90853015306593, 286.81850410713974, 348.4700673421229, 65, 29.696552653992875, 47.78970918398137, 36.3054564891182, 15.094259812598114, -0.9900977271095435, 0.14023237349218365, -0.0064321222986451375, 0.14012034879023091, 0.9900143148914178, 0.015425438891025461, -0.008531039058638114, -0.014371420765723928, 0.9998603320653112
12, -38.53745912202725, 84.71920062301176, -88.4228426717449, 53, 26.16561276098312, 32.77291440236397, 24.739879963605897, 22.094291392165324, 0.6766789656333133, 0.5879222554063213, -0.44323018745046416, 0.5803113953010821, -0.7963714447849713, -0.17038546421220496, 0.4531492711603323, 0.1419152688368724, 0.8800657898804032
13, -66.85988639225668, 170.52443113824364, -62.706220692029945, 28, 22.314967449326215, 29.504646321161697, 19.96100735275322, 18.867567195820772, 0.07632111584951637, 0.09007101545145416, -0.9930066965791463, -0.7731439936814702, 0.6342276990717135, -0.0018949312565312267, -0.6296216739517136, -0.7678817864135972, -0.11804283029690725
14, 92.9406017658425, -169.8702385988374, -58.86810963895205, 10, 17.402946093145943, 22.564746688171283, 17.939719804001548, 13.020336449387498, 0.14910238489183417, -0.9819940728036438, -0.11600051636988312, 0.5711373137873595, 0.18129048233267933, -0.8005847424322696, 0.8071992614090563, 0.053116871087224495, 0.5878843001701758
15, 348.0122180402008, 330.42695544697733, -22.194735912430776, 52, 27.447423763932882, 45.24248426864286, 29.127605869411294, 15.691105013740515, -0.13322402405911687, -0.2705700912058545, -0.9534375622757641, -0.049261757666873594, -0.9590161027628863, 0.27903654576606146, -0.9898609188391397, 0.08414238162983402, 0.11443522608267646
16, -294.61323889908675, 126.43231932624248, -90.99164704279944, 6, 6.797559163590393, 9.230819028120887, 8.097069146354006, 4.202337260945822, 0.23428365037030238, 0.3504538889895565, 0.9068038612959592, 0.9531566856937251, -0.2663703719232138, -0.14331488924337946, 0.191320421509362, 0.8979024984114834, -0.3964436904024283
17, 27.0296465188029, 4.092660175960862, -59.23862284247433, 55, 28.23859499232769, 42.40575660512537, 24.648104588547596, 21.543730591380722, 0.48195168633087576, -0.022379975253390548, -0.875911929791165, 0.5365467754139058, 0.7978608026851306, 0.2748375835499556, 0.69270493706611, -0.6024261583350264, 0.3965382628674539
18, -146.53188586025757, 329.3003408704458, 154.3075431716164, 41, 25.11042127520756, 36.142789222726584, 23.320518246890433, 18.784607898280555, -0.9423720007003646, 0.24286027336282218, 0.23011714390311522, 0.3182978086003833, 0.4389251753357988, 0.8402566247859233, -0.10306074585498409, -0.8650800992269876, 0.4909326884464302
20, 275.5082257528602, 130.03366051790283, -325.20558034622434, 94, 33.21468098863965, 47.473425968104046, 32.58469310997411, 23.68787199790588, 0.2252147091842551, -0.9326682596167672, 0.2817946987976915, -0.509235729139843, 0.13389512283953967, 0.8501476743761622, -0.8306366876887055, -0.3349656901582836, -0.4447928500800352
21, 205.94701857954587, -150.412171953846, -167.07398383685813, 24, 17.52199391216284, 27.954102044768096, 15.359122073158492, 12.529641266294004, -0.5517152285294714, -0.6319478748739752, 0.544290538270637, -0.12070704783360334, 0.7062312788508459, 0.6976153591887114, -0.8252515466280382, 0.3191853132820572, -0.46591911376661294
22, -162.473516998146, -294.9474083375774, -304.21451786296836, 9, 12.717450564478352, 16.188744247222445, 13.812695537796293, 9.198321249728096, -0.018321041411849433, -0.24127997452412767, 0.9702825945750143, -0.6742025738132198, -0.713637488202087, -0.19019049633524304, 0.7383191917492161, -0.6576515105481411, -0.14959699785935618
23, 28.238908146272255, 218.14154685188697, -95.43264832909334, 47, 26.426869102297694, 35.52339225762463, 25.62286979714708, 20.276590927301815, 0.9136414398049819, 0.24216662285380033, 0.32651898298056853, 0.27100459580072006, 0.23586098591212265, -0.9332342173213807, 0.30301126798514877, -0.9411295989926924, -0.14986410301965575
24, 39.95754268662328, 198.3915109982469, 122.08668951859349, 55, 28.114595662308783, 38.02444779855309, 27.374662069191274, 21.349310000940577, 0.27277340615208195, -0.8563244568526251, 0.438523766165812, -0.8816388089283906, -0.04003556014268296, 0.4702235261185794, 0.38510736098849235, 0.5148840437614263, 0.765889510303125
25, 164.35268532633864, 230.20243420165502, -261.1365877629129, 19, 15.863794811260684, 27.03149546096045, 13.965266439813334, 10.575525407622846, -0.3914935558189426, 0.726530211426, -0.5647004937464923, 0.8886105313009606, 0.4578689454062054, -0.02696947336589382, -0.23896468235549811, 0.5123571808005641, 0.8248551387176017
26, 169.02276805624984, -220.1172355244727, 345.23332276638627, 6, 9.848856888086928, 15.916952486508404, 10.383554412747976, 5.780315153209934, 0.2563575176983634, -0.279054220615345, -0.9254239920578543, -0.8373787612178236, 0.41408657641654045, -0.35683205782683214, -0.48278114439240005, -0.8664069766503452, 0.12751987072912516
27, 106.05255526782707, -103.3496337988293, 233.50612027761576, 94, 32.35698498996937, 50.6087596407396, 31.3840494665507, 21.328949663615862, -0.9785623615098005, -0.1986839286167306, 0.054225465842024145, -0.18849081229261067, 0.9700955685986774, 0.1529241690069965, 0.0829874587973054, -0.13942483385190127, 0.9867491055925692
28, 141.41423839300282, -269.24288642852, -225.39567316740576, 38, 18.36785652473807, 25.236853035358244, 17.34999562470183, 14.15275103162482, -0.2015686994873987, -0.18270540082790443, 0.9622831162892101, -0.07405123856715502, 0.9824793406992983, 0.1710285331918104, -0.9766711183677078, -0.03678425760276694, -0.21156664420220933
29, 160.9234696019327, -270.53552958693103, -127.84485992906473, 16, 17.11364038680286, 21.771445274774997, 17.215990770216944, 13.372355821212418, -0.17613633446145727, 0.9141051882349057, 0.36522280394919104, 0.9353544890545251, 0.03980611783721862, 0.3514647248135692, 0.3067376264627976, 0.403518497500123, -0.8620236949685387
30, -270.74295829664294, 148.03844080080495, 295.5799708041429, 31, 22.10610476013568, 30.123747140404006, 20.50495558187752, 17.489155737800353, 0.34776572151141355, -0.07930004985265146, -0.9342218714176054, 0.8741894143902783, 0.38758968406643673, 0.2925185542376112, -0.33889802405683694, 0.9184147967550645, -0.20411367027155464
31, 186.24503763464497, 206.41784933346494, 297.7263939744366, 48, 26.156300700452384, 45.09190532014116, 23.102678344945467, 17.177819956162455, -0.14531388126906333, 0.7660137663575084, 0.6261843064636043, 0.9560467497752654, -0.0541969613027828, 0.28816193646922905, -0.2546732969014868, -0.6405354003771603, 0.7244694008093082
32, -88.59961554846542, 350.1600799534704, 296.16870064042513, 31, 19.981738957167604, 34.247926007857046, 21.860303573919204, 10.656372124481209, 0.3397928261002511, 0.12405503265149175, 0.9322827812443186, -0.8900079997223164, 0.3628399227730755, 0.2761031525939354, 0.3040174267391361, 0.9235570038258959, -0.23370037424670084
33, -346.72302177111277, 341.71219847307384, 193.170412123088, 24, 16.007379723834585, 28.860291891573947, 13.0808091065335, 10.864892029199778, -0.10975564022973756, 0.430222083370147, 0.8960260366855478, 0.9884426093248702, 0.14208267847084352, 0.05285565768764285, 0.10457010810361851, -0.8914715202737559, 0.4408442140166932
34, 18.57466548006462, -272.5692160035475, -195.22448383968424, 76, 30.931298460474824, 48.54723021251602, 26.09699337168833, 23.358208058363058, -0.6253763019246659, 0.5558171709979522, -0.5476967714117568, 0.7717912479373256, 0.5440887459047012, -0.3290983229783994, -0.11507715063545153, 0.6285178668929654, 0.7692350358622145
35, 311.40836210494, -276.6334821450511, 216.0412906390823, 55, 30.447375093884723, 35.49653357357664, 33.88316305792047, 23.468194711718006, 0.7625356949923555, -0.4405308749114943, 0.4737846157403579, -0.28202542154516314, 0.43273649494104605, 0.8562714450151957, 0.582237902806747, 0.7865568474025578, -0.2057361182178524
36, 278.76605496455466, -308.1473235305015, -193.88499390018092, 16, 17.186169110864867, 22.385799457815466, 16.70892370684725, 13.571134598874076, 0.20820903608798533, 0.9212005441430218, -0.3286921884710871, -0.3877663841544789, 0.3862634125082486, 0.8369216256479717, 0.897934423335621, -0.0467988635340983, 0.4376341368778747
37, -79.15097852812848, -113.10473241424275, 42.82152238187252, 8, 10.54274628376038, 13.80690988652195, 10.350873893423504, 8.199507312803716, -0.3856640208930522, -0.7660187098713335, 0.5142748283900946, -0.8998562240840688, 0.18918616571551922, -0.39302337167021273, -0.20376957320896907, 0.6143483790398715, 0.7622690012097545
38, -193.49171212355705, 210.56167196855557, 116.00678578629932, 34, 23.409398058646527, 30.332304248634408, 25.700023604423862, 16.456285520629155, -0.6270777157679485, 0.6924806225283626, -0.35671294595232067, -0.3843522826325989, 0.123246799760467, 0.9149227012070005, -0.6775299707189073, -0.7108310725985001, -0.1888711862781157
39, 293.1515177864652, -188.37021637189574, 113.82505812889066, 12, 13.398174192741763, 17.962486979116886, 13.983962947051387, 9.575029676608779, 0.36847032082425624, 0.05916995217124249, 0.9277545685318518, -0.8464308121821955, 0.43403808257927634, 0.30848958338896043, 0.38442750013527793, 0.8989493087104288, -0.2100134222110176
40, 108.66581949935996, -215.43257751636708, 276.80289015152675, 34, 22.04583143140385, 33.57617957226792, 22.227637124550768, 14.356708087002524, 0.4612310212862284, -0.8732615191839216, -0.1570995356958512, -0.8409877259026652, -0.48670350746611823, 0.2363458074543357, 0.2828525939147937, -0.023108763116336774, 0.95888497494898
41, 352.7858765351582, 213.98426252747265, -163.88097578167992, 18, 16.174534704181752, 23.67957345804736, 15.971696720748422, 11.188463725019956, -0.32654136749840224, 0.943048191527537, -0.0634889263487348, 0.13165818067281765, 0.11189868269505722, 0.9849592926984518, 0.9359684069316642, 0.3132711178320661, -0.16069955805182012
42, -286.7629231521566, 267.83274879937466, -197.17397596188775, 111, 36.66935341022475, 58.0984919419009, 36.87370885655507, 23.01590596335967, -0.020631813693201335, 0.7977372823037234, 0.6026521025321312, -0.3681102739543223, -0.5664969742912814, 0.737276070633041, 0.9295532015291019, -0.20663108803249441, 0.30534314956373976
43, 120.48986927135638, -190.85980485618407, -89.6853564021432, 8, 12.039990764631407, 17.387793221690835, 14.18835712548426, 7.074599894232145, -0.28965288645896453, -0.11352166520352017, 0.9503757345889099, -0.9571246527848617, 0.03818075445753376, -0.28714914072744796, 0.003688413947597586, 0.9928016224394849, 0.11971355012728412
44, -200.38254806231095, -15.259781665530522, -159.057451667643, 5, 4.876015913662708, 11.082203849641843, 4.1667159971110355, 2.510587190046285, 0.16818775149838444, -0.8461475663626971, 0.5057145204405377, 0.6923894537650462, 0.4665664233667068, 0.550374978448094, -0.7016478636473276, 0.25758507046271906, 0.6643344089491807
45, -224.43857809729187, 133.233182355018, -105.06908543227529, 166, 41.29240273809355, 64.19445407488995, 37.35843459148354, 29.357852468155407, 0.503060869100276, -0.30349742984290984, -0.8092089174365438, -0.4947008938530699, -0.8688699162501526, 0.018332873654349047, -0.708661264357696, 0.39109382341607085, -0.5872349050292828
46, -320.9988184309084, 337.23051999268563, -168.00820396005196, 19, 14.832335506564618, 19.802494936526138, 14.748864588572047, 11.172493808237327, 0.42471161146556513, 0.904869685425663, 0.02882532712710104, 0.8258267712858689, -0.37417167427948766, -0.4219072196519539, 0.37098543221247826, -0.2029936219799704, 0.906180665497545
47, -267.82328448723905, -180.50055747957896, -145.01618089871164, 13, 18.03464868756907, 29.045961272647734, 16.431686411377246, 12.290092969536898, -0.3344842581892116, 0.14657500435022036, -0.9309328918473907, -0.12854122199299658, 0.971502650925662, 0.19914756712789258, 0.9335938277817393, 0.1862749777724967, -0.30611141335091663
48, 102.3187537360631, -252.31776009924616, -41.104244798381124, 6, 11.412397156522275, 18.999540060936177, 9.154741970239677, 8.545577848951941, 0.2212464987561553, 0.778329408693314, -0.587582605555388, -0.6879043254375279, 0.5516325510987056, 0.47168757415547147, 0.6912580023641575, 0.2998413916247196, 0.6574629373858771
49, -254.55911946395645, 106.34555245778363, 59.81264422375019, 24, 19.34248420601974, 23.474918550044286, 19.023669159232824, 16.204602197529887, -0.16442287773568526, 0.39998465603193417, 0.9016525895355323, 0.5371659052353793, -0.7303505144681384, 0.4219489498372772, 0.8272955382025048, 0.5537150900554731, -0.09477178649306613
50, 97.56349228426596, -239.7869615510724, -232.2593724151415, 32, 22.371523475921215, 27.797961718572953, 22.577344014418628, 17.84024758924969, -0.9529615346150269, -0.24252536442303627, 0.18178493104668075, 0.07246294501962623, 0.40006997643176617, 0.9136154199426413, -0.2943016057435897, 0.8838130241003241, -0.36367719654576164
51, 61.66555693880006, -56.4447490792337, 343.08779426571977, 7, 9.34299916252975, 14.482755174064854, 8.703612883817515, 6.470058005372122, -0.25228903812728254, 0.830782148857625, -0.496136334468982, 0.9649278020949471, 0.2544395798547823, -0.0646129781664363, -0.07255741164777674, 0.49503688887074737, 0.8658371097799784
52, 251.64246775227892, 346.4894459846778, -20.826671035911776, 119, 37.721317270553705, 50.36567592370181, 48.378536956337044, 22.027902927549945, 0.6976616266614027, -0.004648467001251451, 0.7164123438625997, 0.7138367854046699, 0.08947341974136969, -0.6945729270299209, -0.06087116301905589, 0.9959783626737696, 0.06574041830095535
53, 327.5997347920426, -9.341314541680177, 64.78560924103381, 18, 16.277282609022492, 25.710957438419477, 14.47589321579375, 11.587295734662238, 0.12057391083659412, 0.1457982999249079, -0.9819392994297437, 0.49706686316591614, 0.8473554509523914, 0.18685093867483207, 0.8592941670743294, -0.510618835806393, 0.029697456991438023
54, 54.50721124534598, -131.67043687297348, -138.51887377926505, 8, 11.393804733217186, 17.644880252529067, 13.883856674264953, 6.037782713874803, -0.7119335421403032, 0.35315055736181283, 0.6069887275811652, -0.3248598066389445, -0.9319272467178314, 0.16117603064795258, -0.6225887387401641, 0.08243961826672569, -0.7781946875518801
55, -250.07740087161616, -112.77499208802801, 61.72283086039334, 16, 14.260427228799735, 17.401146800566238, 13.928821563636479, 11.964797826160408, 0.2427839803322315, -0.6073779547859787, -0.7564046264626098, -0.9283033853915417, -0.3718231499606276, 0.0006081315314961498, 0.2816181165419606, -0.702025330877283, 0.654103715967124
56, -19.127939281171603, 49.168921832299816, 350.79947011214335, 35, 24.67295998166337, 39.61755982566929, 28.39280624521587, 13.35265788297861, -0.7799521933944646, 0.6253559668388718, 0.024586393761252504, 0.6258360669802067, 0.7792240596636808, 0.03375029048761923, -0.0019476359798449277, -0.04171066506628791, 0.9991278332294712
57, 327.5594461955131, -8.096547193817745, 148.3177398220949, 10, 9.015206823534744, 16.90902227212591, 9.080548033603968, 4.771957065369915, 0.8242862913322447, -0.3585173522933513, -0.43819792106569705, 0.23127629930788585, -0.4932293288520127, 0.8385917376999624, -0.516781755966852, -0.792584466959048, -0.32364560777964957
58, 334.9286056170373, 164.19987237077322, -68.53163764804891, 7, 12.337586306504308, 16.248124130104852, 12.018419804403393, 9.617008792723642, -0.6493997476892119, 0.7114436392685757, 0.26856640863196707, 0.7604298980227987, 0.6051548475847082, 0.23565648863921532, -0.0051320458126868215, -0.3572611909919882, 0.9339904193923847
59, -288.8931976670153, 204.23324079470402, -191.61676397231898, 228, 49.70937465141169, 75.73826966371338, 46.47484860939924, 34.896473130307896, -0.7892238722302386, -0.309163660551382, -0.5306067380804524, -0.56795526522479, 0.6960855738343893, 0.4391943654045297, -0.23356475805511925, -0.6479835683828097, 0.7249584808115112
60, 237.5413548822185, 147.81827865082315, -120.56247200878428, 23, 19.340601283265013, 28.615437427655838, 19.25406522623833, 13.130676071941894, -0.15518939254019287, -0.937694847712599, 0.3108771863875694, -0.9723847753199393, 0.08946731247624923, -0.21555381862604142, -0.17431035875414164, 0.33574390920986585, 0.925684571687073
61, -24.196619361966516, 74.08032592854471, -18.264381513025942, 29, 19.507489123836613, 37.337042323401185, 16.805965293669086, 11.83043587721112, 0.7231401606257978, 0.48504289314924676, -0.49173336260162764, 0.5901319464748098, -0.8038189786120916, 0.0749622263067602, 0.3589047141511904, 0.3443957627910397, 0.8675130919655509
62, -166.9621663049764, -5.238659343655694, -36.27989834824562, 128, 39.19892460004313, 44.780132082866196, 38.04476833052499, 35.35429192315437, 0.46296991688262246, 0.2015519430628537, 0.8631544880896385, 0.7377079612545393, 0.45222176731441943, -0.50128079662869, 0.49137136664987735, -0.8688338664063519, -0.060678601022281065
63, -164.70894926785303, -157.54424679114152, 351.3954260070966, 20, 18.909837735613678, 26.541788731188404, 19.498233863101017, 13.065858291047697, -0.8186725469632056, 0.5732110027481393, 0.034704569976450494, 0.5564919389106673, 0.8068082098584991, -0.1984369784903263, 0.14174619139936007, 0.14314209315710263, 0.9794990343999218
64, 185.5951048171558, 240.1812170410633, 317.07969536733486, 8, 12.672925249929415, 16.87343114077386, 13.540593324089462, 8.908191026230057, 0.9063278776585417, -0.3364988692206411, 0.2556135543984187, -0.2165351050145259, 0.14962604287464884, 0.9647406882629248, -0.36288059534137634, -0.9297206883289753, 0.06274643589706616
65, 304.4775215617251, -351.3998176701778, 87.58861810570797, 14, 17.24604105423379, 30.223574815078646, 15.917806168642192, 10.662012905205893, -0.9792411627846255, -0.04205385589666447, 0.19828822030679774, -0.1899770621584758, -0.15068871358176508, -0.970155465609872, -0.07067857498456792, 0.9876863797801889, -0.13957132311064246
66, -189.2711517995709, 20.455836533531027, 352.01310657513034, 7, 13.132741832627287, 21.667258719853383, 12.331292333912623, 8.477223979165245, -0.47597147443522503, 0.878122248599062, -0.048502289010780374, 0.877043019123115, 0.4780271288776914, 0.04780801882908738, -0.06516669495508383, 0.019783340776488946, 0.997678265422452
67, 292.0294183496921, -61.13682790392966, -127.46259604637771, 142, 38.995741355963794, 45.303849436796355, 39.23202382346235, 33.36381667040139, 0.4952265945248324, 0.8686228628612861, 0.015650629060862533, 0.7362763665900327, -0.42919808251923647, 0.5231501868132998, -0.46113743295932763, 0.24755469714080042, 0.852096790187129
68, -318.99235837880957, 284.180185359685, 142.5336923679403, 253, 55.134771045309606, 109.31691366908329, 57.340879615385575, 26.737759570879874, -0.217044310589626, -0.9585821284212057, 0.18442361647073588, 0.12191402236849765, 0.16082933516764727, 0.9794237571651333, -0.968518837395849, 0.23506217905270074, 0.08195751087233503
69, -262.26008199543224, -351.6323465934976, 242.58570315737992, 8, 10.780549969400768, 17.075969238533823, 11.794796184257063, 6.220810134227185, -0.7091038080792083, -0.34904103105499124, 0.6126517346809967, -0.6966443655674212, 0.21261934903500668, -0.685185843650535, -0.10889636031902522, 0.912668269995182, 0.39392665770834867
70, -6.839850205204733, 90.13283182122764, 232.87787758234512, 21, 18.365157654142816, 22.489637989894128, 18.718007069322958, 14.714378079643968, 0.3503830489253752, 0.21115541363975962, 0.9124938960433544, 0.8753948628984402, 0.27259674799621436, -0.3992177939332236, 0.333039867038136, -0.9386716168461207, 0.08933108468338584
71, 131.4334651255686, -109.83189277447808, -229.59902672604304, 16, 15.738744063736117, 24.778584619992785, 13.637927545241139, 11.536799505127545, -0.12563697805409085, 0.1489172003632452, 0.9808358767813344, 0.9852793058449404, -0.09680338105013862, 0.14090349495656232, -0.1159311831180375, -0.9840999811265291, 0.13456295154171233
72, -300.7360928816951, 200.02574502593407, 348.50215393127525, 32, 21.966069655800055, 31.48558241553444, 22.188440152009246, 15.171152214308995, -0.578176641794247, -0.809615279274627, 0.10116753653516908, -0.8157268805660814, 0.5709465536132422, -0.09278841112493995, -0.017361659064070487, 0.13617317093403028, 0.9905329072334318
73, -221.34330637105904, 245.8573064557616, 140.27480686433861, 8, 15.468007944988894, 20.541413093117207, 15.853645450825947, 11.36432647105651, -0.02977996557448047, -0.5893130457300263, 0.8073557380627098, -0.9965732467940738, -0.04485231103505622, -0.06949844580372193, -0.07716811144962053, 0.806658790522495, 0.5859579150827168
74, 75.10035578711357, -25.892382314044642, -271.93649929593585, 8, 12.68477566786649, 24.170586708264725, 10.960806634851238, 7.704042404052901, 0.08402989616768912, 0.5416440198756777, 0.836397472666533, 0.9393312537084128, -0.32318689009233814, 0.1149218424801152, -0.332559426804638, -0.7759974161073984, 0.5359405170707024
75, -269.76461295505146, -30.25186075680696, 63.82668087348251, 84, 29.59053070217985, 43.65972962133685, 29.05179936932801, 20.42698098374095, 0.11016385900697792, -0.9363634718314303, 0.3332977239473455, -0.3509456058427379, 0.2770928232504091, 0.8944589141166804, -0.929893061544372, -0.21550641735899106, -0.2980870311984862
76, 289.2485911756162, -265.4602774001323, -140.66506515258217, 110, 34.12099729722876, 51.42038076895959, 32.500767340941145, 23.770386648665024, -0.520951912043245, 0.5414336284216995, 0.6598929696190133, 0.8109150213018431, 0.0725510709082754, 0.5806489217565929, -0.2665069109151195, -0.8376072875304846, 0.4768522814355663
77, 303.785193733823, -232.0356592639772, 211.27299810003322, 41, 24.192860429309697, 38.31689714978533, 20.7226898342847, 17.833032451145446, -0.692785939602136, -0.7127168737910151, -0.10991951466026308, -0.682650482045475, 0.5990108262633123, 0.41853834875961454, 0.2324563641904995, -0.36499409287398926, 0.901522795560061
78, -139.84250811123383, -61.590487575000274, 166.08456129062583, 140, 39.5772619723753, 58.503500587408276, 39.67468249652338, 26.708034209747016, -0.5694647264879524, 0.8204390641822777, 0.05088877331700932, -0.2159783015118353, -0.20906772092821868, 0.9537526206212716, 0.793135107382131, 0.5321376044122321, 0.2962537280918947
79, 334.9500232421404, 268.2586058562071, -54.79800712932052, 7, 10.429485195064807, 19.72124567778385, 12.605164867673283, 4.563580777395904, 0.5301462750880778, 0.8314151928392458, 0.16641425457669137, -0.6038675132682503, 0.2324438182117535, 0.7624394387716057, 0.5952217682758724, -0.5046965905286278, 0.6252938493854888
80, -295.37406478627776, 251.74072569832643, 30.388758283215676, 28, 20.333191614592014, 29.883800913427997, 18.328759849706834, 15.347857017513228, -0.6052344047220446, -0.6402968024920159, 0.4729813104756388, -0.1688915701782303, 0.6839203252302699, 0.7097384210113284, -0.777924773267624, 0.3496755545579672, -0.5220728432710264
81, -335.3804496640232, 52.068426143262855, -123.74728105893288, 5, 7.367372461691775, 9.918859271825967, 7.433904006453429, 5.423244717490838, -0.8833610572163159, 0.43511378485943, -0.1742103235143495, -0.02734732180103517, 0.32321089116029417, 0.945931733174059, 0.46789461055240095, 0.8403634416493082, -0.273612717824568
82, -291.74763514954924, 197.21025861282095, -337.57120356524683, 88, 34.28533955672063, 40.60010655192918, 35.88631226911773, 27.661094463436434, 0.6596858698793878, 0.7455219709021677, -0.09492915244340241, 0.3289543817554792, -0.17286595057074983, 0.928389130622037, -0.6757244762514864, 0.6436725518735583, 0.3592799439980415
83, 266.4096807952338, -297.36766362640026, 173.0178259952256, 42, 24.283605618095677, 29.098280561359328, 25.902613551098355, 18.998906257003405, -0.5872266320813023, 0.15814434304542457, 0.7938231851849514, -0.666847785689158, 0.46135284553959344, -0.585207298855702, -0.4587798091633021, -0.8730085444457302, -0.16546047270823205
84, 8.382307221674063, -138.7890330775437, 82.61649146369442, 62, 27.96672758059368, 35.16228675641885, 28.81188032818391, 21.591173262577325, 0.9015625402665911, -0.4271855277912942, -0.06853838948884408, 0.23845904093963882, 0.3584492450931533, 0.9025804254947567, -0.361001761466892, -0.8300762998290108, 0.4250306632232311
85, 113.9257957047768, 182.81177537676976, 190.39610141877128, 75, 28.74802682319787, 38.43648878529407, 29.071229365335657, 21.26263181793191, 0.6885617001998443, 0.5940187805795404, -0.4159621056498964, -0.19684446992120475, 0.7051648343270519, 0.6811716458352779, 0.6979505997413714, -0.38714886639030305, 0.6024788092317963
86, 9.659094975425004, -262.0764815173663, 75.79496076967133, 11, 13.107228245914019, 16.832316965028486, 12.675824043832213, 10.553888069677837, -0.9596569767472738, 0.2301549786483498, -0.16151524009721185, 0.10776048659190327, 0.8316272663549009, 0.5447786407198348, 0.25970399401965055, 0.5053956624848028, -0.822878520701439
87, 336.2451669523235, -343.4387300449747, 156.46878703222802, 14, 14.513204375089074, 24.352659040440923, 13.864917535426418, 9.053703214758123, 0.6932389099742547, -0.6510063857221191, 0.30920947502741664, 0.2991077343990118, 0.6502248310119684, 0.6983854468401726, -0.6557090642353499, -0.39166102037920564, 0.6454821982015625
88, 309.55975005795847, -41.74380291151974, -156.39783003958436, 15, 16.2788986025314, 22.00676248535302, 15.34705988848229, 12.773023467530006, 0.6899158714165556, -0.6672521577727384, 0.28069671945920416, -0.5770526061442345, -0.27281993442594327, 0.7697919024788265, 0.43706564736854137, 0.6930684247081587, 0.5732623993974045
89, 126.83315424697444, -205.00354638331984, 138.46750911927268, 6, 10.175977728733082, 15.158178731580742, 9.586840920138496, 7.251133465663737, -0.8000296258560461, -0.2436851038020494, 0.5482428001694317, -0.572440879291275, 0.0364602321433834, -0.8191349651847873, -0.17962192925382647, 0.9691688303164907, 0.16866458097092699
90, -273.30841588131756, -14.571224652896282, -256.4510596247902, 5, 7.621863884089484, 13.167748109599218, 7.432303823029272, 4.52427089576999, 0.24956435467783042, -0.037787364093391757, -0.9676206632710523, 0.5733862305876044, 0.8110009312579007, 0.11621411304723891, 0.780349834014705, -0.5838232648787564, 0.22406367831384874
91, 248.81477548001666, 237.13994524208354, -329.73431633351817, 48, 24.629010891478778, 30.437607828736308, 25.329496694051997, 19.37777170178162, 0.6952729180121742, 0.6990622165430961, -0.16705564007446735, -0.3499161102846841, 0.5322408594537856, 0.7708945344799978, -0.6278170794443818, 0.4775266326915692, -0.614665787097491
92, 155.3754906076156, -128.55557936176345, -314.74814683605416, 13, 14.833181528884744, 19.009912513716312, 13.832688816255315, 12.411269606171187, 0.5103689383106257, 0.5099218861315538, 0.6924617078595201, -0.5180078370853358, -0.46045660270039157, 0.7208658666824128, 0.6864338478876592, -0.7266081385957993, 0.029140785859164367
93, -289.0914408747384, 176.56888228348686, 254.66524238839054, 323, 53.624883036173536, 74.69290768958892, 48.57000224578246, 42.50613174999556, -0.016115713443060245, -0.9911221192166357, -0.13197434818837347, -0.9952791744402597, 0.028535391165314616, -0.09276365870618498, -0.0957060536525053, -0.12985636777057702, 0.9869030727704197
94, 124.4987679078725, -336.6094408708241, -322.4921992966108, 45, 25.739714738218176, 39.85451817796855, 24.00794508651462, 17.82291091580771, 0.5665521546136596, 0.2914556744460855, -0.7707608227821373, 0.6133155295814888, 0.4755375976224715, 0.6306409869502826, -0.550329644192277, 0.8300105921496577, -0.09066255921038385
95, -311.8152831313963, -293.9453644809178, -10.628991113711676, 7, 9.582439338938071, 16.237285338864794, 8.87893630110565, 6.103147598276863, 0.020995388636431436, -0.8721720575177215, 0.4887484994772971, 0.9119158688034176, -0.18369091690684725, -0.3669701558307293, 0.409839775864316, 0.45340219356684386, 0.7914908773878961
96, 128.32873689288033, -195.3998934404217, 14.72581536511869, 18, 16.276565432349802, 24.620332347338174, 14.474166936060474, 12.100430369904391, 0.3793983065690934, 0.8413784277950914, 0.3848886413153349, 0.8182574298913227, -0.11095088353481947, -0.5640431542625886, 0.43187000752558735, -0.5289350079961648, 0.730558727219069
97, 293.95031057390327, -178.71510748164388, 156.77404189103046, 13, 16.89364850388397, 22.65661958062718, 16.952672116015385, 12.552698175529123, -0.868667746195859, -0.26415884866450545, 0.41909002540176216, -0.47445299858929146, 0.20024782818578013, -0.8572019362066958, -0.14251560914031944, 0.9434621931901255, 0.29927978744352635
98, 7.565588817230685, -327.847564931673, -245.78831708176193, 464, 62.57409833973337, 88.50407470311114, 69.16230725561937, 40.026817606782174, 0.877604403293362, 0.2743469433517769, -0.3931211848700589, 0.3933211948788712, 0.05674086732565579, 0.9176485774163166, 0.27406011927888985, -0.959955326381738, -0.05811043255880673
99, -292.8798290961255, -116.33012812238046, -337.24159604528245, 13, 14.380464321636396, 18.124922540353502, 14.116458146150183, 11.622962128595859, 0.2948088290158545, 0.8531308041756036, -0.4304132726821847, -0.6792905594133297, 0.503903623432881, 0.5335217654258716, 0.6720506604611208, 0.13508874585952976, 0.7280789383822818
100, -40.48373860992324, 32.22070206859127, -97.74498823187317, 120, 38.72244704572951, 47.489577180116875, 42.4577811881503, 28.79604119406852, -0.5248355946859355, -0.19204518145176455, 0.8292564421406802, -0.7441907815923301, 0.5764297139282882, -0.3375038747830145, -0.41319206084296517, -0.7942590466476986, -0.4454490853898256
102, 350.984251706828, -180.2561596628986, 211.20669541270797, 9, 9.22527348036703, 13.72377163531812, 8.989179023753952, 6.364206110228146, 0.5359251881426099, 0.38413387420110495, -0.7518147108201314, 0.7628106539415188, 0.1613027570942377, 0.6261799476086009, -0.3618067149012299, 0.9090778774368274, 0.20657520133678378
103, 320.04472620088046, -113.58248656230235, -205.78527439071826, 106, 34.564221878077774, 59.47178315891863, 30.032546062226523, 23.11943630172793, 0.7534530115223925, 0.4384477121198746, -0.4899715942426508, 0.3657706898593985, 0.3397425381949699, 0.866479549776346, 0.5463701692695319, -0.8320688742391984, 0.09560871641590012
104, -58.16173694895372, 299.0551850912057, -143.39209231178936, 12, 16.370003334675577, 21.156793996109815, 17.869637659262754, 11.603278062031762, -0.7711181607463197, 0.5252274652019939, 0.35987899628166853, 0.5982140500930881, 0.40415858827912776, 0.691950710521672, -0.21798333064350772, -0.7488604311336732, 0.6258524764222416
105, 6.768396348929319, 51.62405959491436, 11.754017210962008, 89, 36.068257919604584, 45.87450560566998, 33.16131854051965, 30.844114920510997, -0.5269855512801195, -0.33751891806667417, -0.7799789796456635, 0.13612596901873505, -0.9394309498677149, 0.3145460395384961, -0.8389016326725673, 0.05958582363066405, 0.541011626789625
106, -107.05064788865901, 0.898732075741049, -344.7452968034792, 12, 10.70232212214564, 14.12105262110214, 12.377283299126638, 7.013610638094651, 0.7787325250567682, 0.37379096412882706, -0.5038412146245599, 0.4517552903417266, 0.22315304023272645, 0.8637823095451501, -0.4353077211203267, 0.9002683132103081, -0.004914484967393172
107, -31.127591422717444, -141.2389877307923, -316.6268933686615, 59, 27.374591544251423, 33.692623807335465, 29.442329779998698, 20.679304948674627, 0.29988488185464574, 0.951320689553488, -0.07111964048349291, 0.6319595241653396, -0.25395202509693043, -0.7322127619523477, -0.7146301263253196, 0.1746348034517857, -0.6773525433418065
108, -304.77257960128435, -352.07600251874004, -235.6164392007739, 18, 15.241836938806028, 23.930548860594225, 15.980644483278349, 9.259019182419644, -0.8951370670715928, 0.10745386791351573, -0.43264685070492714, 0.44421081358786785, 0.13335607421170906, -0.885941821206362, 0.03750178990489943, 0.9852257729785929, 0.16710413523507756
109, 191.75351894217002, 174.51466074881705, 38.61086086775784, 9, 12.047553360164745, 14.175395985585343, 12.686810362754795, 9.723193477867516, -0.7951945628980215, 0.46679470359747893, -0.38699911089144173, 0.5912294520598467, 0.738564037160468, -0.32399212649421644, -0.13458581706271014, 0.48644204968996363, 0.8632848835343926
110, -79.19368583760048, 273.15549216264907, -229.47044835907798, 37, 24.46494406957284, 35.87058479234312, 23.488715869686516, 17.3794068545415, -0.7578609751463116, -0.6518161081370062, 0.02797326443961141, -0.6315101293056605, 0.743668652340734, 0.2194353939319368, 0.16383436432760284, -0.1486361217835125, 0.9752259247818053
111, 160.4143342468813, 27.167229431004746, 15.140952099003846, 10, 8.518524513849604, 13.980232861132563, 10.872876728362801, 4.066626281371105, -0.3909986670499682, 0.8698108465109531, -0.30091383095006985, -0.47180598337492846, -0.47013471794460765, -0.745903788054975, -0.7902652443431666, -0.1496744409545026, 0.5942040098385337
112, -94.50726673986692, 244.26301081725737, 346.3889623756978, 34, 24.2520057357744, 34.313573122897985, 27.5418262259639, 15.093303634105244, -0.6567592742977081, 0.7459001548284604, -0.11090633278053538, 0.7453279484581451, 0.6644282859267712, 0.05496637251616056, -0.11468873035795837, 0.04656191455784145, 0.9923096710410454
113, -32.15332775031482, 106.30999772272492, 23.38234386102121, 85, 36.00304570082129, 57.410094826141155, 31.72264204131831, 25.624777928624496, 0.20908011957387276, 0.8432547724368602, 0.49518369557310166, 0.852975838202882, -0.40490537349270583, 0.32936887824872474, -0.4782444176789389, -0.35351524334771084, 0.8039336102438693
114, -211.2098991042183, 175.21597891282246, -218.8968831103168, 23, 21.351201126720458, 30.11608620560279, 18.252312002621863, 17.707225548337405, -0.6077648077582483, 0.4694216464611797, -0.6405195206113977, -0.2418013964483478, 0.6588877211739618, 0.712319489809041, 0.7564086350156283, 0.5878012323225117, -0.28694195955616286
115, -280.1956832490811, -128.50783016641532, -300.9053205205319, 7, 13.144252177213446, 18.045139006522366, 11.717966273971497, 10.739774735007435, 0.571425052557093, -0.1022595142776385, -0.8142581906556574, -0.7146089655086614, -0.5498443237353724, -0.4324410318998784, 0.40349403431124664, -0.8289838426626244, 0.3872703873000665
116, 235.30095562765797, 264.2547706818153, -338.35245678000956, 20, 20.531126993998278, 26.19726146770918, 19.965846437833676, 16.54606578505784, 0.34009469158688316, -0.9256342502453883, 0.16594226564405065, -0.839890277623549, -0.3783541273168512, -0.3891432588337383, -0.42298926973135004, 0.007027738965087302, 0.9061074376569138
117, 117.43959520527679, -330.08587722780936, -18.86149033344879, 73, 32.41352442669132, 43.69052730262716, 30.18280837162625, 25.82449483398125, 0.7405076388193169, 0.23596086330976798, -0.6292621932361334, 0.5775161718499046, -0.7022755003321551, 0.4162741799403999, 0.3436910067227138, 0.6716633030167183, 0.6563115870366755
118, 23.682149296736718, 87.92583832259737, 268.53888923813935, 78, 33.49030687941729, 65.83698396061696, 26.697725167830225, 21.37042680877462, 0.6354939239049823, 0.3167324645570385, -0.7041505652738431, 0.4366169577307529, 0.6047488716564949, 0.6660663889224092, 0.636799108747643, -0.7307252206717767, 0.24602346833664177
119, -130.77582710564198, 289.832315627249, 154.44731300051157, 126, 37.13238115952594, 56.44986095376502, 37.62022709623385, 24.108717608029743, 0.4986655154874334, 0.7423316836793357, 0.4475224855462069, -0.42610461429933705, -0.2396671987578585, 0.8723499822389947, 0.7548294915651249, -0.6257022496726091, 0.1967971885423441
120, 323.7575873791501, -255.15028140764076, -7.8764133853183695, 16, 18.319310584290854, 20.383708393330767, 19.696637086655404, 15.31271136279963, -0.46871087776487746, 0.3033663898968294, 0.8296257870545267, -0.5132749623987235, 0.6708344469069948, -0.535284931431453, -0.7189290132130363, -0.6767200147209712, -0.15871703007736226
121, -0.9726328193484157, -78.64666615479742, -10.099419275124035, 7, 14.086038807894125, 18.59942217753496, 13.781957131569694, 10.90325814751711, -0.9921969633088111, 0.01416563104033376, -0.12387300310399776, 0.11497981690757884, -0.2802582232633503, -0.953013625294607, 0.04821646715255623, 0.9598201202259196, -0.2764425964008219
