# Void_ID, X_c, Y_c, Z_c, N_particles, R=(abc)^(-1/3), a, b, c, vector_a, vector_b, vector_c 

0, -12.655560114917012, -281.2136648256625, -204.40837386040934, 10, 12.517022650905059, 15.607859219150722, 11.787261982205669, 10.65974557304364, -0.2700476609356928, -0.11470095674888942, 0.9559905602797815, 0.14913714732545813, 0.9759135497391099, 0.1592195174067377, -0.9512267721793711, 0.18557056328119317, -0.24643699789746581
1, -192.429903559447, 293.18660447473354, 346.7042551624788, 103, 34.819978112892144, 65.92653294904406, 36.41670877647596, 17.584278411233587, -0.5824961860160691, 0.7984861941756793, -0.15204601602005982, 0.80674741279613, 0.5450826258012416, -0.2281305393768533, 0.09928144450743664, 0.25554789915094794, 0.9616852218975052
2, 254.77341145362462, -270.06569749538306, -287.1184935751977, 184, 39.740101318705165, 57.91897842996961, 39.43439167424607, 27.478363933853934, -0.32735878381603617, -0.8537889909462317, -0.404821671353574, -0.05934542752941519, -0.40900456517473677, 0.9106005633084001, -0.943034647767428, 0.3221174081064854, 0.0832227643431966
3, -199.8634583013654, 101.5162347437714, -47.08451207785195, 62, 28.660080858461765, 40.547149003080435, 28.51314260603417, 20.36229967887233, -0.3585812086843723, -0.8723792836452365, 0.3322256796893922, 0.16642864576080357, 0.290447385630118, 0.9423066496904574, -0.9185428801360771, 0.3931853273549933, 0.04103992816839299
4, -319.6298763733002, -276.52847147221644, 325.0517949682102, 31, 19.38436711309492, 27.635847135748243, 18.25732439058948, 14.43593655245039, 0.5575140134538773, 0.6678426302913751, -0.4931169698641974, 0.5175260700712473, 0.18485243019332273, 0.8354617560656102, 0.6491108469276725, -0.7209825242106226, -0.24256815162695822
5, -147.54825524234434, -27.850765969830306, 107.45550874683958, 17, 15.649334659073023, 22.12302448957444, 14.82903320366153, 11.682352227458404, -0.9995322787035206, 0.0032521711227736856, -0.03040801231149086, -0.009716107355161725, 0.9090389498385223, 0.4165978695748929, 0.02899691513955502, 0.41669846539130106, -0.9085821745185869
6, 228.5802983972366, -165.60819088896633, 88.70009651590522, 7, 11.961635280089574, 14.848272964385128, 14.175147025087057, 8.131452959113567, -0.7447825515221372, -0.11770161592608684, -0.6568449440747512, -0.09161397631014405, -0.9569658662623761, 0.275360146269108, 0.6609885250840739, -0.2652596094717171, -0.7019483665413667
7, 287.2944859511876, 80.29327652973518, 125.5102700585155, 17, 13.753839529812385, 17.00906659477864, 14.011292845527873, 10.917247779608022, 0.13044502136468275, 0.6845550186808355, 0.7171948987548982, -0.9404487091911415, -0.14360003265421956, 0.3081156536147145, 0.31391132789672266, -0.7146771697910795, 0.6250569743611608
8, -308.1023082321018, 282.48346509715566, 175.28210865263932, 253, 48.056879336361824, 71.08806462713046, 50.15862441750982, 31.1260770828466, 0.14839823700859467, 0.7378003915502775, 0.6585047801504544, 0.6726822173875746, -0.5634067465066096, 0.47965766167275264, 0.7248976463358644, 0.3717841043120236, -0.5799137712777913
9, 267.1135583161375, -264.37684494174863, -141.91906626990064, 22, 21.36899166140783, 27.136665842907025, 21.152023892236816, 16.99979458172373, -0.9952227209035897, -0.08247719022480414, 0.05224221367703925, -0.09740808132023689, 0.8749440115325144, -0.47432546039286305, 0.00658798078063755, 0.47714828908423507, 0.8787981046481731
10, -293.27116779489586, -91.9229079456293, 5.134989925021119, 15, 15.510533732858878, 20.824962248558453, 16.443448092762413, 10.896903708305548, -0.22806434092225608, -0.9535158323820936, -0.19696246798915829, -0.9120021846289489, 0.2800447334054329, -0.2997114654528663, 0.3409379292946464, 0.11127670326066996, -0.9334767397636191
11, 83.66600922538892, -304.3592892724478, 131.0920339664524, 6, 8.549186028062813, 14.342182969140145, 8.431759686464419, 5.167028096113865, 0.6053879238430105, -0.2504739021907347, -0.7554920820143619, -0.6444695581693458, 0.402762763215625, -0.649954725469338, -0.46708077487524297, -0.8803663901400713, -0.0824049079465671
12, -38.7789785055791, 236.289502871051, -152.23329454508422, 6, 8.677388399631836, 10.92701403789972, 8.130431076260878, 7.35448111526511, -0.78864108195957, -0.5069601605845655, 0.3479032041038286, -0.6124598919150215, 0.697602373185595, -0.3718115244599954, 0.05420447067427187, 0.5063026017174888, 0.8606506555234964
13, 160.2208710423643, 234.138154566714, -174.7135421883036, 29, 21.79012788941343, 28.574128527560752, 21.622484968719085, 16.745601032150947, 0.12911883029310212, -0.9307981255784974, -0.34196955578427884, 0.4953505371694303, 0.3592897661360007, -0.7909100513180337, 0.8590437549913843, -0.06727342246009219, 0.5074624258413702
14, 40.38330609754203, 94.05445291863342, -343.80891440318146, 36, 23.681758331138067, 30.751300201749775, 24.05134918830039, 17.95721192325634, 0.4084309622882713, 0.8933504671931799, 0.1873742026267321, 0.7375148269122844, -0.2020248716171737, -0.6444050211882335, 0.5378252775101042, -0.4013862155253853, 0.7413724279047531
15, -322.3305228458382, 127.47546597588081, 155.01107863059923, 8, 12.435929640071166, 16.750302188587586, 11.78619089305528, 9.74178748813352, -0.19210887450806052, 0.6094871505269808, 0.7691681179545521, 0.16741485002842388, -0.7519247485576764, 0.6376373895063208, 0.966988339291228, 0.25126596635632303, 0.04241421726044579
16, 149.9083543573001, 30.0255846202332, 24.463214632082394, 6, 8.943646631864578, 14.36976424814184, 9.506013359471245, 5.237159872529064, 0.4779642061045095, -0.7264203945469423, -0.4938255036641491, 0.26478264528253476, -0.41689522711573473, 0.8695335073275228, -0.8375203689702532, -0.5463623156792431, -0.006917482601809496
17, 181.6790065873265, -105.2861585662505, -73.51530327389354, 41, 23.376433184176417, 26.377715545067776, 24.966147350447976, 19.39751201420631, -0.37718970184423084, 0.9129135054258248, 0.15593864317029557, -0.29681157536548286, 0.04033707051148326, -0.9540837539082258, -0.8772860522952136, -0.4061549610107997, 0.25574856811836855
18, -281.9154101437871, -227.65002730643673, -10.122342822799382, 8, 10.57568746481992, 13.115022385648972, 10.751196015580812, 8.388803231897876, 0.5838466847038786, 0.8006923099152974, -0.13421949784884127, 0.5390180804072479, -0.2586694675497723, 0.801591925827352, 0.6071100046567967, -0.5403535244634039, -0.582610942950441
19, 83.08093464946586, -138.70291982366138, 181.60830761684247, 104, 30.749486486723317, 43.38307383734831, 31.24461089077721, 21.44954884701848, 0.1905374740083201, -0.9805611829631966, -0.046853361291857416, -0.9323933658910126, -0.19569795681972924, 0.3038830711622676, 0.30714505081631555, 0.014215349534926735, 0.9515565362061482
20, -297.4397192521108, 175.97996338261967, 267.33039948997725, 46, 27.40269767776903, 34.15511496635428, 28.19924679136412, 21.36420311036588, 0.6937278156921146, 0.30126327385455304, 0.6542034527281892, 0.6575159503222946, -0.6356327839277155, -0.4045290336528046, -0.2939634208652802, -0.7107822478247035, 0.6390415505821544
21, 317.3151471560057, -114.33682643656135, -215.26249237654315, 41, 22.603407383224788, 29.24132723904227, 21.443548581797476, 18.417386417653464, 0.7671523183964443, -0.4532812803974614, 0.45388699168427216, -0.28396489958541876, 0.39449465096889724, 0.8739209953767966, -0.5751880181144283, -0.7993184917153896, 0.17392151281377077
22, -298.1647879927899, 87.06133600567536, 303.8675009569573, 70, 29.403655141501815, 37.85422648867285, 31.960052239077903, 21.01271183885069, -0.9836837068460335, 0.12197559717739938, -0.13224340656102235, 0.14292709302054254, 0.9762715287446359, -0.1626829685102557, 0.10926212045509708, -0.17892975117578633, -0.9777760138077776
23, -349.75329906531874, -240.99437172599394, -181.45081943997772, 86, 29.604073592494203, 41.76425486887289, 36.6966725889957, 16.928676307502837, -0.05586015779021628, -0.800780430903434, 0.5963475029324451, 0.01910715098037313, 0.5963133438232681, 0.8025243377990017, 0.9982557585874802, -0.05622363791523981, 0.0180095248829791
24, 32.44595208452379, 317.5685135878634, 140.7865898237002, 45, 22.982746757251412, 28.349701655747726, 22.326396720479952, 19.179561099314448, -0.36706485435557423, -0.062372705604882894, 0.928101846939466, -0.02482737642566276, 0.9980508703571392, 0.057254358429513534, -0.9298639653609228, -0.002026271177167843, -0.3678979480078369
25, -321.63627081455223, 145.77004556432098, 311.66942784575303, 6, 7.199484983788891, 14.073200699790794, 10.858069215816952, 2.4420739088937484, -0.8098415098378198, 0.35448641332840664, -0.4674356765472256, -0.4454725866202034, 0.1468653751586655, 0.8831674451367699, -0.3817209759935985, -0.9234554371192293, -0.0389763023057323
26, -351.0818217648878, 171.07670633440668, -314.66976479576726, 10, 11.662060836492238, 15.610139504994526, 11.780204596096823, 8.625142726147756, -0.2511504055914121, -0.45693558054309374, 0.8533073004521964, -0.19810151811806545, 0.8871674847859685, 0.4167608936282962, -0.9474593723693842, -0.06437180417142277, -0.3133321058192551
27, -265.761191326609, 180.505488644799, 254.883425210678, 47, 24.947267435141562, 35.309747013843634, 21.859092541323648, 20.116027168338285, -0.6123914043514977, 0.3675578998322129, 0.6999128218194988, 0.7804046664981784, 0.4224830458268426, 0.46095187655192466, 0.12627479710641812, -0.828498199309937, 0.5455688859859265
28, 215.1856078979434, 191.08763197594297, 302.3802531150663, 18, 19.39592065817226, 29.874384179863195, 23.670561704243244, 10.318668754979798, -0.8736235182215223, -0.10080132164674041, -0.47604731063678946, 0.09233467788165446, -0.994874797814004, 0.04121218187667096, 0.4777617143207907, 0.007951743759393523, -0.8784534786204926
29, -268.93804906013435, 266.0530737640539, -146.8043443411491, 12, 9.7289006679571, 12.667463605674985, 10.32575941117313, 7.040113174531008, -0.9790806451933378, -0.003657368093420517, -0.2034397057273398, -0.20195437711462463, -0.10444416132553003, 0.9738099643817837, 0.02480967093778953, -0.9945240272731656, -0.10152063536209127
30, 276.40238671161603, 60.02341797800135, 339.35679865526254, 87, 30.18802797929588, 36.8760124642992, 29.658712179994904, 25.15405400211947, -0.8121583369300412, 0.22458290636229128, -0.5384805975380134, -0.1059114154368593, 0.8508602335975927, 0.5146062912192301, 0.5737435035233001, 0.47497303192087986, -0.6672473387827752
31, 91.5117478262385, 67.87563538440665, 227.07250760189262, 158, 38.254286058098785, 58.35886315995825, 32.50326248685928, 29.512535674754787, -0.42614902548819855, -0.09879043231169055, -0.8992427139316325, -0.879238947906267, -0.18872661922891182, 0.4374027156741325, 0.21292224064230209, -0.9770479587400485, 0.006434730900853746
32, 125.40226595012045, 19.47880163637662, 319.2024764139397, 12, 11.667064207182152, 18.24993553027497, 12.456742913530034, 6.985844715716822, -0.07790620364733139, -0.10443920895136594, 0.9914752014381769, -0.9961327259797538, -0.032368002252094685, -0.08168172783648309, -0.04062284659406991, 0.9940044084730315, 0.10151364573678417
33, 100.65026404037214, -42.002863332559734, 290.42771057311097, 50, 24.893111947799635, 35.88777548956496, 23.234315275508962, 18.499549775514676, -0.9261408897733011, 0.20732978682058015, -0.31508318232944615, 0.3672655028186175, 0.3054544925162672, -0.8785292274255979, 0.0859017038789461, 0.9293610237677076, 0.3590389738902068
34, 8.756077281214214, -57.31371272448607, 127.54002161788073, 219, 44.273486737988655, 61.86301859594428, 39.0892903750046, 35.887423861059354, 0.4282197822211311, -0.09477278820232668, 0.8986912354812658, -0.5070185131414122, 0.7980111247985474, 0.32574602381246126, -0.7480374625955304, -0.5951439853633004, 0.2936725919106649
35, -27.21324290669455, -355.1484447428711, -51.36009421541283, 12, 13.297322633330552, 26.278543294438798, 14.540476293996475, 6.153365307610799, -0.628950632612988, 0.12739200492233058, 0.7669370109843384, 0.7749580423427401, 0.18157561651949208, 0.605367927870212, 0.06213802655403474, -0.975090545830199, 0.21292555762175386
36, 323.3140965845562, -56.59644035376713, -150.4722075172727, 18, 13.535713832144523, 17.816264597793356, 14.416799408774025, 9.65512681502827, -0.3930735863279816, -0.44724004354195707, 0.8034111644630334, 0.6456588610856786, 0.48785589385224715, 0.5874702221688938, -0.6546890795124065, 0.7496485645195444, 0.09700123133746384
37, 42.8020865444311, -2.3687265413428236, -12.982575460182261, 8, 11.683415477898901, 14.605913385135786, 11.365238740126724, 9.607318293875613, 0.535504227257502, 0.764012410540688, 0.35988923174937165, 0.2837707755101932, -0.5641427373604191, 0.7753819180570545, 0.7954303046500607, -0.3130942484672963, -0.5189052148716664
38, -333.03016971300724, -239.6094698809524, -44.56148989179106, 56, 26.982883615562557, 40.64921956252838, 26.289571116953734, 18.38354943973206, -0.9765883304770825, 0.08495550110786955, -0.19763045212592045, 0.203016891045055, 0.6677637584241072, -0.716153408764987, -0.07112928177892193, 0.7395093817977029, 0.6693776957045954
39, -61.31347743972224, 160.79737152472086, -313.126993670409, 16, 14.927036605141533, 18.390114270117405, 15.055807007356274, 12.012470289920941, -0.17387720421813443, -0.6387179041686264, -0.7495372951012662, 0.21348347098387369, -0.7674793535495832, 0.6044834567560898, 0.9613488053094792, 0.05490792993321986, -0.2698028794518058
40, -312.2227979491914, -191.12735151033155, -117.78079998894903, 59, 25.15228174695531, 34.928099251653315, 25.00269278706025, 18.22092541864681, -0.38133629002214, 0.671833672605094, -0.6349977561110762, -0.20310874007639523, 0.6092283661401614, 0.7665426521693157, 0.9018478106735802, 0.42128412531703735, -0.0958655941364213
41, -298.17954359908555, 330.8179467709944, -236.74076491640835, 57, 25.672619057725672, 40.72183876349571, 22.751318966994663, 18.26318719524988, -0.3501518387461043, -0.8368633710648018, 0.4207771238943225, -0.9104692162187339, 0.19852590888898453, -0.362812995657332, -0.22008974565110087, 0.5101442557452341, 0.831452549571757
42, -74.14284730462495, 342.1690747088903, 295.6886723973451, 106, 32.04405285404236, 50.23040128831728, 29.747041157256895, 22.02073933675553, -0.0037596453431939024, 0.08002400260272946, 0.9967858466462753, 0.6613786840440599, -0.7474435620941059, 0.06250086220382917, 0.7500427330219535, 0.6594878926041875, -0.05011604682580421
43, -164.57018109544327, 154.78566801295895, 298.29347336059453, 10, 13.870518670513796, 20.156518159887963, 13.572130935043074, 9.75471418202597, -0.9266119396864251, -0.37451656209465917, 0.03358061862679491, -0.3605857948678176, 0.8597067836318312, -0.36177635455755847, -0.1066217509240263, 0.3473349836889592, 0.9316599225767337
44, 180.49884498562497, 187.87664662479534, 1.2917533361122258, 16, 13.794041933574034, 17.080711165450012, 14.571180474621782, 10.545664233540833, 0.1903713492602502, 0.9608082551836294, -0.2015099157655059, -0.9422633495085838, 0.23643373915623647, 0.23714735326683536, 0.2754968775752198, 0.1447293465734935, 0.9503446146986438
45, 243.94452072021173, 201.18904307267888, -238.68893281894816, 14, 15.384426857028894, 18.23996334346924, 15.719227897651843, 12.699563455861616, 0.037147969261591134, -0.9993033883453415, 0.003573012910640178, 0.9935594170103726, 0.036550951706425916, -0.10725536256692582, 0.1070500502089945, 0.007534319536244225, 0.9942250855713596
46, -228.68190135657844, 256.3154438836223, -347.0480465230666, 11, 14.405188186679798, 24.10081497252567, 13.52915616825541, 9.167572857629033, 0.704434786406605, -0.4421955972565429, 0.5551888736882342, -0.5763797302033824, 0.10007651023954066, 0.811030886408743, 0.41419565221155746, 0.8913179824648465, 0.18437520392893986
47, -33.05019941912343, 22.10740706830039, 259.3676248072752, 16, 12.600827285957507, 15.862815805955229, 12.600465386218142, 10.009913157915237, 0.474129984194079, -0.7639527700241447, 0.4376950116925695, -0.7224663670193472, -0.6217087213711939, -0.3025237417077556, -0.503232656545647, 0.1727843480857884, 0.8467009285707557
48, -10.132182097416488, 69.93443391484018, 335.8106113749386, 17, 15.27693016248127, 22.301959044489532, 15.29537190622737, 10.45214015418509, -0.4055944839541516, 0.7369136520661703, 0.5407877439295985, 0.12383223762077196, -0.5418830164703622, 0.8312811638590243, 0.9056261323039428, 0.4041300110848985, 0.1285310959601664
49, 111.87995184991783, -156.16199946239965, -280.91564973269345, 11, 12.94834434861777, 15.792595290354887, 13.166186078391766, 10.440690618503089, 0.6541871231402162, 0.5811505484965246, -0.48404880735284955, 0.23379433017191462, 0.45326910332329606, 0.8601670367736495, 0.7192909140931734, -0.6758780658925725, 0.1606531074966268
50, -181.09445295479009, -243.56553936875676, -333.70722208435564, 9, 12.635771338288537, 17.13768263949706, 15.120450309133881, 7.785534848619163, -0.8367114014814017, 0.07340563257807645, 0.5427021685389152, 0.42621290338714085, -0.5349839287576424, 0.7294756726288693, -0.3438845614698806, -0.8416672793193583, -0.41634072501476166
51, -283.88568895100286, 113.97880192577055, -80.94162056026897, 17, 17.234617538772945, 24.828423611789376, 16.46937536581272, 12.51926049611487, 0.8925106086667527, -0.2463299154013198, -0.3778179273084872, -0.37994511025865585, 0.040760338978021095, -0.9241105496405366, -0.24303606030348823, -0.9683285431839626, 0.057212811916421746
52, 330.1980443772117, 199.96987285794685, -346.78685914451944, 55, 24.555021163078226, 37.718325010275116, 20.495719127224852, 19.151613958427447, -0.46084315414975013, 0.8874808000685701, 0.0011902869234304168, 0.8082377020874134, 0.42024772491364004, -0.41248474714753625, 0.3665725087861416, 0.18912873714631365, 0.9109637295675799
53, 29.5788233954511, -243.7152886401929, 128.20582034699794, 10, 10.965468843927585, 12.962081905913198, 12.56203936277205, 8.097420718236622, 0.24379239729324106, 0.8129280731857605, 0.528879206292421, 0.9243715245868321, -0.35977033140913256, 0.12689599351744107, 0.2934323628283492, 0.45794459977627494, -0.8391568339593733
54, -75.57963668471994, 227.5316130764647, 116.03590348685418, 39, 23.64911392045016, 35.28949337284847, 22.166045055375474, 16.908729823317, -0.09305557543946812, -0.9358074657750126, -0.3400074218004334, -0.6337009292054409, 0.31905922349915206, -0.7047157896799808, 0.7679608012156549, 0.14988528580173124, -0.6227123002609976
55, -346.54442121257813, 33.58421257645983, 305.36618570994614, 11, 13.588294601227503, 19.03640042088991, 12.31161773143896, 10.705203028003284, 0.1036057629768998, 0.5961533056061759, -0.7961576992611475, -0.7484717655404327, 0.5738915872519047, 0.3323228283917264, -0.6550235584059283, -0.5614709986244322, -0.5056623929430767
56, 333.08530558613063, 290.5742894335276, 257.6103698536932, 82, 28.22687434605062, 47.30851542834386, 23.370548718925065, 20.341367247402317, -0.24440846335066735, -0.24870795043597296, -0.9372346869554622, 0.2914014925144282, -0.9407095703601844, 0.17363949548740637, -0.924851162729944, -0.23067262434605149, 0.3023912485082464
57, 104.65831551475968, 270.8929966971938, 120.20045867709915, 86, 29.469867100712335, 44.309738421573236, 30.457810161809277, 18.964293598985208, 0.289475013466305, -0.9455170119022214, -0.149002673741706, -0.2213026835384022, -0.21756098529150703, 0.9506273402010329, -0.9312514906497517, -0.24220817055269486, -0.27222392121217465
58, -8.711867337127158, -296.4977299626737, 72.28411598515953, 31, 17.263388862870357, 21.664317995275955, 18.889858963099382, 12.57200145590227, 0.7072365870093618, -0.013994083792911402, -0.7068384367124827, 0.42937089698758524, 0.802793417257647, 0.41371894086186806, -0.5616556265323314, 0.596093025312817, -0.5737735288055626
59, 335.2933028198244, 212.9023366180989, -4.054064955884507, 10, 10.886565364537631, 17.531317778526816, 11.55818767124851, 6.367491143919132, -0.9097388005636196, -0.4082741396481534, 0.07541579173904492, -0.4107253573055532, 0.9115442017243851, -0.019795180445731524, 0.060662967412519246, 0.04898362172414047, 0.9969556706230692
60, 18.665539080745475, 329.6823940452639, 301.21252829771385, 82, 28.36734519936351, 43.35054117107621, 24.460220981040628, 21.52787589472065, -0.9807697291967532, 0.14830719015994678, 0.1268688915305444, 0.19117691976003134, 0.8608340375712585, 0.4716101622206966, 0.039269882128599505, -0.48679537498381237, 0.8726328777051524
61, 55.845660841173824, 168.43320403548992, -3.769878510157706, 55, 26.759073770231716, 41.49921215183851, 24.645749893567324, 18.734035622783015, 0.0033257980195964447, 0.9783228196610637, 0.20705892783929608, 0.10973828413859538, -0.20616658313264882, 0.9723439972528887, 0.9939549527326929, 0.01948847171623139, -0.10804513597712712
62, -38.15266108501371, -344.3495327619718, 344.592178659028, 61, 25.982123267485708, 38.629707020298795, 22.683528177993956, 20.016673117906826, -0.9733086936743951, 0.21257791535574952, -0.08649171475260775, 0.16232263241535436, 0.37123176952357345, -0.9142419462604777, 0.16223917475009555, 0.9038791972378805, 0.3958293154593439
63, 329.38658494690935, -116.03898027739514, -26.454528330725445, 8, 8.08981785729845, 11.675428714063392, 8.506948787149506, 5.330519983718699, 0.5637647273131744, 0.26236305269523824, -0.7831570473525331, 0.7635896004802133, 0.1958399690613862, 0.6152866230924443, -0.3148019286408051, 0.9448874721883398, 0.08993003183341301
64, 40.73845327371763, -256.92454262249237, -333.63359294678804, 69, 28.149704834043764, 36.51877336309042, 26.09969182259595, 23.402916080233382, 0.4615157970663959, 0.36520549562050925, -0.8084727051835129, 0.6406304012445556, -0.7676154246652797, 0.018953860218492793, 0.6136740650047146, 0.526679699423206, 0.5882283877509403
65, 10.111607497747862, -335.53202382929027, 295.6102539871704, 17, 12.508491976399165, 22.969652441056088, 10.908833130933846, 7.810559417524889, 0.34340064509082713, -0.3218484776317574, 0.8823205508188755, -0.7893576106268995, 0.41014676386071314, 0.4568305973114943, 0.5089111508864735, 0.853342363615393, 0.11320888199562537
66, 14.643372624374898, -174.0134888608233, -54.078958572180866, 42, 23.77537744537756, 29.421346314002367, 26.55319774075893, 17.20294849843875, -0.3225340482599274, 0.8541021520818722, 0.40802120229490196, -0.311067749179869, 0.31147486757754456, -0.8978976903231912, -0.8939846996080151, -0.41652481399871644, 0.16522238404677994
67, -88.01181093662301, -62.00721196359446, 244.83450463554814, 20, 16.107188366532665, 25.1785969831106, 14.329561237475202, 11.58229957156781, -0.8084119967390194, -0.4369025443000349, 0.39444417895639916, 0.08304493420287853, 0.5787599538909493, 0.8112585621584439, -0.5827294247175712, 0.6885877449942763, -0.4315939469130979
68, -312.3016908914424, 55.590457119335, -120.1524495531088, 10, 14.512390567695121, 21.64394719075739, 12.575174215006907, 11.229654578710651, -0.9119995164458279, 0.3641726668697085, -0.1887727488478685, 0.3809827264911854, 0.9225809301659762, -0.06079958395766019, -0.152016591587624, 0.1273683477127923, 0.9801368577311
69, 235.29124476664305, -106.58573661313854, -327.7298146060871, 9, 11.057685036542646, 14.13297765505882, 13.301299231737545, 7.192252245068872, 0.5521128768353951, 0.01610914804404489, 0.8336137394392196, 0.6622071566302846, 0.5990275669877302, -0.45016403198877863, -0.5066093691792303, 0.8005663428711299, 0.32006324019132015
70, -128.15317913440506, -254.43196684681823, -141.16635325755422, 193, 40.79945750874725, 60.256682773325046, 34.77900443402618, 32.40714708240194, -0.5467756987514417, 0.5625760255299235, 0.6201165622315112, 0.8074313874474882, 0.5502769536075162, 0.21272007167415097, 0.22156464027344036, -0.617011742049844, 0.7551196066538848
71, -73.72001602624033, 95.84549993831163, -135.3013516271038, 8, 13.654724942355742, 20.12619008944536, 14.826425033998907, 8.532000111391575, -0.655445425260366, 0.03123918482155818, -0.754596188591582, -0.11886484970105855, -0.9909588987100966, 0.06222225142838629, -0.7458300356051657, 0.13047825259006593, 0.6532327177891815
72, -8.880129162424732, 268.3864599523258, 241.9215024252405, 17, 18.634397217406697, 24.029796273998972, 16.90611217885032, 15.927668611993262, -0.280463450447852, 0.9338212827261152, 0.22207670947363733, 0.22776581859525546, -0.1600092185473354, 0.9604789335844406, 0.9324499905316735, 0.3199607193197695, -0.16781583134453565
73, 317.90552219650874, 227.6958249674455, 268.2947335907901, 61, 29.45933194765012, 44.71328958033555, 29.42218225103138, 19.433775372925627, 0.8697698341383059, 0.4772072438827553, -0.12559331992127803, 0.3639790963368071, -0.7922800600286227, -0.4897055481724535, 0.3331961180038943, -0.3802177703196766, 0.8627947577960061
74, 326.59516334377184, 117.44321855665011, 232.8738001999216, 46, 22.584423263431436, 34.29241304180729, 20.167483733995006, 16.656250821246296, 0.46210538743303375, -0.6151759364310949, 0.6387622234771646, -0.7350671853774204, -0.6686488199307301, -0.11218283552557852, -0.49611978784027944, 0.4176928570628978, 0.7611818660950547
75, -250.07847300315055, -126.76174413977438, 351.62827941048187, 11, 11.777625629922667, 16.323933352190647, 10.750143819825798, 9.30966704636504, 0.08999811826438636, 0.7895050822782932, -0.6071095978203729, 0.868427641754432, 0.23622228206340326, 0.43592713209158496, -0.4875795009490269, 0.5664633779102617, 0.6643684758782537
76, 279.2293269816936, -221.4972055279937, 161.72016240338291, 157, 38.29406936334487, 57.66025308575182, 40.34165449560086, 24.14150322659094, 0.28366011589937845, 0.8945722776805038, -0.34536557247859345, 0.8936157072427617, -0.37724268484679785, -0.2431849594415701, 0.3478331588807629, 0.23964222652757766, 0.9064125423050672
77, -119.37978613895092, 44.798521636240366, -84.21848120840593, 6, 9.427185499781599, 13.183132644076418, 9.340404476819256, 6.803961591355454, 0.5505725925652368, 0.39243366287673864, 0.7367941643071965, 0.7732728931625261, 0.09278061600245271, -0.6272485870803232, 0.3145136769936249, -0.9150888358707867, 0.2523758495747923
78, 146.48524330177082, 191.88825144776735, -236.63142089215, 64, 29.80181748179614, 45.62758099287465, 27.360686269759086, 21.201853084676383, -0.10228163900792164, 0.970080393462938, -0.22018741231197772, 0.9630775706034164, 0.15198298408933766, 0.22222233359390695, -0.24903826879111174, 0.1893282936227226, 0.949807737340265
79, -313.1932024719263, 8.756893726210949, 268.45017625933065, 14, 11.952186549183056, 14.520029836546742, 12.202272995615008, 9.63682212937758, -0.9145454137272276, -0.38580519325328727, -0.12149501672615183, 0.06650939536180554, -0.4397175617060512, 0.8956701213370313, -0.39897767676788803, 0.8110504415793623, 0.42780134952430915
80, 125.54339946314266, 154.87156743694993, -221.44396935272962, 8, 9.968364074584397, 13.661819947148558, 12.477311676144586, 5.810882489721175, 0.23818306874540804, -0.9079870664912976, 0.344714828296591, 0.8596314928417013, 0.03190979044381722, -0.50991711266497, 0.45199836534855803, 0.4177813451536097, 0.7881346492598025
81, 175.4867852471301, 266.47890137858565, -22.455835115323797, 27, 19.261858130757908, 23.332095315732943, 22.381212142844532, 13.685390489959946, 0.3837806018965241, -0.7078277536080186, -0.5930365257133557, 0.12688997051412113, -0.5956988229289577, 0.7931215844648156, 0.9146646297910875, 0.3796350663245965, 0.13880141002832813
82, 1.0008159671800014, 295.9451215498931, -323.07296004438274, 15, 14.59754618468267, 20.757309179483244, 13.53897413252409, 11.068346876878818, -0.9911987490821123, 0.07081526498949443, 0.11184917551114709, 0.12320457243362212, 0.8025700249885764, 0.5836968291170376, 0.04843214995748262, -0.5923398967099053, 0.8042311692642823
83, -57.465963576343626, -341.09898164194243, -244.23881594799664, 87, 31.462161548033947, 41.250550961233444, 35.83466085990514, 21.068451552249893, -0.6867799532770756, -0.1404163047174595, 0.7131735813574639, 0.686418386359787, -0.44802420969505713, 0.5728037241449689, -0.23908804789023563, -0.8829255738150373, -0.40407837910413313
84, 265.4048351741917, 176.2309292638203, 184.97268571361084, 14, 14.360591764272176, 20.26885226981507, 14.12432292119207, 10.34475510466023, -0.07468774825658615, 0.6596243703465021, 0.7478752772390203, -0.8668018481832176, -0.4137348732897025, 0.27834872122952525, 0.49302768304276684, -0.6274704333025856, 0.6026645493842712
85, 217.71540590671094, 179.44229132875662, -63.793464481118356, 31, 19.62843881358072, 24.796752919441005, 18.18337049404759, 16.77212433039435, -0.3118019057012487, 0.915547778802086, -0.25407053416647135, -0.11273446760150682, 0.22986441751898867, 0.9666712416190215, 0.9434354834410639, 0.33005244172589115, 0.031541627971666784
86, 284.1734645140494, 99.6672972702163, 320.6617500975609, 8, 9.896427454315077, 14.212700056533235, 10.601548226454291, 6.432643038771974, -0.1961966866169111, 0.8860572607667789, -0.42001117937861826, 0.9473489810185247, 0.28182268187320286, 0.1520061977189034, 0.2530548721595938, -0.3680740504630386, -0.8946981195084877
87, -76.82348286585376, 46.69991921134867, 210.92884712834763, 35, 20.46910662239196, 22.27899347535134, 21.42677363089248, 17.96570718138853, -0.24662963370839788, 0.6082105263749104, 0.7544890849996544, 0.9617900127108512, 0.05810768783582565, 0.26755087004910816, 0.11888563927793758, 0.7916460397305907, -0.5993018876595902
88, -190.02352555258585, 350.2812657328249, -73.1784256221673, 23, 18.624293635062276, 32.26669146120733, 17.03422332500308, 11.753376752791798, -0.9587940968008654, -0.16577464460300798, 0.23072201270481102, -0.28397346619688846, 0.5836223986488214, -0.7607522371255446, 0.008541102735435591, 0.7949236837597313, 0.606649311020726
89, -263.9622566743561, -144.64707432723657, 172.4133336982287, 5, 5.142966286024204, 12.298339842056336, 6.881711926428872, 1.607304103754209, 0.9349498236622746, -0.27915042175079, 0.21896088525176752, 0.2467924174832052, 0.9551123388545872, 0.16387166576475426, -0.2548770878417224, -0.09917389880445412, 0.9618743202150929
90, -348.3833878974178, 325.2519269373001, 320.4471975457636, 67, 29.096475365106887, 48.139845524100664, 30.48275266012285, 16.78658197850976, -0.0843584670745051, -0.9654393410826809, -0.24659790697140682, 0.16117270578952633, -0.2574416789500953, 0.9527576506372639, -0.9833142976390217, 0.04062832299265075, 0.17731985627526983
91, -230.41650162606788, -137.0821328956683, -75.98188933269435, 12, 14.17834560116633, 18.420849509262855, 13.362652559640388, 11.579087705511386, -0.5549215923780383, 0.11692216174941251, -0.8236450900748855, -0.18061138863915957, 0.9495257937084834, 0.25647669168193193, 0.8120600671172403, 0.29108413762023877, -0.505794891452479
92, -248.98808863142472, 321.0434051959556, 92.36829968121398, 38, 20.941761959581616, 28.895842498177863, 21.761590254858326, 14.605407078417384, -0.5567797413949078, 0.8026463296368435, -0.21390462616017308, 0.16683782536613925, 0.36032166290389017, 0.9177872516380214, 0.8137330395156125, 0.4753179659582407, -0.3345315704653351
93, -224.16083625257534, -147.7243877924065, 221.74927042737943, 9, 7.807431343943169, 11.064543142975245, 8.02557078880833, 5.3593868378236635, -0.5086550795596048, -0.7892172932920597, -0.3441018366806068, -0.8587108056807565, 0.4361035004612622, 0.2691272730373858, 0.06233588248607682, -0.4323769198907231, 0.8995356785033561
94, -152.00990902296977, -95.46948144642364, 281.9005043353842, 22, 17.821116553777085, 25.80942505723409, 17.842316300193055, 12.290658945843326, 0.7838706626429419, -0.36214407368247575, 0.5043792760853448, -0.5170211719530231, 0.06915927920640368, 0.8531741333701891, 0.34385446339990616, 0.9295529377051703, 0.13302422337172376
95, -268.81382857648487, 338.941395648713, -264.5809651671208, 27, 23.09141728361993, 32.701718884622295, 24.015162967708708, 15.678180113509754, 0.41071380892658166, 0.5946524333838981, -0.6911603653477447, -0.24919043823684042, 0.8023959195631518, 0.5422775246677068, 0.8770509065318565, -0.05049031331861292, 0.47773678486446597
96, -42.738851364261315, -35.73970151637154, 130.75899958802015, 21, 16.067967014168406, 23.683055824853792, 14.260024107909683, 12.283575402377512, 0.32357017166243834, 0.7177975135282033, 0.6164974238251683, 0.39368783132752516, -0.6946034576262436, 0.6021095648786003, 0.8604139907480414, 0.04788283853737189, -0.5073411064546549
97, 151.94081626518764, -90.82765667331375, 52.280771527366085, 6, 10.0889101686099, 13.331563242534406, 10.697451970126556, 7.200644048321821, -0.9635046934783077, 0.2461806080432541, -0.10513711936669258, 0.2676412039873214, 0.8935226885775922, -0.3605348678356758, -0.00518570858124948, 0.37551606253331526, 0.9268013785088938
98, 295.3796419334443, 169.9491482334443, 258.99285001279407, 10, 7.554773232708565, 11.655943035464778, 7.64803106738374, 4.83690145085236, -0.8567877045966965, 0.4230058565839133, -0.2949252016149752, -0.1100604701700355, 0.40874266372022655, 0.9059890329142205, 0.5037871794298407, 0.8086998702550926, -0.30364946515928826
99, -79.4647370564078, -187.95926447550093, -83.07052794811752, 54, 25.57394642913586, 46.42533730854604, 24.599470205197534, 14.645777486369708, -0.4431041083316351, 0.4518853110877024, 0.774246998575259, 0.8766948997856927, 0.39883216866336857, 0.2689590190512829, 0.18725597952904321, -0.7979552411397797, 0.5728897199882145
100, -185.82044350863373, 314.5025854835276, 117.29343856747407, 8, 10.62599902008376, 18.151968096574468, 9.482374822443045, 6.970572951700271, -0.07075099175354493, -0.8662103599891597, -0.4946452359149332, -0.9967444863761165, 0.04217301336227048, 0.06871583385768879, 0.038661687039000324, -0.4978966250050263, 0.8663741828816822
101, -233.878540205658, 228.9987732966162, 180.13358597398053, 49, 24.060848894904016, 38.437147270384706, 23.41655363457014, 15.475999672205191, 0.8381899969699946, -0.44897543628869335, -0.30961037868394825, -0.39769675174456875, -0.11470892161737772, -0.9103181624867194, -0.3731954215036124, -0.8861506197654865, 0.2747039432880156
102, 154.5613379600947, -86.0293099361195, -127.1420677244641, 7, 9.62758268874336, 14.443081746105765, 11.31669768752736, 5.459742851860311, 0.5620476187992675, -0.7054268500517271, 0.43182801371399204, 0.029058954454809646, 0.5386151369469493, 0.8420506584627864, 0.826594248327477, 0.4607240969145386, -0.3232263218771271
103, 200.2702735985443, -109.71855698620871, -115.08873271757955, 28, 18.646858412616172, 26.31726990919713, 17.358995925324884, 14.192260816983914, 0.22372638031180173, 0.9746519889203138, -8.512494214634765e-05, 0.35595663939959354, -0.08162672006429066, 0.9309306899221305, 0.9073265000097406, -0.2083040543657824, -0.36519589717691453
104, 172.73630285479797, -332.7717257582595, -47.16277795154573, 14, 17.315994133594774, 23.241188337675343, 16.436339104844325, 13.591859206678286, 0.534753518939841, 0.8068308370745677, 0.25112282717230133, 0.47589926392719106, -0.533132074983346, 0.6994927313543077, 0.698253939892225, -0.25454703095794345, -0.6690644546345897
105, 1.4096696482217759, 294.07473790557106, -346.3005484985329, 15, 13.982648461098435, 19.191353037701695, 13.508914599536542, 10.544895170118972, 0.7775249448973798, 0.10371011993399445, -0.6202412200794162, -0.48582396013436774, 0.7253156950252675, -0.4877419628342155, -0.39928691416284284, -0.6805595885543675, -0.6143359069800695
106, 250.82827884324453, 111.54530592469774, 302.7060477426925, 12, 12.800061062989936, 13.815605095646134, 13.341586783623587, 11.377811331835685, -0.5143443695944795, 0.21430926570948486, 0.8303742578485432, 0.29273905723632077, -0.8662371805824118, 0.404891332761056, -0.8060730201630918, -0.45133655469914535, -0.38280752416515673
107, 327.95499989365567, 311.18533832857906, -20.82791624799412, 109, 32.950770723974415, 50.76315920184717, 29.7688958097486, 23.674747922381798, 0.8849519558182575, 0.4567958204513496, -0.09054067766269103, -0.28152141154033833, 0.6796511177902657, 0.6773625712502706, 0.37095246425623923, -0.5739441928485909, 0.7300563901217516
108, 27.758592830434115, -90.30688880724277, 301.7523275846913, 6, 7.927881991596125, 13.605084037188826, 7.673777314716416, 4.772666738228171, -0.49342232662570784, -0.4428486785104582, 0.7486116854076045, -0.8689580309780445, 0.288615584902036, -0.40201117465863473, 0.038030882004401426, 0.8488734252485446, 0.5272262891024792
109, -77.33432837112588, 46.983855794396895, -13.488421322465696, 15, 13.265441026417669, 16.436655279505587, 12.336731009333878, 11.512020049213914, -0.16355591683867324, -0.9850178791818004, -0.05467394040353342, -0.036472177094663064, -0.049344967567283016, 0.99811565185291, -0.9858596463823015, 0.16524179818669388, -0.02785508511908647
110, 19.87168055275834, 124.67666377926311, 344.4406773327685, 34, 25.808442026556513, 33.69708363248242, 24.39030091459956, 20.91586792832416, 0.83965259876037, 0.17893394798943893, -0.5128022578459166, -0.16577690583759072, 0.9835494136472255, 0.07175352538456635, 0.5172055016005455, 0.024762737552856226, 0.8555029374251245
111, -158.0382755354116, -55.78898007331799, 37.02257142192019, 36, 21.541702741793795, 25.067291339818308, 21.40769749752201, 18.627849400906307, -0.1047619579956666, -0.06977097534564848, 0.9920468452428197, -0.9013589507738402, -0.4148331092516041, -0.12436049746011982, 0.42021063053758667, -0.9072185527578035, -0.01942996436539274
112, -277.15745085976783, 175.89265417517814, 163.66706944156334, 14, 14.968564923764994, 19.663277761446434, 14.556497923646003, 11.717303504757393, -0.6378810963966245, 0.40972348740794673, -0.6520999698866043, 0.7353806933006294, 0.07255446932769241, -0.6737589219455744, 0.22874208790803308, 0.9093198077941816, 0.3475838666748305
113, 283.58223676320944, -348.1403842931862, -237.10882713389523, 36, 20.21810622996535, 29.467144984212666, 20.680781187859246, 13.561771499396432, -0.9980219769084798, -0.06225799226554163, 0.008722156083984222, -0.03647111486391776, 0.6864009863005368, 0.7263081603467175, -0.05120538436797969, 0.7245533992775919, -0.6873138876867062
114, 39.58753897990653, 244.86278033876326, -8.667876145626208, 29, 18.520616487030036, 24.747948277317917, 17.66216143625697, 14.533936772797277, 0.8548324550628204, -0.10235117292668984, -0.5087098496901764, -0.4275337735502514, 0.4166557463094555, -0.8022548607152175, -0.29406860805797136, -0.9032841338514933, -0.31241227134510047
115, -114.51078091518305, -210.8063185643788, 19.249440840600162, 6, 8.858363920691712, 15.763003135720414, 10.723938734958777, 4.1121340916723685, 0.5973441369320325, -0.5709191780814268, 0.5632328773888766, -0.6306640203773957, -0.7682399494039369, -0.10986479664231073, -0.4954219166269755, 0.28958361873328337, 0.8189618136927939
116, 344.3891914971061, -206.2290588126972, 256.27189322569427, 51, 27.26522879257206, 33.75864884318763, 30.485944508201147, 19.69439881560962, 0.4258040884892, 0.8997136670207388, 0.09594892183853082, -0.2364881213884689, 0.00830680375505491, 0.9715988706526617, -0.8733637539238935, 0.43640155177023543, -0.21630866590244446
117, 181.85729507188947, -323.711484351989, 34.61755120378929, 16, 14.96509363472399, 20.682129250494842, 15.630319020302094, 10.367528202793139, -0.9308298154887777, -0.16748880660336798, 0.3248127987929473, -0.3474061572866117, 0.12968778663995517, -0.9287034186842318, -0.11342317433610362, 0.9773067981238078, 0.17890390119981417
119, 192.2415610903809, 176.50255848075273, -258.42845406648905, 55, 25.00246907683695, 33.57928103985203, 22.270641078943278, 20.899918106759802, 0.6012981967333749, -0.4260682327717076, 0.6759484740925049, 0.4128508365751344, 0.8899611143126144, 0.19370958094699764, -0.684101356046314, 0.1625886712973653, 0.7110346395368876
120, -56.35219615061735, 229.02369906074168, 105.42910301061553, 5, 4.738648970205926, 12.53723037645622, 6.138466820304333, 1.3826176468252092, -0.8949371513206863, 0.040356295581683424, 0.4443634375068889, 0.44618598991361685, 0.07568050450123372, 0.8917345589598087, -0.0023574543093603543, -0.9963151261751286, 0.08573570880220618
