# Void_ID, X_c, Y_c, Z_c, N_particles, R=(abc)^(-1/3), a, b, c, vector_a, vector_b, vector_c 

0, -251.44908384105403, 187.60153790129317, -336.0659123217327, 15, 14.758517658269513, 19.189659048246984, 14.512345929939826, 11.543123366262343, 0.3685942099177791, 0.7994476816263073, 0.47436453572902193, 0.4455058044830337, -0.5997920843847071, 0.664660841092187, 0.8158816621220341, -0.03365798347748249, -0.5772384720037433
1, 8.750823283533892, 32.632047836738245, -102.71724988931773, 7, 10.680935899298234, 15.671796253853953, 12.320741946271761, 6.31062375206666, -0.22555186031378943, 0.10069469548243062, 0.9690133830916317, 0.6003287928285415, -0.7690001036143427, 0.21964558074806867, 0.7672885368686376, 0.63126810385353, 0.11299947896850676
2, -30.077523038845158, 311.2106632508868, 225.23042158589138, 48, 27.093326822403856, 31.191127717270177, 28.443728514511143, 22.41658262615732, -0.34783538570336386, -0.935457491045186, -0.06268833145041948, 0.900002198487444, -0.3518900613147345, 0.2572341879799025, -0.26269104889653355, 0.03305551686719357, 0.9643136137348064
3, -183.59422733382488, -269.63037538553374, -275.27176142570227, 20, 17.40653040335488, 25.57504490664617, 16.375532685691855, 12.592872255790324, 0.08835816629217019, 0.8650590753705665, 0.4938275311973864, -0.3960404976374746, -0.4243864068246854, 0.8142776565358367, 0.9139719682137668, -0.2675237817866902, 0.30510042198922055
4, -336.38505936443204, -111.06452025533713, 280.54968841469605, 7, 7.803621049556629, 10.993829259672811, 9.130842788114593, 4.734004445618863, -0.3925090674256406, 0.4945810395713095, 0.7754522727319952, -0.8797983357199314, 0.043887190045752325, -0.4733168104074977, -0.2681259414027158, -0.8680227588297732, 0.41790545545668195
5, 277.52666400149445, 350.33807832520137, -256.8157524204375, 13, 12.919309236821224, 14.814844408088188, 12.623139211123537, 11.530640034681296, -0.9743680585536186, -0.046043126238121145, -0.2201974500230931, -0.18420466039197422, 0.7251758273867954, 0.6634671525130345, -0.12913376615095448, -0.6870225978089065, 0.7150695214729628
6, 8.714112354724357, -354.2841405583665, -314.79445189024545, 12, 16.247438717519028, 25.849183608223434, 18.506634687991877, 8.965622297555804, -0.9988749632817523, 0.04735900926380301, 0.0024355636778893965, 0.008887347538089663, 0.13650370675076676, 0.9905996936689603, 0.04658135659912921, 0.9895068783413543, -0.13677103104288224
7, 351.94168459723414, -178.98652363534538, -82.78024134909542, 5, 4.423353049540493, 7.118222011989552, 4.512754897713245, 2.6942726117130418, -0.7096170425720539, -0.20761270036137935, 0.6733057400170801, -0.12198652325984566, 0.9773726907172607, 0.17280599406003525, -0.6939473618613066, 0.040491852128025294, -0.718886269779146
8, 126.8960854112094, 11.67457373206028, 280.8643273019789, 6, 10.448036126229029, 16.03099367321977, 10.801131953640462, 6.586797050204772, -0.6189812094108539, -0.4113326880984324, -0.6690797277589526, -0.7842060078917878, 0.3707469161409108, 0.4975617161301999, -0.0433958475283273, -0.832677695073984, 0.5520549397873145
9, 244.16426516011944, -120.92927339290819, 285.7596207567151, 17, 15.780547879086834, 22.22327392189339, 15.648715500698158, 11.300027421594114, -0.08326620240253231, -0.8379370593843649, 0.5393776265732052, -0.9883974560577773, 0.00044701811276889674, -0.15188900234487393, -0.127032312408988, 0.5457666943714052, 0.8282520793326961
10, 201.6490404185204, -182.93763880009288, 175.33875804272245, 7, 12.958374635839737, 17.43302300135626, 12.009616110518287, 10.393211523240742, -0.006585721803400778, -0.1558175724283669, 0.9877638950634199, 0.8972031584496094, -0.4371054891744708, -0.06297049945483663, 0.44156893090023097, 0.8858101802621583, 0.14267867327512437
11, 252.75353671963336, 53.00469117178572, -354.54490900166934, 5, 8.023497441445597, 19.904271955790488, 5.522541963875092, 4.6990042073596285, -0.3878976565176836, 0.8966704158487713, 0.21334847880798422, 0.9181519686591831, 0.39620685321327004, 0.0041342368225307105, 0.08082308157547165, -0.1974899866029424, 0.976967417407671
12, -96.11305122243834, -211.12260138861808, 218.85939755253744, 32, 21.744728009614313, 34.97178147635358, 17.94122040609106, 16.386726366072583, -0.693495524107348, 0.17220072239539416, 0.6995790657599605, -0.35008702526997876, -0.9292147668221692, -0.11831733540457573, 0.6296848678352456, -0.3269660966004391, 0.7046915203783721
13, 102.87486928943954, 352.6748224120648, 192.51019465732887, 15, 17.797446849873225, 26.51282146129387, 20.71246660860091, 10.265623813066133, -0.1950486342854994, -0.0018895183887457855, -0.980791751588287, -0.9792395082982351, -0.0558962210221392, 0.19484762729701102, 0.05519072069825128, -0.998434796166331, -0.0090521905141728
14, -217.76590839987665, 133.12743662971536, -126.92111758443176, 174, 42.98879821307449, 74.2052675096523, 36.187354936786626, 29.58518828252942, -0.411464395406918, -0.4929602632260241, 0.7666076116192353, -0.8612349444716192, 0.48556018947470997, -0.15001890820243483, 0.29828077667423836, 0.7219567031875335, 0.6243453347220599
15, -116.56652484927204, -40.59464953794859, -306.71436656681783, 19, 17.80328113165179, 21.86397266407461, 17.861837144518585, 14.449238128566599, -0.1672582797238708, 0.9548553564220928, 0.245511539801797, 0.9381758472221552, 0.07759759613871792, 0.3373495112824143, 0.30306888252145237, 0.28675749577915194, -0.9088010734267801
16, 171.77397200574973, 346.73435947303403, 342.75349495355766, 54, 26.88561733206659, 38.03667020812935, 26.862118488651003, 19.020296702055028, -0.9763315462147715, 0.08269508797153652, -0.1998455260726483, -0.10903139100392541, 0.6098186915832992, 0.7850052988173916, 0.18678561947222494, 0.7882148728747844, -0.5863688655934628
17, 287.70687812156166, 69.64240423830617, -344.21580316057737, 8, 11.538077314002905, 15.38845689655793, 13.88844277337973, 7.18706724237813, 0.917039568138955, -0.28696519560115835, -0.27692852323498185, -0.036869657745946464, -0.7524446581972588, 0.6576227373563865, 0.3970882254678621, 0.5928558111918947, 0.7006018329484908
18, -97.3161133280422, -353.1086521195012, 42.18718311068356, 9, 14.89456489292324, 24.29766629015023, 14.45846375987096, 9.405821853245568, -0.6855153076731676, -0.23111168759537168, 0.6904028902043949, -0.7012659538083232, 0.4644819377722156, -0.540816596927896, 0.19569063589008384, 0.85489409714899, 0.480480236518369
19, -17.590785486933548, -44.415850166367925, 168.88761611644813, 74, 28.323972749881268, 43.23114061141401, 25.9283940102769, 20.271700998980545, -0.3749581081616981, -0.8919092703157782, 0.25279294026648885, -0.9259314173914714, 0.3469738535450042, -0.14919837547222434, -0.04535887356649553, 0.29001206609537145, 0.9559474745548902
20, 335.74593542978937, -169.00789102467462, -344.4075595058424, 5, 4.838361225558497, 7.3120813912188405, 4.601485276989488, 3.366323226166231, -0.46094517486757447, 0.5291533310359465, 0.7124087997911475, -0.13356065600759426, -0.8350006061352999, 0.5337935358549248, 0.877320407224819, 0.15089976808214117, 0.45556356643133095
22, -209.4338197500267, 261.35631568351323, 21.821465133334854, 9, 14.067621573649038, 23.004844644035426, 13.582608149378498, 8.909627655417076, -0.8239360610203337, 0.09026021393210094, 0.559448354302011, 0.5197367403319959, 0.5138028018635934, 0.6825543213153019, 0.22583863287615089, -0.8531469829859634, 0.47025220607943935
23, 264.7186279172424, -17.52214586437595, 11.045282834995486, 15, 15.952536584071668, 18.84540685606259, 15.235744725297591, 14.139043883892471, 0.5989284416007765, 0.46994473028275147, 0.6484108823278162, 0.4776330874747669, -0.8595468521835591, 0.1817851551988132, 0.642768508555753, 0.2008261919690936, -0.7392682091285988
24, -75.99176874907008, -120.82135238070609, 52.2468946879974, 20, 19.143708868948593, 23.21264715270531, 19.95516417956289, 15.146011003556234, -0.2794444959873822, -0.1829103351389184, 0.9425786879416098, 0.9252154187950098, 0.21114303002915627, 0.31526980460247306, -0.256685025831917, 0.9601887471583259, 0.11022870471974344
25, 243.43512863684413, 336.87262587786574, -199.34901747535082, 84, 32.56338791461859, 38.04567408856919, 35.73054129936976, 25.400593811584333, 0.9329107846406495, 0.07719410422486467, 0.35173646125201236, -0.23748794533107073, 0.8661242550547849, 0.4398047869546446, 0.27069714391473443, 0.493831798367333, -0.8263493275834931
26, -305.62093660164555, 93.40954711752477, -4.617172081416985, 43, 23.286546396297588, 38.476861320118, 21.62059513971655, 15.17916801835524, -0.9435173737365561, -0.3054978678617797, -0.12824202972964335, -0.000710977952315514, -0.3851926412878761, 0.922835913696482, -0.33132229017623255, 0.8708028949363776, 0.36321874704205515
27, 94.6582695073489, -110.66609682818726, -346.5095384289769, 27, 20.25705174127287, 30.087232071744722, 18.77851161745806, 14.712460474632236, -0.86858469293556, 0.2566682046344324, -0.42388921185585293, 0.45106535252786545, 0.763701965530986, -0.4618434319041696, -0.20518449977264774, 0.5923518722633073, 0.7791139714311398
28, 246.12525493137835, -330.73188377603105, -22.550734580067754, 18, 18.51901759531425, 21.458369157210367, 19.324520745856585, 15.316106886821427, -0.4704406421402525, 0.828473419696929, -0.3038377775694511, -0.23164840020730512, 0.21629851273232342, 0.9484481915588121, -0.8514837760662638, -0.5165721113701949, -0.0901589310632933
29, 170.63887943788856, -264.96115910547655, -298.00514153031077, 255, 48.673973421825515, 76.42256490672824, 46.89694283024308, 32.175422622204586, 0.6589549889903384, -0.6716716069097538, -0.3385787573903773, 0.4743952004323958, 0.021798658301913368, 0.8800420514401248, -0.5837186961983061, -0.7405282377921216, 0.3330021212260437
30, 312.6477382139832, 169.87693619968985, -5.074215922809367, 20, 17.424144649406898, 23.739232877125925, 19.28421262386309, 11.55542202399277, 0.435954915574505, -0.00193579897656032, 0.8999664239674436, -0.04258302123907281, 0.9988332848295535, 0.022776202904716627, 0.8989605096379811, 0.048252686960691744, -0.43536384819194035
31, 100.10062555255236, -335.7823152774463, -298.1070129815848, 7, 12.000396245008742, 14.03412477267962, 12.840158290606785, 9.590274723271678, -0.29563457816934996, -0.877503100391093, -0.3776089312961888, 0.17019478832712517, -0.4373341011278171, 0.8830473475510865, 0.9400180478144637, -0.19679225796444205, -0.27863753693345245
32, -21.474609778212308, -23.572539049952418, 342.4136202698796, 9, 15.894940158541946, 18.41947662109494, 16.305142528842964, 13.371336132673767, 0.13994453082257982, -0.4293277022779964, -0.8922405798603559, 0.16997411834627071, -0.8773153249975622, 0.44880577048076137, 0.9754610845058125, 0.21446571889492624, 0.04980088386391023
33, 119.51941024012086, -85.9292088407646, -283.33197229611534, 109, 36.1855893015219, 50.32199840461071, 34.19294170964397, 27.53674504993108, -0.2494855770587701, -0.13298747383695586, 0.9592034605036188, 0.24546608554138752, 0.9494902540811744, 0.19548569833585075, -0.9367514866220606, 0.284222780943632, -0.20424020932232534
34, -61.30340328828312, -215.72929242937, 184.91562862325316, 19, 17.729613693573388, 24.288625554645236, 19.06262779193283, 12.036829563267334, -0.36797156075375076, -0.6192776729230293, -0.6936080264064757, 0.5683101251293001, -0.7401882728984531, 0.3593673918695522, -0.7359487292957088, -0.2619474842075068, 0.6243100058187354
35, 121.23084237928735, -10.289239044089461, -258.0977012067459, 12, 11.797295281437325, 18.372253714433757, 12.486877604596692, 7.1570007089417516, -0.974546018985793, -0.038843779939846064, -0.22079677905016437, -0.16936425021265972, -0.5177251763140873, 0.8386157597854041, -0.14688705739052002, 0.8546647310908133, 0.49796826184067405
36, -282.61209670573004, 61.796130038499626, 300.8796338218508, 130, 39.43474209888598, 58.19923135324554, 44.52877756310483, 23.66350069894446, -0.6415545531415074, 0.7190529684623802, -0.26715273513262017, 0.5830650246675007, 0.683428218728504, 0.4392733168029571, -0.49844050031361625, -0.12605038036841767, 0.8577111222644189
37, -303.14262453745835, -107.63825912637544, 315.4293338998586, 6, 9.130282676845066, 16.512214622340807, 10.059071290619677, 4.582362687712314, -0.08355911275665837, -0.734662035726795, -0.6732678277900122, -0.9826952515071701, 0.17283110351120767, -0.06662921524645138, -0.16531157654737783, -0.656049619252126, 0.7363905076374633
38, -350.1823259298161, -237.3805540507824, 109.7153991566955, 14, 17.33715562411581, 32.706128057656116, 18.12752256723183, 8.789536124734422, 0.013139585689611105, 0.8901999096361355, 0.4553805794845909, 0.27047626086537085, -0.44160614817275434, 0.8554686447815087, 0.9626369739399134, 0.11192913284681576, -0.24658046480604756
39, 308.4371851732263, -179.6300594975847, 121.13470960726885, 29, 23.712179778950492, 31.458821004305115, 23.175327350108404, 18.287153799412632, -0.932599332528551, -0.36062697020048756, 0.014376137566049852, -0.36008364826133876, 0.9324162715716772, 0.030653919213971963, 0.02445917459984295, -0.023411212535644318, 0.9994266675977308
40, -171.35795558465043, -87.48618816158742, 304.5292094173447, 17, 15.625010771186652, 22.098160910920836, 14.382495679928331, 12.002468982768072, 0.7597153088017498, 0.0012422297948825325, 0.6502546473785472, -0.3704269925398484, -0.8210497795382524, 0.43435135860046564, 0.5344309990729814, -0.5708552499411065, -0.6233039313565508
41, -98.72391314612685, -224.97560254600901, -99.8137295632597, 19, 15.170842144658137, 23.19375719174258, 12.385531679937442, 12.154673787131543, -0.5142430323947863, 0.3566400815407987, -0.7799756123571988, 0.8464151029937724, 0.06435574963150768, -0.5286206682616641, 0.13833140300543909, 0.9320226336993848, 0.33496004719161515
42, -231.50725070386204, 230.7810747989288, 0.6452737492040309, 121, 35.16480495605479, 49.714992754501594, 31.294055560805894, 27.94958790847626, 0.08492362751025484, -0.7079542553049673, -0.701133902964397, 0.41367831333251676, -0.615110394194867, 0.6712000119426396, -0.9064536560513526, -0.3470446301976515, 0.24062791625684576
43, -327.12556090347925, 173.7579173546738, -247.80521208511402, 8, 11.379809922929566, 16.09640659794916, 11.104962069720843, 8.244399170251981, 0.25744651602610524, 0.09373636478403088, 0.9617352989794518, -0.2490032538163813, -0.9552353776803852, 0.15975842017454564, 0.9336587550999966, -0.28060446743572487, -0.2225813601365526
44, 283.90116377205254, -149.9886584959323, -130.92853554941377, 176, 50.755492726847606, 96.47910998262952, 39.6171553288908, 34.208384729063845, 0.7251893815331996, -0.5244645101852301, 0.4461360089341166, 0.4325307245665504, 0.8511278670133846, 0.2974870187070034, -0.5357401732345933, -0.022766895910787028, 0.8440759060849653
45, -45.13723065489782, -27.148005373244047, -160.62507025600877, 10, 12.60866740669804, 16.669657594887013, 11.354850353245704, 10.590085654010032, 0.5992701395873532, 0.7924818066894103, -0.11334851505530338, 0.6599940566310226, -0.4089439483249619, 0.6302163853313537, -0.45308183036917127, 0.4524792074722084, 0.7681011793993314
46, 281.48209759551605, 76.41311008104938, 326.16333320192666, 106, 36.52797647241366, 61.88203188093788, 40.29336749162829, 19.54693700149055, 0.7357421702001519, 0.6095683747371624, -0.29514378785511536, 0.2902216708655615, 0.10998082599605886, 0.950618535309104, 0.6119271531393035, -0.7850672674577122, -0.09599242062427793
47, -314.55627560596366, -67.14109024838872, -258.48955841386964, 88, 33.975580695302426, 41.073551676983136, 33.139917602250485, 28.812900667886776, 0.16951609297762693, 0.8578571524093741, -0.48512410812253004, 0.8985735248635571, 0.06763071028823979, 0.43358010498659916, -0.40475908221543677, 0.5094184852221094, 0.7593832314965409
48, -274.67885383155607, -55.14190167787503, 158.45702221602644, 127, 39.44679304495097, 46.72314346283158, 38.080621639844054, 34.498405425167086, 0.6403472406990314, -0.4046048930843316, 0.6528784663483344, 0.26226350589677566, 0.9140985947891639, 0.3092597815416802, -0.7219233095030727, -0.026807452260376844, 0.6914536106633894
49, 176.1576152665258, -120.90012166005538, -21.538680760849047, 8, 9.503962574766964, 14.964914718401415, 9.923007965857634, 5.7809147653702375, -0.8019954548315288, -0.30822206607934505, 0.5116663448101203, -0.5581749710815812, 0.6917297685765303, -0.4582036980679397, 0.21270635178020733, 0.6530766304552927, 0.7268059731905866
50, 201.74916208405898, -84.36994948741895, 26.727592242487276, 7, 8.270621829669823, 12.271413484096486, 9.390309200828487, 4.909531009266144, -0.2648638477341585, 0.7790606251784672, 0.5682531869334233, 0.37233200151725215, -0.46097276572326434, 0.8055265296112857, -0.8895032449685687, -0.42493370254426743, 0.16797418144585954
51, -207.31073393149723, 58.84934921603446, 307.5423484407171, 75, 32.991960048945714, 65.17532032555684, 27.23332568036831, 20.232078388939165, 0.6320777325466923, 0.35283064413159376, 0.6899190362501362, 0.4891186512924298, -0.8722148400991606, -0.002053696343260948, 0.6010330148806362, 0.33875036423962723, -0.7238836272157375
52, 329.26252479128954, 282.12963284222474, 258.8301365353912, 82, 33.30063951404655, 46.315819437384114, 33.75634809639662, 23.619620356171918, 0.4954841467211592, 0.6635384609066498, 0.5605463149871197, 0.6927815078175332, -0.6911634228307086, 0.20578363726740856, -0.5239744676738274, -0.28637359137771917, 0.8021476942479836
53, 34.562683984290466, -275.7516901044772, 207.3217285397136, 5, 6.060342160316789, 9.354403013725669, 7.92681851310081, 3.001763291769565, -0.4097318396602764, 0.6609337311516751, -0.6287180787877271, -0.43519382137411494, -0.7473653089958806, -0.5020472415493258, -0.8017020377960885, 0.06790948339825041, 0.593853639088102
54, -347.07249207562126, -104.72213422930791, -259.46287725359133, 23, 18.90597777833758, 29.59309102564313, 16.451320685904932, 13.880539014789914, 0.5300163590672713, -0.7964481922400249, -0.29112357547726964, -0.7104876554179034, -0.6044978489410958, 0.36026329555529013, 0.4629146256274968, -0.01589426636192975, 0.8862603577261992
55, 98.789285062486, -144.3120780553205, 317.74139208262096, 88, 30.508165479815528, 35.048290805613824, 33.27718026032576, 24.346409207863434, -0.6319337662396515, 0.7435019114467737, 0.21877984998889502, -0.6878770652801582, -0.40801719709453477, -0.6002891885888638, -0.35705021796342085, -0.5298366489306989, 0.7692777569266908
56, 294.44288420281265, -132.95415658491802, -115.80571710881483, 9, 10.001721201206443, 13.825607789658049, 13.143318341856205, 5.505984363295453, -0.7008199821207873, 0.7132504591288366, -0.011186385149959902, 0.383108404756712, 0.3895672464053949, 0.8375352593968124, -0.6017302575614658, -0.5826758473462079, 0.5462687562495138
57, -313.29659549424605, -317.2286187698552, 319.1264469153133, 10, 12.266819666338657, 18.682515911088622, 11.443771339091045, 8.633589790615167, -0.9318277118007918, -0.2900355620743341, -0.21812035267788688, -0.34606257861618883, 0.5292149448337391, 0.7747078377337722, 0.1092602727509626, -0.7973775234459811, 0.5935076055970463
58, 331.8623280532635, -263.9534447769259, 103.68032941413, 13, 16.63425544227701, 22.026311273938365, 15.398058636136064, 13.570703370390055, 0.5822953897885229, 0.7921477339363883, -0.18284979259074102, 0.6155574504522112, -0.5765162190781824, -0.5373249243545016, 0.5310565922986045, -0.20032727412722248, 0.8233151759909144
59, 300.11991514805663, 49.8443377647492, 4.0202719899049155, 8, 8.650358025126042, 12.66245622570555, 8.152608867307343, 6.270290816660022, -0.3219260043707853, 0.7378628968854397, 0.5932301350316654, 0.9459413469524874, 0.2768035345645642, 0.16904073881250528, 0.039479308955128904, -0.615579522606455, 0.7870852784241581
60, 315.41926331498973, -313.5393168428273, -217.1409574997615, 11, 12.621397453736046, 19.908716675657434, 10.301398749671144, 9.803538638320743, -0.7540051594326517, 0.5596338792309298, -0.3439275225478219, 0.6542962617155068, 0.5935853883130414, -0.46856460460257643, 0.05807427532095815, 0.5783306217019812, 0.81373280046201
61, 60.147864059923485, -191.14348842394594, 163.92642486895133, 7, 9.473166807006432, 15.037953042218936, 8.189599797683954, 6.902940815764089, -0.5641617992657535, -0.5298647270697615, 0.6332178418652739, -0.1571391154868086, 0.8218061050516603, 0.5476696304195103, -0.8105731075191495, 0.20947099251950538, -0.5468940854129275
62, -305.9700469161477, 188.95131204363716, -69.097344265046, 20, 13.960167323542905, 19.269233946678153, 15.009362598003069, 9.40687064552041, 0.3208850654712228, -0.9341583466039807, 0.1561440303938842, -0.47417634180925694, -0.01574059358938734, 0.880289174409094, -0.8198716799755427, -0.3565114544913971, -0.44800670886774663
63, -55.680171371137796, 355.0125663809855, -263.29846850068515, 5, 6.913306598479579, 13.341618763404895, 8.716928668450619, 2.841092900540726, 0.7363962316966433, 0.5471444032747603, -0.39793666821253115, 0.4995792330192948, -0.04312539102365162, 0.865194076831846, -0.4562249224657032, 0.8359265533610974, 0.3050993567790654
64, 289.0608595962278, -52.16827380861565, -138.59182153325904, 202, 44.23163259457328, 54.550633262699684, 42.37926320968131, 37.432230807987075, 0.06304416746763476, 0.6317972347826702, 0.7725656522712385, 0.7581760810029892, -0.533711500293122, 0.3745945336624838, 0.6489949638812776, 0.562124798043848, -0.5126609486599327
65, 53.408367599378074, -333.50451251451346, 211.6744838612595, 7, 10.647380676656542, 19.26724774857104, 10.045645657571205, 6.236354699613887, -0.8484739736981515, 0.522458337927565, 0.08443459650424591, 0.03132021536356665, -0.10969110467238719, 0.9934721463963302, 0.5283095305466754, 0.8455797695579748, 0.0767065397983377
66, 22.454957757931393, -206.6835107195816, 139.19881646936958, 11, 15.33828430736155, 17.882242329169742, 16.481137864262156, 12.243939708343074, 0.020112944306324678, -0.898657318707228, 0.4381900192898812, -0.48954816760600645, -0.390996214719317, -0.7794001229591687, 0.8717442635686982, -0.1988390897411817, -0.44780012876948405
67, -158.32716211612347, 285.860973389787, 211.85706474403696, 10, 13.538069872825421, 20.61872088486571, 13.02364037195579, 9.240088669247939, 0.3804077533771675, -0.9247424997968297, 0.011884874422837938, -0.7251298936664574, -0.30622077657247376, -0.6167783015854428, -0.5740005039037933, -0.22600917031143172, 0.7870471881998752
68, 355.9307945229545, -217.21075961273755, -354.1495095174789, 6, 8.404991749699162, 14.026418952636408, 7.941373459811881, 5.330518410934799, -0.11365919966707, -0.9574821163361384, 0.26515954296896516, -0.6766713608118683, -0.12081369578969656, -0.7263056659331861, 0.7274595904846228, -0.26197718947668697, -0.6341691386419249
69, -350.1112663994575, -51.69965873474215, 105.47104242864384, 19, 16.277490781608368, 21.876950533632368, 15.371844743374336, 12.824770436329233, 0.4886724089950066, -0.006089952149070736, -0.8724460952802983, 0.28177235976798176, -0.9452878203936973, 0.1644240672350495, -0.8257140025201224, -0.3261807000699988, -0.46022009619750953
70, 194.48902167691747, -21.419557721925834, 206.9296043181052, 36, 23.140301877656377, 24.622918804291167, 23.37996276324311, 21.524036144055415, -0.718451995887266, -0.6095792442279107, -0.3350222001780379, -0.6537137288854493, 0.7563028329683217, 0.025775676727721752, -0.23766592156278432, -0.2375271981281675, 0.9418576006366857
71, -79.55686608038776, 71.69206141708361, -102.38460221153653, 5, 7.935313139073028, 13.200478255599549, 9.705360063336997, 3.9002360287695113, 0.6949477397619578, -0.7168918045430147, 0.05580125069213267, -0.6594383258801179, -0.6044632412432316, 0.4469510983834299, 0.2866857746037865, 0.34740513894412556, 0.8928162946961933
72, 287.13592815578255, 345.3405411710733, -113.57560820534616, 83, 34.276730158005385, 50.854010403482505, 36.452412953618236, 21.72434381813833, -0.9644615072671465, -0.10968810180437161, 0.2403799519979516, 0.2161762194591528, 0.19553322365638798, 0.9565744093309673, -0.15192709811067917, 0.9745436258932151, -0.16487230844072454
73, -94.46573721299367, 344.03669225137844, 269.3010493960379, 20, 17.60326772575748, 22.593606776982007, 16.996914022641562, 14.204443999496023, -0.8864178752020063, 0.4565363652658965, 0.07640613661326083, -0.06475926276607177, -0.2857530173629501, 0.956112676913116, 0.45833349038484555, 0.842567362445148, 0.2828615409239496
74, -351.2594925725618, 347.1111388453353, -258.4689182803886, 10, 9.691544298390793, 14.402894227503351, 10.297396322948778, 6.137644870902548, -0.27463142206106916, -0.16342980171556135, 0.9475591179065964, 0.9378841448539416, -0.262815150948337, 0.22649840454977468, -0.2120163032606348, -0.9509042519324515, -0.22545551846978473
76, -104.81019980154889, 153.71947586270446, -138.185613217823, 11, 15.123399191317182, 18.755568706925608, 15.0615132614491, 12.244735305820484, 0.013215794645899224, 0.790827577420693, 0.6118963029491153, 0.5286933560619443, -0.5249397944259423, 0.6670243979675762, 0.8487100082052972, 0.3146902525007198, -0.4250427824974771
77, -271.44641252325835, -256.5235029819921, -313.5959182423748, 6, 9.605013024391116, 12.369453649438267, 11.641678130601779, 6.15357883780063, -0.12580544339974692, 0.9839542450723795, -0.1265189077372903, 0.8339055867157287, 0.17396830299947832, 0.5237714215149374, 0.5373773933236208, -0.039611528063495494, -0.8424111015348655
78, -101.95774518715189, 39.682378230894294, -38.633445010643754, 161, 41.88930739927437, 52.25833562420882, 44.61676293300255, 31.525058973899295, -0.5255355489616048, 0.10082980746875576, 0.8447755540399108, 0.5974137175718323, 0.7506958027827219, 0.2820508141122941, -0.6057303334278608, 0.6529082336823594, -0.454754440940552
79, 48.80308229295494, 88.02692032502394, 299.4192189521818, 6, 9.664613154959062, 12.7685592788213, 10.24046799499018, 6.903855995243633, 0.5804286104983754, 0.3715662592186548, 0.7245972282069402, 0.22363524608137542, -0.9283494268147993, 0.29690843444192794, 0.7830005777935599, -0.010288670608434884, -0.6219358796789766
80, 13.80708690917701, 237.34577298960838, -286.961437557549, 75, 30.246319149375076, 40.946725764488235, 29.84030105816382, 22.646193346347136, 0.43955140319317704, 0.5669599269774552, 0.6966713752929912, 0.4087623695906955, -0.816907785249388, 0.4069090753541135, 0.7998174098864744, 0.1059155871468333, -0.5908248465000713
81, -177.9897433758773, -30.886453007254417, -72.94768395522026, 85, 31.196449526802958, 37.26114128921484, 35.33852221573894, 23.05743387802275, -0.2306007062457649, 0.4220409923352172, 0.8767580710022919, -0.8931944955512141, -0.44928344353158595, -0.018654235052993778, 0.38604003341100057, -0.7874171627270424, 0.4805697706337011
82, 195.72620581481718, -55.93774218212113, -307.82223260409455, 29, 20.412028403163937, 31.884141053989318, 18.834182645582384, 14.162404438929919, 0.3792416191411695, 0.23772571561773054, 0.8942383789824849, -0.30406730419407285, -0.8807427445163285, 0.3630913005044249, 0.8739101034038531, -0.4096079859034527, -0.2617296869917198
83, -205.47822142793302, 25.03804602323292, -268.22637462900934, 7, 8.266466620225314, 15.339467695708539, 6.54798570183502, 5.6239537134450925, 0.49607931669427263, -0.3994669313712833, 0.7709289735695203, -0.707247037078462, -0.7009699675477813, 0.09188434654389607, -0.5036932996297234, 0.5908191562033812, 0.6302585061474748
84, 231.74755627876823, 206.99673029996782, -69.48084762560656, 13, 12.84831779428878, 19.15327089597884, 16.327703234745293, 6.782202626436247, 0.5431504253232391, -0.8332973962013581, 0.10297118507243314, -0.8160209152555421, -0.4950090501753374, 0.2984558696189731, -0.19773083051636783, -0.246133073211517, -0.9488524800698795
85, -181.42812785723333, -237.1762036651926, -82.34538983329516, 9, 9.31037913435768, 20.941088276051286, 7.225136639583089, 5.334046376861425, -0.09750646227187934, -0.9891429705810924, -0.10994850415187506, -0.9536973359328953, 0.061281693209725, 0.29445873312205784, 0.2845239554935939, -0.13356922485124156, 0.9493183770068488
86, 218.4518624243866, -240.7124130406361, 331.6943047497577, 6, 8.006779688367825, 10.408284876313045, 9.112920782833536, 5.411739346747616, 0.2779710755307382, 0.3800779630528998, 0.8821977233986965, -0.307105658792776, 0.9053549662700701, -0.2932891054703116, -0.9101748159039227, -0.18940202494081318, 0.3683865869471634
87, 131.13302195129953, -324.3986413784615, -28.121088173166928, 79, 31.183143601533367, 40.17253581880764, 30.13183551102127, 25.04983383929777, 0.19945677033985665, -0.9092665924352378, 0.3653098146050894, 0.30046001061518546, 0.41159233373098664, 0.8604159068932902, -0.9327061588660795, -0.06185478716389786, 0.35529312759775217
88, -266.2661213443668, 97.82727527876527, -155.67246091521397, 60, 30.641624157078454, 57.689365546070064, 23.768510559977326, 20.98155218233355, -0.9478554729082291, -0.26995077294529224, -0.1694006572128829, -0.27742692088512577, 0.9605021350767798, 0.021678378194541322, -0.15685759798656793, -0.06754427214195353, 0.9853088172013372
89, -230.61783447750759, 205.1520023221188, 348.9382583718933, 20, 17.1684280260713, 21.434275165375137, 19.718340215752498, 11.973260712282906, -0.6452591382953312, -0.7042539688689198, -0.29608612223260516, -0.7600353845290002, 0.6310212983295286, 0.15542951881277578, -0.07737479376529013, -0.32532824713954833, 0.9424301952414765
90, -130.49597311309907, -220.8257682585989, 167.04159387561225, 76, 33.20796655083486, 50.981438534674474, 30.659892282966055, 23.428481354214433, 0.6111486321932463, -0.08741257324037457, -0.786674260038944, 0.3546753919594623, -0.8582733294147094, 0.3709073447018695, -0.7076035017626224, -0.5056935179087089, -0.4935294826435285
91, 90.18042552265872, -250.85467870140565, -60.78917033235753, 80, 30.648738733693005, 66.95024567218442, 21.013357472099884, 20.463984461583568, 0.8927561138622805, 0.41963764170832896, -0.16398405661219354, -0.24639585718642087, 0.7594698755166386, 0.6020752359498855, 0.3771943832069649, -0.4971013557054461, 0.7814183510981328
92, -124.15208057186649, -345.7036386931501, 266.44541140746435, 40, 24.601378186362037, 37.432160617408044, 21.155129273851028, 18.802592442385247, 0.9638045842641493, -0.24533355792528427, 0.10436555325935522, -0.10846885001008327, -0.003234548985433036, 0.9940945861789767, -0.24354718624714247, -0.9694333308941786, -0.02972852203722678
93, 345.0846522565793, 71.27172137327477, 139.7861855300726, 8, 11.480138283159388, 15.841093016337343, 9.993856126782154, 9.557033778945312, 0.779563469289023, 0.46817648768960485, 0.41604275468356355, 0.49679602863771, -0.8667277318485914, 0.04446059799863188, -0.38141119973050286, -0.17202853024781106, 0.9082574973546413
94, -97.12782751548818, 312.11545506627334, -4.477815236865432, 21, 19.684134283495165, 27.213443932633325, 19.473620815831783, 14.391920177747167, -0.564606635265711, -0.8213710584206286, 0.08104894695743178, -0.8229226326433274, 0.5526771089469643, -0.13170555770126186, -0.06338523564133529, 0.14105884458268256, 0.9879699966434664
95, -59.2605118702596, -347.9356313635677, 8.58713864943992, 39, 23.918124153821005, 36.76896341375829, 23.46960895392184, 15.85601717872074, -0.28079479944523456, -0.18015221247422936, -0.9427085768916874, -0.9597070963922273, 0.06375234026245113, 0.2736748586287399, -0.010796746681790408, -0.98157058811463, 0.19079468234043737
96, 30.687562015214468, 240.34609337598854, -6.484732336393608, 23, 16.941545586493117, 22.05656381491785, 15.87788721202586, 13.884444817999366, 0.5194581527332225, 0.4050371201299462, 0.7524015941475853, 0.762078840342028, -0.6178903987514921, -0.19351303892418173, -0.3865217570356657, -0.673911260068832, 0.6296384239311485
97, 170.9890781616091, -169.49453875259914, 48.426516477568704, 11, 17.16089572279219, 21.16814298743753, 17.894199659528525, 13.342119244602955, -0.5459127113103504, -0.47311387831450746, -0.691478538912082, -0.8078850268151778, 0.5159617824659162, 0.28478978647843706, -0.22203849908883166, -0.7141055224410464, 0.6638917138672384
98, 126.19741901908806, 125.27000663967765, 188.23768785262894, 25, 20.20950029092378, 30.536389315629915, 20.23892376358278, 13.355545365770032, 0.12604476439618156, 0.21885511280252484, -0.967582118979317, 0.36078071139864876, 0.898458710848922, 0.2502183510104286, 0.9240941486942746, -0.3806236783226802, 0.03428731323852296
99, 315.31773498665115, 334.3118218473081, 129.5408024280905, 62, 26.233187918329754, 34.606646317180065, 25.727597523668322, 20.27656869148017, 0.3344062298419159, -0.32487305189597215, 0.8846637630166121, -0.8390771889644599, 0.3247648701076453, 0.43643699442584394, 0.4290943304244587, 0.8882484333201845, 0.1639901713573812
100, 55.068710189988856, -352.8516730591857, -101.35059448939055, 23, 16.411928574554263, 29.84193749914395, 14.680926809474045, 10.090167244056746, -0.8699540232058677, -0.033750001196218356, -0.4919765593269459, -0.4930976125354644, 0.07145998935198572, 0.8670341483665097, -0.00589423614639804, -0.9968723124558477, 0.07880895024793223
101, 50.069818016053766, -207.74001707776327, -70.72361450362081, 33, 22.20686615456626, 32.174845667130874, 19.988697743593665, 17.02789061484651, 0.5509944456440183, 0.48259227083271666, -0.6808155557872946, 0.6027480060034214, 0.3340832944041044, 0.724626244114164, -0.5771481284110159, 0.8096252543816947, 0.10680348935796864
102, -12.323409380410999, -231.33112071903972, -333.0971302559064, 30, 19.7605512620249, 27.033928195250517, 18.998644801682325, 15.023301694550522, -0.9796653525230057, 0.13889273246043113, 0.14479159483771842, -0.06995785479864614, -0.9128296832875535, 0.40230320389119, 0.18804705692444737, 0.38399320069347376, 0.9039842510814196
103, 82.84816460813838, 21.77099748526757, -102.75861899949992, 20, 19.70712501124347, 25.206524418950806, 20.464000508851466, 14.837690544384582, -0.32383036767740153, 0.8172265146767119, -0.4767333811254178, 0.26814209457583976, 0.5624998499469741, 0.7821085192772886, -0.9073222746557036, -0.1254382019920006, 0.4012873626151388
104, 253.6455664200951, -270.65065389739084, -295.7720399872387, 75, 33.16457377727463, 55.903821805211734, 27.502379732450127, 23.725287699531354, -0.39320326468852496, -0.6871855006901352, -0.6108741934961193, 0.21495781277529627, -0.7146824479792687, 0.6655990814876629, -0.8939711020861616, 0.130403551299834, 0.4287313639602837
105, -288.9821851931208, 195.35795316840674, -200.04451015613762, 285, 49.525450629544686, 68.0610791667713, 52.52213981450563, 33.98161891270203, -0.6979048341753961, -0.43359557964622214, -0.5700208029062355, -0.7025460599551284, 0.5690942259999704, 0.42727133717933835, -0.139132584523314, -0.6986606008962807, 0.701794477521098
106, 35.957768650096, 115.1351277777837, 74.43339726485175, 12, 14.209376656507528, 19.28542078404761, 14.999345591005685, 9.9179896080801, -0.012170097397141286, -0.7489081161066119, 0.6625620894368993, 0.45412049901519524, -0.5944752064706492, -0.6636066615592923, 0.8908571496617929, 0.2928068689790669, 0.347329348565798
107, 33.55397070768277, -304.5718354182197, 293.3586869642014, 28, 20.548143693691152, 23.76078298355208, 20.287620651884843, 17.998069267606827, 0.7318260029014567, -0.2581889975728483, -0.63068941881849, 0.20044161931442422, -0.8029718723244916, 0.5613014604491171, -0.6513477248934624, -0.5371914126156775, -0.5358838750028622
108, -92.88872470171894, -183.60585271100385, -224.98986558831527, 13, 13.409084814477165, 21.58729749501485, 11.522203784414357, 9.693119897540646, 0.4787116757803173, 0.7967896790367829, -0.3687293571877088, 0.715503575015049, -0.5974433153916594, -0.3620995982247236, 0.5088121122892859, 0.09048586781526932, 0.8561089545808013
109, -336.3052237286148, 324.78593043923513, 330.78209421811334, 8, 14.819190158522416, 21.013593513556586, 14.211135246641888, 10.897937504077115, 0.2929776338790425, -0.6543846237019391, 0.6970974611265696, -0.853605842087876, 0.14942791125867394, 0.4990274197780299, 0.4307216878682625, 0.7412503380095974, 0.5148075018883979
110, -194.23260133389306, 319.3907888954383, 206.55584790810016, 11, 13.718841618983559, 18.374972015065143, 12.781591800996637, 10.993619384215178, -0.20009049200528384, 0.008984877667605693, -0.9797362231653893, -0.01774658026822506, 0.9997606718980999, 0.012792881405030985, 0.9796166872291768, 0.019946701460589807, -0.1998831538748954
111, -104.01268931391883, 185.57176725402638, -331.29566189536683, 7, 10.952357959218247, 18.6671953665813, 12.433410451615458, 5.660483712209916, -0.27474985609921315, -0.26177538661695476, -0.9251952029355781, 0.12650510921732505, -0.9637027153776719, 0.23510324054681725, -0.9531573710124546, -0.0524473386860135, 0.2978931062468222
112, 137.7524747177603, 267.2929706635385, 60.025616555362205, 43, 23.1187698819811, 38.477072475777646, 20.42282738246876, 15.724479492450767, 0.8875083598458989, 0.354023777366445, -0.2949509726426349, -0.1910564918694276, 0.8652028560086447, 0.463596198074393, 0.4193165011279546, -0.35509320327722166, 0.8355133086122158
113, -316.2662191562558, -242.0526583826312, -257.5353850459332, 44, 20.96561807546834, 26.281602152722304, 22.063466602055737, 15.892690432059812, -0.5540418188176952, -0.18939032113694196, -0.8106595890142952, -0.33305870621995165, 0.9428774616326938, 0.007347826629686866, -0.7629610482929462, -0.2740682371321672, 0.5854716390936412
114, 141.3886098854009, -38.28377904040563, 185.40672406029788, 31, 24.13121177234699, 35.913215912648816, 22.59602463388363, 17.316138742734548, -0.4342392425585782, 0.8607803798674437, -0.26550596576614155, 0.8998138891104623, 0.4007245831995165, -0.1724957198990114, 0.04208616383155669, 0.3138103663916045, 0.9485524807616658
115, 126.0377953114755, -110.87323549240925, -223.99107505550222, 14, 18.075531547210005, 23.306318980461377, 17.800864407968287, 14.235032209069013, 0.8046886141560322, -0.5831054965796476, -0.11164324478555303, -0.5182387922511382, -0.5981345388990068, -0.6112803183337037, -0.28966323283034406, -0.5497481725614698, 0.7834999414879353
116, -344.53822335183884, 128.09190489981168, 80.03456353874014, 76, 34.891738601828905, 46.7627793020442, 34.350199083807254, 26.444676404347746, -0.31463984148332386, -0.9474695624971256, -0.057473457289901664, 0.010719783648278594, -0.06409161542941363, 0.9978864419713208, -0.9491505973184039, 0.3133587288925482, 0.030322444442419234
118, 284.7705926572995, -115.47753751273318, -118.01636332688452, 8, 11.400419253602845, 15.021834028772211, 13.077177428085943, 7.542676704558965, -0.9556771423660875, 0.2868535859098611, 0.06630399542744778, -0.2431685578135381, -0.8960120752472647, 0.3715257911666081, -0.16598268599427213, -0.33893565947203547, -0.9260520323871566
119, -88.38419004525531, -174.73916743774913, -300.4982480383171, 31, 22.413602726486154, 31.99603809241622, 19.732837681903533, 17.834020486044817, 0.665873757980458, -0.743192999341826, -0.06539345657084489, -0.34193953775048824, -0.3819146876871555, 0.8586143044765822, -0.6630908617647836, -0.5493681252658564, -0.5084340389725246
120, -67.34768411619487, -240.2908289502415, -333.18285390825946, 119, 34.134691897672866, 48.13808534364592, 31.973184018902597, 25.841234784185843, -0.6349726020718021, -0.6092357351641985, 0.47501748769608826, 0.19071634037991286, 0.4722291739380926, 0.8605968189540558, -0.7486234514963164, 0.6370489983358312, -0.18366137751050557
121, 25.36838839563676, 259.2522636786525, 63.70982512122409, 5, 6.6796441399534805, 12.1457517864796, 9.156037269670927, 2.6799582256549543, 0.8354626350913388, 0.34353133639871747, -0.42893869757617803, -0.4259107129956121, 0.8980091682202589, -0.11036121758991325, -0.3472783464626119, -0.27489226017563667, -0.896566782439392
122, 39.932207733242194, -265.80218132627266, 130.17995786368485, 172, 45.03018392842202, 63.77765368987855, 38.97216468163039, 36.7356810373076, -0.6501733277121559, -0.1748314006186024, 0.739397474494902, -0.7572513003407626, 0.06968610523105456, -0.6493953455869164, -0.06200896760893895, 0.9821292318709719, 0.17769935239220278
