# Void_ID, X_c, Y_c, Z_c, N_particles, R=(abc)^(-1/3), a, b, c, vector_a, vector_b, vector_c 

0, 127.29225529214604, -178.9916154091655, -228.21776396827119, 7, 10.085697515743117, 18.78077494529355, 9.403564332439519, 5.809139534174304, 0.507716285980237, 0.5357424834403098, -0.6746881979015519, -0.4762591237637686, 0.8271267667925547, 0.2983932953118455, 0.717914632795712, 0.1698272742892143, 0.6750979757970648
1, -149.1278012734242, 73.29082173271705, -257.64805125310943, 12, 13.353509011655603, 14.119080222273352, 13.330224161270847, 12.651509709063985, 0.7538202858924, 0.28777903581964204, 0.590709914526426, 0.25226722050189326, -0.9568487627129512, 0.14422792640450638, 0.6067258244358382, 0.04029481154458177, -0.7938892253490024
2, -7.403128764129155, -275.8524696304035, 85.62042874134919, 22, 14.563618264310325, 20.430916384609123, 16.804897578578295, 8.996718754674687, -0.2678530465489264, 0.7919227688567202, 0.5487377093118028, 0.9486986574147783, 0.3161066451408915, 0.006888128713045643, 0.168004770390175, -0.5224317343577791, 0.8359661955259122
3, -145.91584784285064, -205.06526628036235, -179.90182496430162, 46, 23.441010877620844, 35.67557870453329, 21.193200585617895, 17.035756895771108, -0.05665883533548173, 0.8462557975432232, -0.5297555110642171, 0.8826983263591213, 0.2903930293656895, 0.3694801119662926, 0.4665119945095015, -0.4466799901722718, -0.7634419069965088
4, -217.79401865992264, -289.87269233447546, 49.449754362894694, 152, 37.86690485405267, 68.22050752417164, 28.61116716433511, 27.81819227033659, -0.73170127908109, 0.2792938040339605, 0.6217782637076794, -0.10638196800921054, -0.9478130797603208, 0.3005548913555444, 0.6732726899805046, 0.15377040308035686, 0.7232278673163252
5, 28.245534442432767, -317.9253722506884, -246.0681726563116, 226, 42.39382629699998, 47.96510976302396, 44.92691718636331, 35.35703076299656, -0.24119105105951252, 0.9623083582223364, 0.12565627952569292, 0.7599997498448094, 0.1067722129288034, 0.6410928753169179, 0.6035124332809012, 0.250124605430409, -0.7571066137827934
6, -17.5549946093467, -346.3081799359486, -345.41018185889345, 33, 20.61987268062931, 29.25045302523718, 19.127362174332834, 15.670045593503552, -0.9481499648351337, 0.2225922145889395, 0.22685755483899211, 0.30658502625598566, 0.4524365215091154, 0.8374406341230096, -0.08376912234678954, -0.8635704372019246, 0.49722111191312607
7, 334.796118398832, 332.8484145910325, -274.9205496635663, 11, 9.988578490206299, 13.070694292181091, 11.164398447328752, 6.829313903020756, -0.12608893381076025, -0.7295998081119175, 0.6721500582262259, -0.6549522436375341, -0.4476685224413534, -0.6087942612815397, 0.7450765996356531, -0.5169884080114636, -0.4214069845851458
8, 77.62504652714321, -44.876271713427585, 60.759565525508975, 9, 11.162325332183153, 17.096120584384963, 9.640740810568044, 8.438321128888855, 0.008323116265133258, -0.09486572183467899, 0.9954552830521431, -0.8542506532534029, 0.5167936991109767, 0.05639232195368264, 0.5197947163561514, 0.8508376856839254, 0.07673777080584106
9, -180.6299944452598, -331.4451017017798, -258.5827964364529, 18, 14.015744604088603, 21.6414748941809, 12.703768188710297, 10.014496287596247, -0.004022751069870546, 0.9841522908554984, 0.17727968264215763, -0.8821991150009594, -0.08696783167280724, 0.46277566676053117, 0.4708593621935898, -0.1545343478259911, 0.8685681299567936
10, 334.77536622012735, 28.78672046586804, 333.72960312265394, 41, 21.416156500642153, 30.886840674095094, 18.058634593571053, 17.61027740797971, 0.4568398989878653, 0.10642600000209987, -0.88315956271577, 0.6642933733872532, 0.6194829759868583, 0.4182764116421688, -0.5916177995687193, 0.777762398799291, -0.2123064536170278
11, -351.5117340601179, 134.70840681882484, -346.49026230889814, 11, 12.622690508412434, 16.05732399674257, 14.054065826594886, 8.912112257585862, 0.29691548679968344, -0.1171100427573391, 0.9476953263490758, -0.30775562893343567, 0.9277592034672436, 0.21106712970429806, -0.9039511416875871, -0.3543276707614013, 0.239424800667157
12, -286.6932098741324, 37.67213819587999, 273.101708169207, 7, 9.785708580527016, 13.611636955981664, 10.565578044123724, 6.515882066467831, 0.6875231502626891, 0.19527756509607813, 0.6994130327803555, -0.6362558702518738, 0.6262086759271037, 0.4506008896614101, 0.34998626462033944, 0.7548041910083512, -0.5547794587161012
13, 251.18446482549032, 233.45055855523225, 112.92335688965723, 7, 8.99583268968059, 16.1519715376788, 9.408448292868984, 4.7904969230941905, -0.23451253213239426, 0.7544363855456662, 0.6130494371889135, 0.18573155015756157, -0.5842457307575863, 0.7900384277790561, 0.9542052523167758, 0.2991365344726799, -0.003109693675161884
14, -291.6568368013652, -243.2162300126952, -125.43928900740407, 6, 10.719030113922482, 16.024039652376548, 13.458071577690351, 5.710993006036461, 0.05332204828742376, 0.18755791014398931, 0.9808051740834429, -0.9475774421901314, -0.30037573103375853, 0.10895600606824367, 0.3150456319628027, -0.9351986155616113, 0.16170899552221563
15, -38.34750305677927, -63.718628253798535, 348.88858593235096, 20, 17.315790362245135, 21.434379751233084, 17.750895812308862, 13.645698208838292, 0.8926423713299927, 0.4367428047078461, 0.11155859196983217, 0.3279146089063788, -0.7989748866362282, 0.5040943758765842, 0.30929210493018455, -0.41339430700065355, -0.8564131834385229
16, -88.65895557182952, 303.24512902447185, -300.3415939616021, 133, 36.907658326060556, 53.099277751527566, 33.113076592345, 28.593105507811345, -0.0874259258060141, 0.658003339752454, 0.7479226646997522, 0.9795973353534382, 0.19317185339319726, -0.055440920131979265, 0.18095791794061944, -0.7278160756202452, 0.6614665463977311
17, -144.5836944707865, -104.23074707563218, 307.4421638610511, 53, 25.41221666642113, 39.8073104698205, 22.180057458525784, 18.586693853653962, -0.30785404300603775, 0.2946066265920903, -0.9046727716544061, -0.06337408461838799, 0.9423910090567673, 0.32845534163375883, 0.9493206063304523, 0.15844911365165965, -0.2714484569478807
18, -141.39603355545418, 228.01660772328285, 155.471508582982, 6, 7.028443776393384, 10.248664222724528, 9.97334000690618, 3.3967973309449953, -0.9917424860240054, -0.08878945598739288, -0.09253795934851898, -0.06515954026863098, -0.2726296032640521, 0.9599100654415841, 0.11045847965143275, -0.958013325549049, -0.2645928803719891
19, 350.1933366878342, 69.32102143908416, 273.20379214420433, 15, 15.002855689060434, 19.973097181080988, 15.503956620434643, 10.905205046754764, -0.2039810795661077, -0.3902451828020356, -0.8978309509472544, 0.022876241092364878, -0.9187630578059839, 0.3941460658239306, 0.9787075133933169, -0.059859342719442814, -0.19633762328363583
20, 279.6364401376633, 94.53485365797496, 45.36256281072077, 14, 14.306448987418998, 19.92113469892721, 14.940565870897789, 9.838172504125497, 0.05907147246568608, 0.6555921183106106, 0.7528011261613137, 0.30651852229407306, -0.7296000099594979, 0.6113347863141424, 0.9500299767014689, 0.1946350427752081, -0.24404967423149623
21, -226.6363004963184, -288.17613846695554, -328.74302130584414, 15, 14.752857365236485, 18.336851293894014, 13.41072908143143, 13.057236744631066, 0.6604566875352641, 0.6615524910656438, -0.3551693475720948, 0.6084895340395018, -0.7486997231008539, -0.2630384222753298, 0.4399289156833643, 0.042391345738785634, 0.8970315061089629
22, -90.03697749798495, -312.40694366527686, 312.1630330265821, 24, 19.092439002418004, 30.32275082563707, 16.652126374252262, 13.783069308575447, 0.411781188006676, -0.8885268312736735, -0.20237668667753073, -0.4220570707384223, -0.3827769933107803, 0.8217965699804676, -0.807653441918941, -0.25298585632150195, -0.5326293967269965
23, -274.92371069384643, 181.12033277304778, 270.22115937579, 202, 44.59233325852614, 62.77309419493147, 51.39859632557739, 27.482472123101346, -0.46169086149986943, -0.8815409815026183, 0.09862578942096563, -0.8693204300407411, 0.4275492050336593, -0.24795900304055687, -0.17641864505003207, 0.2002178194029848, 0.9637371459439679
24, 141.41139490560732, -108.368475132434, -33.094232268873924, 22, 15.741646676630133, 24.845307673367188, 14.698647144012172, 10.681413738528418, 0.7332245529416604, 0.659012098104861, 0.16758523059903332, 0.46998638870040865, -0.31304076833406624, -0.8252988984587135, 0.4914209492887448, -0.6838921931943999, 0.5392558935124421
25, -195.75206389669523, -238.50223730584565, 185.55590488983674, 53, 24.234333964627872, 30.515278062788205, 24.562249625989693, 18.989249155720078, -0.7390547701336341, 0.2062144168859024, 0.6413062146986638, -0.10791963312059133, -0.9759418359026072, 0.18944890002891449, 0.6649446589979039, 0.07080358185470546, 0.7435290534113009
26, 226.88119549620944, 39.73999497763693, -255.5500319136008, 12, 13.671547934272262, 16.38131394935249, 14.05669359930189, 11.097397857471824, 0.41533967266070304, 0.6146125383537223, -0.6706298412779543, 0.22681940879412868, 0.6439694947858117, 0.7306546691697715, -0.8809346809544858, 0.4555817352393533, -0.1280600265809672
27, 132.77935109644443, -352.1766678522083, 344.38085111005114, 16, 16.682715301144256, 28.33852646752579, 14.937702537241321, 10.96829554339721, -0.7816220745946316, 0.20945403493424575, 0.5875337775448727, 0.5826455651376737, -0.09111810013634505, 0.8076024004749761, -0.22269054297788476, -0.9735638135619601, 0.05081754609293881
28, 262.6664103145075, -329.7058323023847, 135.0575783085567, 32, 19.216874108398788, 24.234620085017482, 17.654134745056552, 16.58691359191698, 0.7963718823171205, -0.4364030101727508, 0.41874125395863293, 0.40882050312234175, 0.8986487615900209, 0.15904779004914565, -0.4457102436353487, 0.04452882218163422, 0.8940691039923225
29, 338.3678816247718, -320.414633718657, 101.74510522149524, 162, 41.132215691669835, 61.54017005701659, 40.168311257093755, 28.151662540546354, 0.0009659453090877803, -0.7989451743713998, 0.6014030888666214, -0.5523331286880101, -0.5017701266182228, -0.665698771958644, 0.8336229254905204, -0.3315318210702956, -0.44176857031079025
30, -296.6443134626402, -285.4084612684069, -278.6419677384524, 29, 18.382918703121867, 25.30618731018639, 18.06481564003379, 13.588863860944842, -0.4141994366073465, 0.6827877793110554, 0.6018635020813561, -0.23221911664943537, -0.718643914199845, 0.6554580127255155, 0.8800642638902646, 0.13172612879381176, 0.4562182793535161
31, 38.727924908503795, -142.44998891653205, 310.4054177578486, 32, 19.952757182443015, 27.486049955896423, 18.729186396863287, 15.430411527297924, 0.6082289054882647, -0.1915761387921508, 0.7702961648444305, -0.5856160692712976, 0.5467894521521598, 0.5983937787330145, 0.5358277875771114, 0.8150582053207189, -0.22038308464940484
32, 22.40075934179772, -71.87696400568518, 179.97420249575754, 18, 16.734093418012357, 24.70484446582631, 18.180699739497687, 10.433111503465602, -0.892191180363899, 0.15628058897030003, -0.42375851046553464, 0.394281213289316, -0.18815889048582218, -0.8995212931210963, 0.22031164864341102, 0.9696249839201958, -0.1062552023657295
33, 114.10737239994201, -29.008371677855305, -262.77232646108536, 12, 11.348863383468846, 18.755888650412345, 10.07108786270707, 7.738255650428988, -0.5919172030296804, 0.7492265762545989, 0.29714232648906114, -0.09025191804965801, -0.42795647455355773, 0.8992818507987625, 0.800929844646757, 0.5054827329607824, 0.32093393499694023
34, 99.67020198036285, -99.22610670815756, -230.67100365272225, 11, 15.829895135148087, 25.2811735461497, 15.406907926729357, 10.184070487864048, 0.2828789095377554, -0.8815153118109942, 0.37803475710772416, -0.28277243455325124, 0.29996953255691045, 0.9110752053449901, -0.9165256531028235, -0.364621769207976, -0.1644131765525144
35, 165.2725973211529, -229.38912445907565, 351.40190424493744, 16, 15.33612597744331, 21.885546486823515, 16.366651887665128, 10.070006742517327, -0.6650914053317155, 0.7275073341105357, 0.16848294088501928, 0.7257118372773758, 0.6828695890772735, -0.08385376287878449, 0.1760561040957651, -0.06649964758415965, 0.9821313787278174
36, 315.33203041400645, 290.627492586489, 259.89627725942415, 104, 32.32049805941679, 45.675657671531496, 35.50148555248665, 20.821058201816363, 0.8800743364996664, -0.09114619556920962, 0.46600593694494036, -0.2959537157324327, 0.6621683224775122, 0.6884362794416663, -0.3713227172943213, -0.7437912904441525, 0.5557822918019104
37, 59.791904499706604, -355.2816954912019, -46.27368670389412, 7, 10.362379745481137, 16.888485927896408, 13.417896306448474, 4.910247274709873, -0.14874769734273413, 0.0656898058302561, 0.9866909201696434, -0.835121067099451, -0.5426919545029179, -0.08976773253500986, 0.5295723990370986, -0.8373591176596734, 0.1355831193412561
38, 55.65684027912672, 296.63845032753926, -345.9374863289613, 19, 15.019462672314086, 18.946573010469887, 14.72254221009945, 12.146459648478295, 0.1975252108869341, 0.8524345292157169, -0.48408590607954227, 0.8863683480128502, 0.05562741925647, 0.45962674189807057, -0.4187301549984695, 0.5198662939907186, 0.7445831677303171
39, -301.34355303454026, -90.07548343883666, 75.82301920031038, 9, 10.103631353215606, 15.210631904382693, 11.316927710715593, 5.991791291566397, -0.6490523444041096, -0.23068817685166884, 0.7249234575349195, 0.11558569689995697, 0.9119466303224087, 0.3936918720468525, -0.7519115645444494, 0.3393174155631523, -0.5652368446942054
40, 82.24700225331753, 310.5790261006459, -265.0936534417195, 23, 16.04664654405221, 22.35095489069848, 14.387610949177068, 12.84896340173008, -0.37745043876104967, 0.7978836779658093, -0.4700136197120717, 0.3147087265479117, 0.5878727125344303, 0.7452275432993621, 0.8709130747173814, 0.1333690754754031, -0.4729937695077525
41, -331.5106970948382, -0.565632795581279, -281.6993154586923, 6, 7.065556046022065, 13.23798879484687, 9.769819993649369, 2.7272846358492355, -0.12307969246192538, -0.6292611393205032, 0.7673863484872143, 0.9040172484644234, -0.3900888536916196, -0.17488139038894607, 0.40939492398207666, 0.6722061475221873, 0.6168749398792992
42, 332.6606012766963, -265.72771632171117, -55.479289002924496, 19, 20.105310659159848, 32.451611721242486, 19.555453645786923, 12.806433477061368, 0.20187586922808062, -0.05198428291999325, -0.9780305556334632, 0.6796290739125441, -0.7116056545508093, 0.17810590754967073, -0.7052307816000253, -0.700653285684589, -0.10832598000113883
43, -74.33196767817206, 216.99929898462415, 120.81055090318355, 103, 32.56303606776313, 50.40891045944679, 29.523858219174684, 23.200334632439894, -0.31753227745548074, 0.9477723299291491, 0.03001438646062572, 0.020746437359675303, -0.024701188478851492, 0.9994795828953253, 0.9480204840143575, 0.3179897198156011, -0.011819474640561808
44, -339.34475931201746, 69.66747380642639, 166.7065609769006, 76, 28.71419829492855, 37.92370064159612, 27.19315304300938, 22.95724711277662, -0.3475942149263347, -0.9172318207346893, 0.19458686692958413, -0.9259712910466275, 0.3031481783263799, -0.2251185246372214, -0.14749721999816415, 0.258431749228155, 0.9547028862864558
45, -156.9684805515037, -69.07143164981296, -209.3177436052747, 7, 9.345916458755138, 14.5468414303298, 10.861004352507651, 5.166863536116417, -0.09154876464545905, -0.9099974017102708, 0.40438045523052485, -0.9604049493994701, -0.026620117792066265, -0.27733319761207453, 0.2631371445860345, -0.4137585022803674, -0.8715289696446215
46, 168.29144682832333, 128.5591623386784, -58.548027212398324, 43, 24.68546019670631, 29.40418574180346, 25.50642930853256, 20.056948581867346, 0.1392740131601598, 0.16331940024788488, 0.9766931569131294, 0.9394251559578084, -0.33372461037785367, -0.07815536310322733, 0.3131822562213751, 0.9284151323254166, -0.1999055188264397
47, -211.66926294440918, 28.101862379043023, 330.2514168987389, 41, 22.788557845870233, 32.24199363734201, 19.53588385899786, 18.78864988299759, 0.33295853528768105, -0.43784724122445035, 0.8351217917951969, -0.7233310446826973, -0.6867708404168399, -0.07167993130148309, -0.604922154973124, 0.5802030731608352, 0.5453747155097989
48, -137.44969122589586, -149.52051581341598, -276.81760961171597, 6, 10.305870661248678, 20.203692516879038, 7.838520302383486, 6.911769165557021, 0.7058326595064841, -0.2045151574427311, -0.6782136884125672, 0.4354885299113773, -0.6298448714602621, 0.6431525310615154, -0.5587038545505378, -0.7493123436000415, -0.35550107543998305
49, -335.71697158298997, 344.6169494362862, 320.8571924113898, 57, 27.242013749531406, 40.71538637285581, 26.11779286493381, 19.011771665040037, -0.6951057411278363, -0.09152992169649933, -0.7130569977816318, -0.7128570785208517, -0.04065777040133534, 0.7001297960440682, 0.09307413310817073, -0.9949719690223564, 0.03698630295038315
50, -312.7195291708522, 170.36929991998613, -341.69782671895587, 17, 17.1120346431676, 21.551555777922392, 18.0949662182203, 12.848976918113653, -0.8728475032604184, 0.4542688730756877, 0.1782611202887456, -0.19339851422815343, -0.6573980396461827, 0.7283027064097036, -0.4480337607216628, -0.6012217630990253, -0.6616631626664001
51, 304.67395166097793, 73.46749787482986, 322.7244892948404, 260, 46.199798075606935, 75.84239230754642, 42.41095841453274, 30.657033028527827, -0.8646331159717526, -0.41819750634305136, 0.27842489194292835, -0.49691249061875276, 0.7935612737191758, -0.35119578801612533, 0.07407800909882738, 0.4420083150141555, 0.893946921257801
52, 278.237037749121, -212.73707709276385, -208.99497742389886, 65, 26.439872900697182, 30.808513143744975, 25.833204540120512, 23.22357459240989, 0.31056953677105437, 0.133331538501874, 0.9411531563303265, -0.4824649763330176, 0.8752069391588942, 0.03521874870151199, -0.8190080032831142, -0.46501130576454003, 0.33614041124114213
53, 312.0327654700908, -167.6937287990407, -106.55192604692867, 66, 30.019222327722765, 46.64021883103276, 32.641351611463826, 17.76927050623952, -0.09487616488236929, 0.9835736287254981, 0.1535624635546373, 0.991898075571582, 0.10649305785879264, -0.06926352795863229, 0.08447911584886461, -0.14574685418093808, 0.9857084424320177
54, 34.809889775994385, 292.7415881499278, 271.33546114032976, 6, 11.254275713498815, 18.176089847210598, 12.490707370837436, 6.27863384611074, -0.5126064429677127, -0.773514478115612, 0.37270630095763285, 0.09525752972004851, 0.3801619364328944, 0.9200015788677898, -0.8533232902362521, 0.5071018184084185, -0.12119037959859819
55, -321.575053019429, 233.74868121955546, -241.6531708933281, 53, 26.400772281070847, 36.65384129362546, 25.905253448188116, 19.379499322498173, -0.3003022388443412, 0.9533528407429587, 0.03060925337879376, 0.9215413486164942, 0.2982634406078408, -0.2485969886922731, 0.24613026659711887, 0.04644653963541329, 0.9681232415455828
56, -295.96747070327126, 267.3400686225322, 75.37655380156446, 8, 11.409312152826654, 16.082059281848554, 11.769014637670015, 7.846873030832121, -0.8907241668142319, 0.3293616487095457, -0.3132592584624148, -0.1374337785640229, 0.4617707495127794, 0.8762874707560419, 0.4332694486837344, 0.8235828308395801, -0.3660449502227241
57, -194.27060105978694, -4.257261314650637, 162.2464372227885, 20, 15.117768438687394, 23.8750666785768, 13.817948867943858, 10.473091365135456, 0.3859451271636497, 0.6732509954288102, 0.6306975947098185, 0.8274742596639957, 0.04960236680415364, -0.5593084612277456, 0.4078390717086297, -0.7377484004466173, 0.537954077246656
58, 159.20542419289438, -208.00392426728268, 4.30267987815348, 11, 14.160385793608768, 16.83897017864315, 14.24927231528949, 11.833604300007519, 0.3607523589615617, 0.27577456656793764, -0.8909579810170256, 0.7321344192254873, 0.5080668618529331, 0.45370392997225717, -0.5777862300964146, 0.8159757669938357, 0.0186177332077345
59, -302.602853642726, -44.56467008960021, -340.9346702451259, 75, 28.875912074481466, 38.38217400624418, 30.60652155240303, 20.49573926708319, 0.8811064260689513, -0.05414256615495742, -0.4698085231987129, 0.27274849781444255, 0.8697375424464715, 0.4112965647791595, 0.38634145891939214, -0.4905356152098732, 0.7810986412295869
60, 110.81980902771674, 260.4792269895598, -36.67368430220146, 12, 11.724079854548156, 23.496449680942103, 12.099113296732343, 5.668661376698728, 0.3163820721915341, -0.9108141394477456, 0.2651791616584035, -0.29003211726301575, 0.173279484174219, 0.941199017912922, -0.9032074818953415, -0.37468896934174506, -0.2093428310258016
61, -150.11075352615885, 95.17168938917237, 68.66921152838454, 14, 15.443222205403726, 20.999751421717725, 14.133262608107259, 12.40958272606628, -0.8570252753143063, -0.47573475380675034, -0.1979497953847596, 0.045625713817671366, -0.45271827312778357, 0.890485518924831, -0.5132503986467672, 0.7541369963054645, 0.40969674039746323
62, -99.32053120342243, -133.07507444834533, 123.6900928701678, 8, 10.556846524521083, 18.33663859671413, 8.409668498686424, 7.629639559158991, -0.5337796800865434, -0.6015737638462653, -0.5942964409943452, -0.8099398225892012, 0.5657079030646818, 0.15482910641844486, -0.2430570651326158, -0.563988984876477, 0.7892019310842571
63, 53.443489023954356, -290.5655890153165, -167.126187407415, 185, 42.80176245416559, 56.86837440189958, 44.71486370299399, 30.836297846693526, 0.9320250414718085, -0.17673690409515128, -0.3163753922168018, 0.30353688028115555, -0.09621090011382799, 0.9479498008905695, -0.1979764743060578, -0.9795445520394407, -0.03602479966903828
64, -177.98353619581886, 224.78052354188873, 301.93540654791474, 9, 9.527595086449482, 16.544417099725717, 8.710808581254943, 6.001225341764886, -0.45358892314964444, -0.3812917710475668, 0.8055269543146001, 0.10043157209407055, 0.8762300759410468, 0.4713113125557889, -0.8855340694307925, 0.2946819291163896, -0.3591545245845911
65, 352.73022562135566, 327.4180623146814, 308.8267661949343, 38, 20.02830336333956, 41.521967635123474, 17.833829084736468, 10.849505817341353, -0.07875213200100199, -0.9714281167424085, 0.2238872834879064, -0.26539918568842197, 0.2369099536323194, 0.9345784857923142, -0.9609169443511861, 0.014180545554730084, -0.2764733950790737
66, -306.59802781179724, -122.4511691117848, -211.9405709272454, 12, 15.562613492016041, 19.289942441598438, 16.020213963913843, 12.19686876154435, -0.961240133477922, 0.27244831348736664, -0.04230038143133342, 0.27515129076967554, 0.9381418534679216, -0.21019426719003131, 0.017583315362245777, 0.21368617000092072, 0.9767441055728001
67, 293.51319596006874, -35.609472101229436, -123.31134615684215, 62, 24.81463217426244, 38.986710626741385, 24.25482626138263, 16.158787269404783, 0.2624418766544773, 0.6134974141927143, -0.7448121804568781, -0.3935265627313405, 0.7728104279135175, 0.49789646206112187, 0.8810568119042794, 0.16243449537268484, 0.4442453476515971
68, -183.87625067464495, -104.25300770662962, -142.45161980912292, 7, 8.045228569846058, 11.253809478904822, 7.51312476750918, 6.158784413254092, 0.153724986185213, -0.8274968534350313, -0.5400162832521612, -0.6923886807627031, -0.4801114292079469, 0.5386009007563823, -0.7049585401809373, 0.29110474592322483, -0.6467545775075245
69, -290.7691599173456, 192.69484541665713, -325.2029941432983, 85, 27.410218785406514, 45.86068726923946, 25.50455472507205, 17.606750158868014, 0.13972789805360994, -0.7630491871282464, 0.6310562990165315, 0.6314952067405231, 0.5595519775189112, 0.5367638105521085, -0.7626859893621127, 0.3235081490126608, 0.5600469258491981
70, 129.1002386558949, 245.4885551738865, 11.716384809358138, 24, 18.556293281702988, 25.371827836094063, 21.87316675012272, 11.513576851254761, -0.2110532720340259, -0.7407373143548828, 0.637781112519058, 0.1716575203446124, 0.614251273036165, 0.7702136517113869, 0.9622838521314128, -0.27203603565661344, 0.0024866104164616176
71, 201.76224559293047, 295.7580517365919, 350.8300002103856, 18, 18.704884351152092, 20.931707769334253, 18.975176459048154, 16.47686547710414, -0.9889755399319894, -0.06581739339738343, 0.1326478501243209, -0.051179304115127625, 0.9925137952717138, 0.11089204221056449, -0.1389534463283352, 0.10288069265762366, -0.9849403549615408
72, 40.59601587185763, -163.8657805950174, -134.490831128366, 6, 7.349907997957927, 10.765306326156844, 8.218813420064643, 4.48755924324711, -0.14953555654707276, 0.9882295779601485, 0.03227101753685471, 0.9621618998807457, 0.13791718428699443, 0.23499644400760855, 0.22777970881101617, 0.06619026758560548, -0.9714603711582447
73, -261.14998865482835, 254.74737714094857, -247.7869600571391, 34, 21.059308609182377, 34.57886314531084, 20.737725181690394, 13.024483235209843, 0.13737148673513855, 0.31053424638311866, -0.940583625445099, 0.49769528143105146, -0.8426525400284967, -0.20551424190257336, -0.8564043913207381, -0.43989223521993626, -0.27030786137248086
74, 62.66438741713894, -94.96824201937594, -92.72174655249117, 109, 33.7595734231595, 38.098443241163324, 34.87399840605431, 28.958887755831284, -0.8101513388489915, -0.48494146906123164, 0.3293730100447229, -0.5650110732730226, 0.4961703876061614, -0.6592248732728602, -0.15626034442574663, 0.7201713115970994, 0.6759704037252376
75, -252.17454056667776, -85.31431767171416, 24.827643746603634, 61, 23.920828609323017, 35.6993013454652, 21.273384453108058, 18.023218699520935, 0.7292831632422394, 0.6151412186061771, 0.2995786190353049, 0.30170553076034623, -0.6820953227711668, 0.6661229191090151, 0.6141008390484499, -0.39540770329547836, -0.6830321424754364
76, 65.51003008744486, 218.60431950331804, -10.381444687757595, 16, 13.629712024694472, 18.676347989404647, 12.454648094148798, 10.885205223182819, 0.447902220762716, 0.5956496954104126, 0.6667721057402672, 0.6886369727357194, -0.7054649752621459, 0.16762544096814141, -0.570230409937256, -0.38408411713563845, 0.7261657321486094
77, 155.23710102673147, 349.95001252215957, 74.23914206323985, 43, 25.95158103360835, 43.33878658961302, 30.518442802778388, 13.21454901268983, -0.1597233691888234, 0.10628062861545648, 0.9814239009297023, -0.9678905248377365, -0.21234604480632763, -0.13452542207493728, -0.19410403721793557, 0.9713977482145059, -0.13678463912108627
78, -77.04361548363643, -301.3010268768592, -275.5888170922097, 7, 12.6032626871847, 16.898873762746295, 11.74933295174119, 10.082726621494107, 0.36595367298146064, 0.8204088280331219, -0.43932592015119887, 0.5894601470256413, 0.16096192077236898, 0.7915983799438824, 0.7201490431153041, -0.5486534561511386, -0.42469370227673775
79, 38.82708532691812, -264.3135289300057, -337.6982696742649, 105, 29.966150373612994, 42.500652870685414, 27.56047131832922, 22.97262492122177, -0.744562287710483, -0.5626680310458078, -0.35920980854977463, -0.6442936962745812, 0.4649067820810609, 0.607245680854027, 0.17467865542237604, -0.683568848627603, 0.7086755227364381
80, -336.45649951953084, 105.40528804344217, 225.29648144057677, 64, 28.403832949727303, 39.22665963326425, 26.15888713186878, 22.33213570331364, 0.0521562359833123, 0.5779076105690875, 0.8144338651446054, -0.7886935943564121, -0.4764214430843249, 0.3885679127136114, 0.6125701113090787, -0.6626050122175182, 0.4309436813726425
81, 321.8780511881852, -248.84125093289805, 195.8304196343778, 11, 12.978578189469909, 18.200461226931246, 14.529803502562961, 8.266834033780135, 0.06133210078271555, -0.697136419069908, 0.7143102873541475, 0.9933930620621427, -0.026913505678741567, -0.11156113776257574, 0.09699792606225675, 0.7164331625619142, 0.690879820172188
82, -199.8054097921834, 128.9384260697308, -300.83327639024486, 8, 8.64522957091492, 14.021419987715161, 8.070840207910244, 5.709773017015699, -0.986853635961584, -0.13146104733004743, 0.09401007512117154, -0.16156576692783353, 0.8170452526685348, -0.5534740807380514, 0.004050203256906184, 0.5613867188727362, 0.8275436832741104
83, 222.27629600324917, -327.10098794195284, -259.77173938520514, 10, 12.49916102285197, 17.439613117757002, 12.9752493921165, 8.629587341361718, 0.6888811108223646, -0.5498163723973848, 0.4723820189168142, -0.6139341920250618, -0.0960711957780442, 0.7834890766336893, 0.38539281650632684, 0.8297422985394666, 0.4037327024155503
84, -35.33960920467504, -96.83510506467557, -336.6226296334912, 147, 43.711072904427716, 84.08232556119411, 33.37031762993431, 29.765236953844703, -0.6926571833240556, -0.6276398929592301, 0.35537894022537686, -0.18256897681520562, 0.6292373155756029, 0.7554660610456686, -0.6977783280485537, 0.4583978244421933, -0.5504333197149582
85, 175.4976187641078, 240.3450761866948, -182.96470919760858, 30, 20.660629512745068, 29.273683249413942, 17.843632486283568, 16.88379268605602, -0.5221352704741107, -0.42469943285878564, -0.7395979658276196, -0.8472416496261068, 0.3576930043025765, 0.39273057152688057, -0.0977565673791811, -0.8316766838155462, 0.5465871816387716
86, 278.37301467620273, -250.17518752731738, -124.89810967584278, 152, 37.89926534392271, 47.2542044869554, 36.81880612403246, 31.28831793778038, 0.7753946382565254, 0.4022824102215701, -0.4867566305551026, -0.2500412498299944, 0.903412285077686, 0.3483182690502583, 0.5798642326842436, -0.14837488196132753, 0.8010882386207374
87, -108.25829552173903, -68.2215107735317, 93.41844003666478, 57, 24.78701665883015, 34.14003499440897, 24.646129000847942, 18.099229906210212, -0.5877723636058964, 0.5596119981149054, -0.5842585559039601, 0.06087461918020479, 0.7507196056904666, 0.6578102723214462, 0.8067328735838176, 0.3510761814731851, -0.4753184043158894
88, 106.08270982879235, 265.5943374626126, -251.31210420685662, 33, 22.34960916653275, 30.650269499095845, 19.588530991326678, 18.59403453315157, -0.8223353643390459, 0.556380070962224, -0.11918794063763026, 0.5624016803793319, 0.8265783371642104, -0.021739421274564127, -0.08642278903085933, 0.08490859300989399, 0.9926336848854203
89, 150.28089631758687, 306.2475502175508, -197.58080091290893, 26, 16.91145245119672, 26.726216753662285, 15.631183995954105, 11.577462023377764, -0.8246546093854225, -0.07246125002212273, 0.5609760622919732, -0.15554432041928223, 0.9825760434339426, -0.10173634185974399, -0.5438296972441651, -0.1711539836373395, -0.8215567991809143
90, 171.51668846035793, -7.779002009169914, 304.29575712474764, 204, 42.56080810687196, 85.21958531439505, 36.56555269390158, 24.741044891861243, -0.9519828538152845, -0.24507470515569998, -0.18348578946216396, -0.2975660742600973, 0.8816304114496522, 0.36630895301173183, -0.07199359340344909, -0.4033189885189666, 0.9122229530158166
91, 316.42279063809536, 275.6320647620307, -96.27997302488399, 67, 28.890525881999682, 47.638233358594434, 24.663301999141567, 20.523880307296483, -0.609594373470878, 0.0331561524734545, 0.7920198036575883, 0.7709503960684102, 0.25730381010056985, 0.5826064161247209, 0.18447272599116005, -0.9657615745415044, 0.18241270379144253
92, -149.62734504322148, 326.4901754862071, 160.9953795058456, 146, 37.130516630385195, 82.49959795261091, 32.10375091390871, 19.327931010279176, 0.08307460686477752, -0.3178346463731428, 0.9444997338586824, -0.7417128400711233, 0.6132627322492541, 0.2716079603174547, 0.6655529074144986, 0.7231113045714592, 0.1847954778479986
93, 145.1073209539092, 114.47110304321698, -124.38772441722004, 22, 19.07689095608951, 22.684948752485273, 20.312769262980193, 15.06662066261895, -0.6679237037837844, -0.14452231403505741, 0.7300624813464281, -0.7329986232243699, -0.04203099828003942, -0.6789303451273638, -0.12880583944422028, 0.9886084644233709, 0.07786115716796231
94, -124.602609919242, -336.9964088024476, -220.11515606166452, 6, 8.054038249735438, 11.348045142403404, 7.544105185629735, 6.102563028894713, 0.28965936247394664, -0.6578791222187798, -0.6951924296767297, -0.8358976659588574, 0.17992822557779173, -0.5185565790586033, -0.46623228735869493, -0.7313144974558313, 0.4978017276338084
95, -223.81183747322703, -138.2380132428684, -77.10210977271969, 11, 11.276915781281298, 15.294278687939055, 12.426387835258645, 7.545657829279168, 0.5836690212037504, -0.25631424652916923, 0.7704761389642383, -0.7738560662411685, 0.11178841936851694, 0.6234181085249552, 0.24592125249518335, 0.9601074712350035, 0.13310289722589622
96, -281.7239786380297, 83.11465099659155, -333.3355634775362, 70, 27.29808248168023, 30.79823456256736, 27.636781545469304, 23.89918752833186, -0.013208110373251956, -0.6373668389648319, 0.770447310598425, 0.9861119733271901, -0.13587721924331977, -0.09550160915638051, 0.1655557968816654, 0.7584859220042787, 0.6303097526139
97, 73.88080200461756, -66.64415316462804, 189.51234060122508, 5, 5.28432959558577, 9.805690612650938, 5.672992106417943, 2.6526461893232613, 0.7221776628198802, 0.6187239735082172, 0.3092572843608027, 0.5075124978142955, -0.7777439249953474, 0.37087120634409726, -0.46998988062117897, 0.11088296415155253, 0.8756794392782415
98, 2.812075694651967, -189.4499134001804, 112.32784123914169, 20, 16.699114338650837, 24.262222373628717, 16.170015164617823, 11.869688147810228, 0.34172424841588167, -0.802738185330728, 0.4887084446339457, -0.8125809116912791, 0.008883652955435844, 0.5827806986038032, 0.4721618366615093, 0.596265449713546, 0.6492539668560623
99, 217.86056957586345, 131.6791820984846, -183.24465097063964, 63, 26.89749503210018, 39.6482430124382, 26.563161911073035, 18.47701417069658, -0.9872349502270406, -0.1369606294716104, -0.081295381326083, -0.1302856276144869, 0.9880445194701692, -0.08242379985211541, -0.09161227148866168, 0.07078003616629962, 0.9932760835704164
100, -43.31348276724036, 217.46491185835865, 261.5762625292577, 13, 11.29663725695465, 15.387714038074881, 13.0596455990906, 7.173680858388397, -0.2858402009112179, -0.38311952564178514, 0.8783591569597531, 0.4414095843513647, 0.7609297887595086, 0.47554540836934284, -0.8505603790359566, 0.5236461454555199, -0.048391693127916205
101, 220.06897104056887, -141.27571509627288, -220.9386323605904, 6, 9.37103705189982, 14.653443957552193, 11.353229610424044, 4.946566320156709, 0.33287108955025835, 0.942778008863821, 0.01914324278676646, 0.25859988616366875, -0.11079010655370523, 0.9596101558268109, -0.9068202339040311, 0.31447603770810223, 0.2806811092497156
102, -204.07334787977808, 105.88347547542052, 308.60696964842447, 38, 21.65715250656763, 35.24587689139963, 18.143928489334495, 15.884166064927978, -0.19819437766455214, 0.6729644502318466, -0.7126274183514899, 0.9701807289824429, 0.23818903977478334, -0.04489247645499547, -0.13952899975724115, 0.7002748246619435, 0.7001048694098823
103, -340.39279171533695, 174.30496030642576, 338.9924891417862, 9, 12.290218095259984, 15.292701062628458, 13.037450369304107, 9.311119528001289, -0.44831354874432994, -0.8935567872365104, 0.02390041831916165, 0.6602623616863814, -0.31300496181164306, 0.6827016241533441, -0.6025517203963383, 0.3218449345024055, 0.7303062798460351
104, 248.27751403108687, 341.9587523442819, -28.522358204584496, 146, 36.809829213066955, 49.874897593503476, 47.32832371068937, 21.129453654323775, -0.9433839854783708, -0.23633691282522373, 0.23274775955782648, 0.2473191152289317, -0.03357533638453581, 0.9683521838820026, 0.2210427813463346, -0.9710909125426453, -0.09012507082809196
105, -355.2591379726791, -25.635055642075645, -193.00454096965234, 6, 7.9562841965095785, 13.123855728308211, 8.640263788350913, 4.441630366337009, 0.34823905654834464, -0.17102274215386007, -0.9216728167633528, 0.38741216921083454, -0.8690630926901619, 0.30763802117288214, -0.8536049265565859, -0.4641988394965948, -0.23638541995719684
106, 207.1185573740344, 200.7168499341406, -227.85848601302797, 10, 12.823479061713998, 22.64553396627892, 13.065862237208504, 7.126839210675755, -0.2740850696217389, 0.8749522787523384, 0.39916899242869186, 0.9605192474322886, 0.22844405585763322, 0.15879574507972294, -0.047750915410663806, -0.42693304305172375, 0.9030216092807738
107, -68.0127200216108, -63.63445431840164, -28.23267062522249, 74, 27.4601594112061, 36.15697681714421, 25.452592675288017, 22.50012982527278, -0.569574310880243, -0.4993132642504301, 0.652894607520139, 0.21605629299982024, 0.6754483432514529, 0.7050455402695939, -0.7930351711245043, 0.5426378163586175, -0.2768382517230588
108, -146.37366804032587, -227.23537768582864, 245.01201696951148, 10, 14.023090502757608, 15.521231030950307, 14.008728853260125, 12.682542256803194, -0.9095008124799706, -0.24419629674841478, -0.33641706370609864, 0.002669114416232416, -0.8126880249004093, 0.5826929294334235, -0.4156935745552313, 0.5290617571114273, 0.7397922067957079
109, 337.62740789836755, 40.15709190440937, -271.9246362589963, 98, 30.14548879042663, 40.81719868382525, 29.344859244927967, 22.87134811028869, 0.4483297955384171, 0.7111752632560069, 0.5415072846834382, -0.25497116062865177, -0.4788877041211888, 0.8400334958138366, 0.8567322228562197, -0.5146807862882452, -0.03337044419174312
110, 165.26286399925996, 98.12330577750411, -143.99412418183178, 42, 22.320017195721693, 31.88459600593819, 19.924422321271283, 17.50317832229699, -0.27107804740237507, 0.2098782330792619, 0.9393975832926348, 0.9613995699423602, 0.10688856908686156, 0.2535462496532102, 0.04719702460071787, -0.9718672548646187, 0.23075198762036597
111, -79.30401086974217, 337.95475284669453, 304.65616774344227, 66, 27.778583006058916, 33.79232960895702, 30.56299718841074, 20.75468714878526, 0.8789192999244969, -0.3478761100219641, 0.32631744712199884, 0.011054648920821518, 0.6988193402068535, 0.7152127826668755, 0.4768423837679166, 0.625006993423949, -0.618051453532541
112, 119.86337600851782, -210.92677186409676, 309.1664071717972, 13, 17.011873409296783, 20.646212245886648, 16.312978295612076, 14.617825762738654, 0.6753898835114285, -0.44143264394823484, 0.590750138474203, 0.446769937324355, 0.882243719966081, 0.14846764524165862, -0.5867240649177523, 0.16365585671549482, 0.7930773179262577
113, 314.87341907891744, -304.76223591196606, -269.4713055651267, 52, 23.913758583048104, 27.463124282385685, 24.405305446939, 20.40371891631737, -0.9351199511997936, 0.23853956282014163, 0.2620105987124783, 0.3537146899288882, 0.5848317584208683, 0.7299710490634993, -0.020894855745044204, -0.7752874894591884, 0.6312627928933106
114, -132.06555129816266, 225.2007627371134, 32.08853946863537, 11, 11.426994952277031, 14.792152914805392, 11.776842881431367, 8.565167054875342, 0.7009362297945635, -0.5894636252694279, -0.4015233943939089, -0.3055905686738371, -0.7568887277363274, 0.5776970297338254, -0.6444399165934583, -0.28222701555646096, -0.7106652556521315
115, -176.3375218621548, -184.00537117775957, -227.30078854599856, 5, 5.904980635111778, 16.43554894109004, 4.839277978203203, 2.5887532052656725, -0.6955020911382824, 0.18119437243332018, 0.6953024094743032, 0.33480324527008826, -0.7744861998278938, 0.5367289010597108, 0.6357543772392711, 0.60608557619749, 0.47799230762268874
116, 137.6433426800179, -71.87808373738484, -328.60441245748484, 9, 12.983837755791438, 14.833405715649425, 14.31600993837589, 10.307334569844167, -0.802222627471263, -0.39695382067951096, -0.44594452594581974, -0.5958544065207114, 0.5790928712312555, 0.5564251726144237, -0.03736819774827404, -0.7120948748145006, 0.7010880879461345
117, -59.12351980199688, -178.66187766204834, 283.7725036155198, 11, 14.524095248438728, 16.13349382118697, 14.29360164825905, 13.28608918666422, 0.7314044115225096, 0.6368595015629432, 0.24383921356994898, 0.6137878815599639, -0.7706008283643703, 0.17157738712976797, -0.2971733892116568, -0.024173096474125248, 0.9545174897042535
118, -298.34238426265983, -353.84070896695977, -17.25588029891454, 23, 16.23982162449389, 34.1809247948807, 15.818253148895439, 7.921390694332078, -0.9994222587535905, -0.02785251109727649, 0.01947784211475616, 0.018438315690017283, 0.03710447777199937, 0.9991412744170778, -0.02855130859324209, 0.9989231678937293, -0.03656948759239045
119, 61.23870276925006, 52.57718937063419, -249.86444149984294, 10, 11.311018676992788, 19.259668052350296, 11.6261076988505, 6.462819387763326, 0.49588787037733845, 0.47947555977753203, 0.7240154746886632, 0.8059448138472249, 0.056327301960606174, -0.5893048379969408, 0.32333910534513055, -0.8757456380878305, 0.3584988149558507
