# Void_ID, X_c, Y_c, Z_c, N_particles, R=(abc)^(-1/3), a, b, c, vector_a, vector_b, vector_c 

0, 199.39608345349154, 159.61600254011455, 286.7446880941191, 6, 11.783819374968111, 13.149765426554195, 12.332575615389283, 10.089890151928852, 0.4330933666318621, 0.9012390893477457, 0.014079758915752997, 0.2891035638295543, -0.15369120079510637, 0.9448799628414232, -0.853726692308804, 0.405150735689575, 0.3271140721669808
1, 23.520336237832602, -348.15547297018645, -1.7673801262197066, 8, 9.7924792149512, 12.600695474044715, 10.591617067466096, 7.035924791304923, -0.43037076525678486, 0.4368656994788514, 0.7898919958014154, 0.8778149825879582, -0.001306657806936298, 0.47899806783480686, -0.2102899444966216, -0.899525793551374, 0.3829249090610047
2, -135.3014198975202, 337.48913081630013, 223.0859929585671, 6, 5.977947559016139, 11.347264135283478, 6.274202402658107, 3.0005896974477144, 0.7118362644073157, -0.6774904330644254, -0.18519137609731123, 0.28813111330361907, 0.04122418620491148, 0.9567032079062763, -0.6405229068667684, -0.7343754350316466, 0.2245509434427406
3, -214.2271433269668, 313.05721781031184, 227.90816069842126, 9, 16.051982238886126, 18.661875412750028, 15.966953200272043, 13.880613878563057, -0.08156279035976055, 0.1715436110916127, 0.9817944289526089, 0.5174962546713064, -0.834593598596246, 0.18881512540932302, 0.8517893739827351, 0.5234752283306419, -0.020701393534797094
4, 187.20187435665366, -274.3671926956862, -295.9827660156664, 215, 43.81861574885782, 77.02725845142038, 37.23380089790439, 29.33554417198413, -0.6364230981841906, 0.42466207815320234, -0.6439159568423813, 0.06510293618982008, 0.8613959540227679, 0.5037445960927719, 0.7685878269899282, 0.2786738770889881, -0.5758590299987418
5, -106.4162660318271, -112.07646397311062, 45.44426632199057, 17, 16.866623586283865, 23.124067031123328, 15.740856054385475, 13.18232126284687, -0.8718652862905324, -0.20470354826173576, 0.4449127778459315, -0.1295929465263194, 0.9725050205891981, 0.19349328964961562, -0.47228867313556705, 0.11104252454739645, -0.874421504178612
6, 101.31382683430176, -54.2577966967631, -160.49541052819777, 21, 14.035073337180563, 19.06179044427371, 15.755956813257717, 9.205249969060745, 0.1118213989726722, -0.39338660158139876, 0.9125475091347476, 0.7188012173427343, -0.6020659549945516, -0.3476224903298145, 0.6861638176692195, 0.6948118936321804, 0.215442910741722
7, 153.48895846077346, -302.82558427858, -281.5105692484353, 8, 10.38495994251932, 12.141426850672223, 10.424229966872225, 8.849133880606297, 0.23013151666058426, 0.2519494175828316, -0.9399792423341972, 0.9270370753661349, 0.23707958758261313, 0.2905090877206099, -0.2960434865625383, 0.9382509046791956, 0.1790069661565361
8, 217.71981068336586, -247.12098833983802, 138.18403626572044, 49, 22.741520811299104, 29.300184705060648, 25.155158134609806, 15.957362200945063, -0.20927517086024347, -0.26201314209908255, -0.9421003217432748, -0.17180635483305812, -0.9385948544849214, 0.29920273323184493, 0.9626455626555359, -0.22447452528470926, -0.1514090756784779
9, -58.41341653610582, -278.19405858757034, 254.01791845136782, 15, 12.310250396198985, 14.732022023048103, 12.758364632599113, 9.925291962256638, -0.19684448235412988, 0.9800248188618997, 0.028347913176023396, 0.5579956245229876, 0.08820929090832323, 0.8251424143810884, 0.8061594958691094, 0.17824274294386092, -0.5642130730565468
10, 329.37315411097694, 120.53266812622661, 338.7465225445801, 26, 19.95555806582063, 27.490672297004, 18.353765808513607, 15.750019138613917, -0.7972037439823981, 0.6036680823787047, -0.0071440113146838125, 0.5599872558474792, 0.7438367179977687, 0.36485779455387535, -0.22556698310891438, -0.28686544454765617, 0.9310358493933616
11, 63.80942037402516, 188.30646859333592, -2.176202473454625, 54, 23.95597410963861, 35.19277566026158, 23.26786323418181, 16.78925717779608, 0.8699166404596725, 0.38826397353241215, -0.3041317568228926, -0.146350123997299, 0.7920912039112653, 0.5925986549869797, 0.4709847979047008, -0.4710017107646472, 0.745875799714298
12, -331.3227722978382, 279.99564074085305, -303.225645927261, 13, 13.633605745253513, 15.766031167184876, 13.39493017241387, 11.999671530631822, 0.7318217552703431, -0.004212741987635432, 0.6814830675211082, 0.5109189220278525, 0.6651545558700142, -0.5445468500682576, 0.4509975317304226, -0.7466938258820046, -0.48892694419796623
13, 269.91199882007635, 44.15180952764804, 40.7273258924916, 7, 7.888825190281256, 10.29686187109245, 7.283702262154199, 6.546059162930682, -0.4663241684684943, 0.10712722526456173, -0.8781033694897675, 0.8617325174920397, 0.2793192902572867, -0.4235537774439004, -0.19989706901052567, 0.9542035902768763, 0.2225683492856075
14, 255.95148157762463, 57.617065321093335, -95.59037743710526, 7, 8.96341515774394, 13.735535308788618, 8.9000463305866, 5.890913952496767, 0.6270141717647768, 0.04291526880768618, -0.7778248569628607, 0.24333200647232398, -0.9593103171222793, 0.1432244744759237, -0.74002889337666, -0.27907345836878794, -0.6119438224231047
15, 82.30238580718121, 66.8176824210725, 25.998421108522184, 12, 13.909181942318973, 19.081824105820928, 12.455911924504775, 11.321640154776762, -0.5518970327377516, -0.6640412131403703, -0.5044392257807974, -0.29262459607746183, -0.4122274975974218, 0.8628089800153159, -0.7808844415313748, 0.6237930405796728, 0.033192340962936315
16, 73.09358716418882, -244.50952614789782, -267.40332275197994, 27, 18.856478391797253, 25.839768562714017, 19.194507030629104, 13.518116382191993, -0.7960326362681015, -0.5856834379595688, 0.1526661471837036, -0.5907122330028384, 0.8067451652081477, 0.01487602749658057, 0.13187531905878697, 0.07833995732152521, 0.988165852127063
17, 258.40834908826076, -251.85664771854024, 133.76587908426401, 29, 17.337659715660227, 23.423625993864363, 16.35352622797473, 13.605229989398143, 0.7668629103033822, -0.6247774839655078, -0.14688217158919084, -0.5061869132427466, -0.4480621526423345, -0.7368955938471187, -0.3945834330820382, -0.6394477327344648, 0.6598564324441685
18, -146.3902137454816, 196.2228861569781, -288.58397708412826, 44, 21.736899221638073, 27.62446549109751, 23.42404628401802, 15.872194419039165, -0.5661163775130489, 0.8214273064059926, -0.06906104113100807, -0.6970483161754325, -0.5217470174989649, -0.49183706107605313, -0.4400407845058188, -0.23029813290934822, 0.8679440523155691
19, 14.153394311801952, 346.9171416478239, -301.9841140494222, 124, 35.82826709453584, 63.31055814779601, 37.85020679843905, 19.192564576008657, -0.9953655240728158, -0.06316689764991217, -0.07250804457806469, -0.0810125737162535, 0.14456304651176222, 0.9861736604083009, 0.05181154685123464, -0.9874773256255172, 0.149010385505033
20, 200.805596259036, 260.6703623772744, 351.13834859510837, 15, 13.45533142456324, 19.467392366646784, 12.106663591186487, 10.335962895864528, -0.4224883650641146, -0.9054779486389402, -0.04016548162375845, -0.8964218485201877, 0.42398861609228156, -0.12907952169031986, -0.1339083674797832, 0.018529380798327822, 0.9908204737318107
21, 12.81015679192494, 274.6815800594471, 91.98362654569632, 7, 13.15044364669866, 15.288993305288676, 14.194288098504385, 10.47921395239809, 0.7602296657036626, 0.6483452210624006, 0.041222926990262684, 0.5392471176395632, -0.665145870478245, 0.516520587298474, -0.36230291401191, 0.37044492885081287, 0.8552819144511326
22, -152.5310930872599, -7.449361886486822, 27.48140777340242, 14, 13.084031628861165, 19.20772920508497, 12.927998191378686, 9.020226624774224, -0.27134079496964175, 0.3822407235699194, -0.8833267811121699, 0.9294296877199701, 0.3425084572281372, -0.13728952003689235, -0.2500692475495568, 0.8582423818315814, 0.44820239340955403
23, 116.66095896950893, 164.95276691465307, -19.605963564653326, 5, 5.066118500912405, 7.469766152547923, 6.117244586109565, 2.845530080557468, -0.1135211930461213, -0.5694424221363384, 0.8141549401685685, -0.6389425291458863, -0.5856791798891546, -0.4987307316508832, 0.7608320334857381, -0.5768147242536965, -0.2973539821594607
24, -282.60658748290007, -6.107563344048698, 212.63409209638527, 36, 18.121928964207246, 24.31449665309793, 16.019836747519463, 15.278823064230913, -0.6391665793435916, -0.7689005629310548, -0.016062632863862905, 0.2888596944691584, -0.25937327073650973, 0.9215669174501815, -0.7127595392286205, 0.5843949270414246, 0.38788710791524456
25, -186.0488925394895, 263.5338369505805, -198.80286739760737, 8, 8.438762725523603, 12.311438707899724, 7.304921314203815, 6.682084728482101, 0.6039810093333532, -0.727949781178547, -0.32449353837444794, 0.428860902560287, -0.046333202580576535, 0.90218155633653, -0.6717776913680884, -0.6840631187403196, 0.2842048257145342
26, -276.29245212743484, -292.50551142007015, 96.41644068527111, 13, 14.63107627736395, 17.279208890941625, 15.670439344731365, 11.567081503825852, -0.6965661951065201, 0.4873660478158336, 0.526564213815561, 0.7158390702451458, 0.5218563514695744, 0.46394005425424206, 0.04868224877087983, -0.700100195591488, 0.7123831516728694
27, 229.48270325955767, 77.24843684060333, -215.04933357070516, 33, 17.518375358487205, 19.959419121578104, 19.100550357956823, 14.102227083007614, -0.059713718253935476, -0.8751743855882681, 0.4801083905353945, 0.9981453204626919, -0.05805459284816301, 0.01831893795131836, 0.011840231869344521, 0.48031183522731524, 0.8770178731644234
29, 313.54102821141225, -350.6923241199498, -116.64022496814458, 26, 19.503533398629994, 37.84901103590452, 17.115997320899186, 11.452047720096996, -0.1433356089466747, -0.0952377757190757, 0.9850810470636258, -0.9396711076804012, -0.29928886843007846, -0.16566346194780285, -0.31060121152142284, 0.949397671847748, 0.046593433995574265
30, 35.84131917240407, 321.2663257069611, 131.10693475953218, 25, 16.929668200616828, 22.518435576886993, 16.81605648800191, 12.813948279090111, -0.10044323924939633, 0.1702366499043953, -0.9802706966539481, 0.9936457800780515, -0.03312779548251665, -0.10756678343963386, 0.05078601601001079, 0.9848461972286824, 0.1658274657046715
31, 179.50048463864485, 274.63932118422497, 14.77933382715201, 12, 14.668573314871267, 20.7623433491579, 16.29375832086578, 9.329663681690159, 0.23963544036871307, -0.1350903185397874, 0.9614184632906275, -0.46215798143545594, 0.8550024090738882, 0.23533142729638182, -0.8538060997174931, -0.5007209665219406, 0.14245580988691103
32, 205.4864996031513, -213.43804267123625, -88.10615249993673, 7, 10.119350411643943, 12.777723789295905, 11.869408754593039, 6.83243206960798, -0.10535342124211704, 0.24383048686348055, 0.9640784980013293, 0.8410401347847613, -0.49544859304519107, 0.21721460202014833, 0.53061487758431, 0.8337130113686952, -0.15287402120939123
33, 24.335363691121522, 322.622356221862, -285.39461222627074, 5, 6.36463957004521, 9.051585952583862, 5.685639794549014, 5.009765778554293, 0.6058897413530023, -0.2740907638870762, -0.7468412645770125, -0.6710435041705826, -0.680324825710974, -0.2947180805987279, 0.4273151493144799, -0.6797296408669657, 0.5961286593456226
34, 18.57121180145837, 104.1347598981554, -21.268095944763147, 36, 17.14243591769146, 23.223006715035503, 16.888364894153675, 12.844332876782714, -0.9395305912279381, -0.31852511443952, 0.125793559525803, 0.10317997381844664, 0.08697025198200602, 0.9908532021813378, -0.3265519271872481, 0.9439162710439296, -0.04884579929550971
35, 164.4858377268225, -317.24292609959787, -202.8778991716968, 20, 15.728777590503604, 20.89953282341724, 16.530176286631082, 11.26343483833249, -0.78186942229806, -0.48559563135622774, -0.3909949990511958, -0.6204688880661546, 0.6672672769443263, 0.41203487723887355, -0.060815831962144525, -0.564757703734132, 0.8230128617802412
36, 150.0228698144547, 161.10498457271424, -144.1661392691878, 25, 17.973028984393146, 22.70053099978514, 16.65924668368253, 15.352264665607422, -0.07421573041972195, -0.8625311196575209, -0.500531810158566, -0.11977500292705046, -0.49057297495479135, 0.863129251571183, -0.9900232189358451, 0.12400896687880684, -0.06690143572120515
37, 326.97240158287593, 230.65157809071374, 260.12260881355417, 55, 25.506157586158736, 36.59065771475778, 21.82954419975512, 20.774005010681943, -0.9413669384340193, -0.2917668895662389, 0.16941183363686044, -0.2951705572775866, 0.4690220187071185, -0.8324017588186239, -0.1634093918347395, 0.8336008805901871, 0.5276428171968849
38, 199.1126426097739, -50.82360733043212, -311.6559343310439, 15, 16.032159544337237, 21.295007976597706, 15.528967810395242, 12.461079922442812, -0.09522724516097913, -0.9859074760144094, 0.1375435222682169, -0.8971693387578848, 0.025136510843043258, -0.4409708986037256, 0.4312991413993198, -0.16539227479400057, -0.8869196390128451
39, -10.602002621992701, 221.75924696159348, 245.98986873232968, 22, 16.692541250542476, 21.159590247025108, 16.28379441448847, 13.499090543020467, -0.23275366356279317, -0.9368946594026228, 0.260871863720374, 0.12989551095521423, 0.23588731884932707, 0.9630598782213698, -0.9638220210867677, 0.2580417989181585, 0.06679477284412948
41, 31.746482253014435, -252.21866645328382, 345.42401386110186, 21, 17.629671484259337, 22.73311123629162, 18.32456153082954, 13.15346550511936, 0.39297236520478407, 0.4276884534845553, 0.814036428510019, 0.21814448841640102, -0.9033434755250147, 0.3693014316245388, 0.8933004546953421, 0.03245230319062412, -0.4482869010563647
42, -217.82164550200966, -294.6609335714828, 47.327355993420916, 169, 40.41628510826457, 65.25253228419378, 35.668844518459366, 28.36499861231871, -0.7805159440290208, 0.20440518881109934, 0.5907735436726878, -0.17132204806702392, -0.9787925588983003, 0.11231154211138569, 0.6012018105117504, -0.013551584129395406, 0.7989823136997322
43, -22.71671401231309, -342.33482755197525, -308.21826814133254, 9, 13.334744039969365, 15.531243612765508, 14.569484098502867, 10.478609254776595, 0.9558049696019737, -0.24508257308962692, 0.16239271058744534, 0.10051877374435442, 0.7914811042561073, 0.6028711618003173, 0.2762839774744475, 0.5599037363451872, -0.7811369725071257
44, -14.167534301706919, 4.702663388992407, -45.48704629932619, 7, 8.20748412175614, 9.314987136784062, 8.680105825490479, 6.837902029528701, -0.7487381149571598, 0.10388021161067823, 0.6546755966477745, 0.2774175201174347, -0.8478821359796155, 0.45181346042203907, -0.6020222211366382, -0.5199084391720964, -0.6060234815049192
45, -248.35186067158307, -4.258580598468747, 214.19527194162092, 12, 10.826073027502444, 15.281912616287942, 9.970211904508437, 8.32780900245249, -0.683964725369326, 0.7291830435403424, 0.022007804608949737, 0.7110427850383542, 0.6595965933304032, 0.2436195638938456, -0.16312698211934132, -0.18227567879497686, 0.9696211448934405
46, -180.41813441862016, -17.40776939509405, -242.8254921971013, 8, 10.642202877840257, 15.091210363858389, 9.96603213462203, 8.013979836027247, 0.419463391983854, 0.05840620158503975, -0.9058913722968154, -0.8036770650832015, 0.4878953541664695, -0.3406777046447667, -0.42208250123009294, -0.8709459449352657, -0.25159396486435354
47, -112.6590857378138, 12.934316322817715, 309.206231591524, 52, 25.44784642281476, 37.96251349597897, 23.96214072019064, 18.116426311599035, -0.08433173462116643, 0.41580606886776916, 0.9055349091164389, 0.10293327855599077, -0.9002750935816101, 0.42297694504823535, 0.9911069057884219, 0.12888005652293602, 0.033121478365931906
48, 40.40704618299068, 265.75018588316084, 28.878223304556244, 16, 14.369383409084303, 23.237461713885292, 11.860590839491504, 10.76513269527635, -0.6023331101444319, -0.6762265229004438, 0.42416095311769486, -0.736591819427865, 0.6756212777485485, 0.03111881433098673, 0.307615532728247, 0.2936895959672296, 0.9050519903546548
49, -317.0002207415875, 69.14628629525775, 174.3103990189526, 6, 8.971235411129122, 11.319362658701246, 9.940375693355321, 6.4169992103967575, 0.8801652347760411, -0.4709476947684179, -0.059307910804121636, 0.17721546536588176, 0.2101199505549682, 0.961480257318855, 0.4403451354639797, 0.8567717754286088, -0.2683994905027182
50, 265.68135326099144, 118.44454816433057, -323.0968342152714, 70, 25.58872834081027, 38.04128456010534, 21.922033072873745, 20.091395780338296, -0.02921474342205004, 0.9734449193729694, -0.2270495270061954, -0.1932526748370518, 0.2173602596841398, 0.9567695235417817, 0.9807139758538714, 0.07182970455874538, 0.18177071025854424
51, -325.7510069872864, -265.6651093159447, 67.4990351603984, 81, 29.13590035868934, 40.75250704261968, 25.872792984154653, 23.457821913852673, 0.9466460688004822, 0.2597486839491121, 0.1907664582973043, -0.15742274363297143, -0.14381523948094896, 0.9770032019804772, 0.28121041981345607, -0.9549072196186091, -0.0952517806059141
52, 269.14619360070486, 8.481008392397296, 326.73674630632314, 20, 17.276889389293988, 24.156388272861335, 18.78668243975149, 11.363564007104118, 0.7222820948360763, 0.4831771244639061, -0.49482162632003074, 0.44014789416707184, 0.2307291043831243, 0.8677752656367048, -0.5334589082014664, 0.8445732335240993, 0.046017892988994696
53, 142.72805143015353, 230.68667497205647, 314.8002136282258, 55, 21.878375794863626, 35.18958395921252, 17.933956120976383, 16.59414948815302, -0.35245452563753266, 0.3485782814809774, -0.8684866084387199, 0.9170144038384979, 0.313798506586843, -0.24620130059890336, -0.1867093744575981, 0.8831894920930807, 0.43025100876815925
54, 330.57993917719057, 31.7627401178048, 67.06005546737657, 40, 20.687238954707187, 29.940780994481266, 17.773378102684386, 16.63697976057653, 0.44086053038209616, -0.006751480846817402, -0.8975502271503204, -0.7479254880470767, 0.5500829456395673, -0.3715053394583162, -0.49623528399415207, -0.8350827326815436, -0.23746025456140796
55, -153.32775344999925, 132.41965079935633, -215.60844064350033, 22, 14.44653380252427, 22.159642330185576, 13.972874716787675, 9.73738771754665, -0.9981276534178165, 0.011725217268092562, 0.06003088174147575, 0.060927221703275185, 0.2770949385488027, 0.9589088948832184, 0.005390838354372389, -0.9607709999321644, 0.2772905056996825
56, -132.88403514055804, -133.7189077593184, -124.2918005098014, 6, 6.861039431774739, 8.293857270703448, 7.1702603328093915, 5.430980764620258, 0.4162705813765658, 0.9076633872342679, -0.05353483496594741, 0.7203123499003967, -0.36513320787920384, -0.5897693270125285, -0.5548593710674662, 0.2069418178577196, -0.8057953601010358
57, 66.00045138501454, 277.8425528138391, 146.09684177435722, 17, 14.967627930737075, 17.64527220331346, 15.050665878912634, 12.626263820209818, 0.8407256623405385, -0.541139703273504, 0.018659641559444405, -0.4775085757836484, -0.7572332086459526, -0.44562700521492965, -0.2552761656229092, -0.3657399202504699, 0.895024239895236
58, -163.73220601918212, -254.8985337635948, -164.7905045698756, 44, 23.553981182343282, 30.893369130048438, 23.407477658055168, 18.070621111608563, 0.3560415524952652, 0.34131857156860357, 0.8699057682295993, -0.4612563236085348, -0.7454087871358386, 0.48125704565420824, 0.8126973709985158, -0.5725970422234529, -0.10796115231440565
59, -318.377726133643, -348.5561465257218, -65.897879023927, 65, 26.625441803523287, 47.201719520619704, 24.277755158997003, 16.471157555279955, -0.9587041410951809, -0.21461210768403305, -0.1866226488997742, -0.04599695714975413, -0.5305450749018602, 0.8464078233513341, -0.2806610941685989, 0.8200387592868984, 0.49876425642510624
61, -146.46443410232524, 143.45676654305035, 276.7978714064236, 148, 33.4031304348019, 53.445802759942936, 36.925004647622266, 18.885450321762995, 0.6219940731591411, -0.5046334704452862, 0.5987223341927771, -0.6099026065593617, 0.1672980259045114, 0.7746161507744012, 0.4910623010036475, 0.8469689669845051, 0.20371888841784702
62, -283.95271643086676, 12.914608685651332, -25.63583902698617, 13, 14.468030960001709, 20.95689521119216, 12.468860883424345, 11.589763316023907, -0.811498177061059, 0.23147033107163717, -0.5365558633172923, -0.08961713938716395, 0.8580428736060416, 0.5056987199726218, 0.5774421849455061, 0.4584581909917989, -0.6755565188478958
63, 230.3822882390759, 349.4222825742464, 320.6944442169275, 13, 10.38283595165076, 11.998509304303424, 10.016620427406627, 9.313211532586887, 0.7131092644620599, -0.693754333015298, -0.10089649330318147, -0.5912507226603818, -0.5178249271395833, -0.6182879004043842, -0.3766931906631143, -0.5005619544625666, 0.7794485036566932
64, 239.15701124787157, -157.11490255542483, 148.3238279769932, 14, 12.97763593618827, 14.600231741173014, 12.427446195055623, 12.046062698477382, -0.6563280186619286, -0.5030603817207284, -0.5622844335941573, -0.7500491378842007, 0.35443964630025465, 0.5583894947881071, 0.08160773663369933, -0.7882276254189181, 0.6099486764048092
65, -139.9883548402956, 308.0440571454203, 154.326105700965, 105, 31.322418504953276, 48.85838500458928, 25.563033607959948, 24.604489886797467, -0.3357348397755688, 0.9337200668747844, 0.12429382155288883, 0.9419530965426053, 0.3331545882430489, 0.04162192026326854, 0.002545834768932425, -0.1310528788235973, 0.9913721106009473
66, -242.20627387182313, 123.45286743280626, -14.84650188290704, 48, 22.093941579555352, 31.966844240362406, 19.989989144712712, 16.877467514701937, 0.42687857307656946, 0.7406053776398253, 0.5189203777643384, -0.39735745845340176, -0.3618492354195684, 0.843310251946297, 0.8123310495478838, -0.5661879594597935, 0.1398193852911281
67, -340.00260714060954, -230.69144000822465, 24.919142478448236, 60, 24.77491414543642, 34.10055125942137, 24.033430317222894, 18.55492965581561, 0.39555385414272387, 0.6804213646447603, 0.6168986262002849, 0.5881296933339452, -0.7035540194018819, 0.39889247373493514, 0.7054364693519584, 0.20503294447092732, -0.6784695124984063
68, 148.86423031176338, -14.650338643798744, 302.1716781969279, 133, 34.34954429361503, 49.008544778544426, 31.60156968141735, 26.168719809300235, 0.8200611395306822, -0.5149000569013324, 0.24975519781306638, -0.31504397681166124, -0.041850761164999535, 0.948153893871983, -0.4777520487725127, -0.8562280334075233, -0.19653634447794047
69, -331.32731022708936, 25.621341045929896, 48.32366852407404, 27, 17.48954790993309, 26.27890577519428, 15.949763062845246, 12.763630902371812, 0.7552715375675629, -0.6095013167660133, -0.2409835044164332, 0.40600524189142495, 0.146452049813091, 0.9020596103707501, -0.5145139921294805, -0.7791405149047501, 0.35807179438898235
70, 229.53837525889463, 194.3492860130222, 159.270905279045, 8, 11.703417999043664, 16.18368537264879, 11.924274277056274, 8.306704590784605, 0.36124389987252664, -0.31488720429289274, -0.8776952166768905, -0.2742847198775345, -0.9354984422521431, 0.222734274384335, -0.8912186809344771, 0.160276988730198, -0.4243118542263351
71, 356.0291698744594, -130.74230725804887, -276.8540239579446, 7, 8.468470192612868, 16.202217805484402, 9.5428762827822, 3.9279063990075898, -0.1587323470534454, -0.8185480473648921, 0.552071676645367, 0.1202091542141641, 0.5389785288170944, 0.83369772982615, -0.9799764289216449, 0.19869886670356895, 0.012843641566838686
72, 155.41099400385264, 26.110594642818267, -48.91686839092938, 69, 24.989738075316623, 36.60717729434578, 22.37326736644263, 19.05414462813324, -0.7171107038872827, -0.3019683395083092, -0.6281459705393965, -0.6862973269124688, 0.46298813205006584, 0.5609259921358529, -0.121442239122495, -0.8333409335412411, 0.5392538094826291
73, -67.08078763512253, 84.28570353321463, 18.09145448100877, 11, 15.05766957836502, 18.886993613162055, 14.875759514463871, 12.151539593815155, 0.27898624008794193, -0.029131277721410793, -0.9598531379851353, 0.5055947785890551, 0.8542401301825484, 0.12102776478637961, 0.8164193761205558, -0.5190618158216042, 0.2530498639614367
74, -265.58769768183424, 138.60130171767955, -63.428911781324835, 22, 16.289551219423924, 21.56248065200991, 16.148526354236324, 12.41354261177371, -0.5104903220663319, -0.11494299504642456, -0.8521664972095362, -0.0694742531814972, -0.9822722711294696, 0.1741106358469434, -0.8570723185481411, 0.14808542554860424, 0.4934549093064151
75, -78.43927844501222, -272.9237394533049, -19.135887392740603, 12, 11.405443138412675, 15.143315678824546, 11.670203377765283, 8.395316831931405, 0.41169031154328894, -0.7731205921253714, 0.48248900237529246, -0.7250977052618829, 0.0428205630974954, 0.6873134053690245, 0.5520365977046654, 0.6328119384206721, 0.542959156278747
76, 152.83732835664057, 287.8086953821708, 323.52548749670615, 267, 46.888365315652415, 50.99341221742669, 47.44816516164482, 42.60511870915623, -0.2535960444734852, -0.6133588671538063, 0.7479839211582034, 0.7764179941566265, -0.59027400129322, -0.22079787532286715, 0.5769437967230451, 0.5247547079170322, 0.6259140132172373
77, 147.03824467326257, -127.69811786439669, 154.22569216207364, 8, 9.678505287347816, 11.702775302723687, 9.56007989684488, 8.103534521905821, 0.09192834923647492, 0.7530095914771748, 0.6515563933766861, 0.6579239626992663, -0.5370897272363758, 0.5278926824679896, 0.7474524987668117, 0.38014626137913443, -0.5447968263919277
78, -335.15793664337735, 99.62040753448346, 211.68962682234576, 109, 31.322596552504343, 38.19075354392275, 34.88017130277435, 23.06940711041672, -0.9942378187201988, -0.08995993280563225, -0.05829554284940981, -0.09259312028442651, 0.44667476307167114, 0.8898922238736892, 0.05401549687353752, -0.8901622697713448, 0.4524306129927909
79, -310.3025944720579, -47.094171330150175, -80.75363115583447, 44, 20.020511771576622, 35.04534857509064, 17.39855388218719, 13.160790872397861, 0.6657202830130988, 0.6240222674207672, 0.4091609885460784, -0.38765867911616025, -0.17930384328323787, 0.904196262041474, 0.6376027394003846, -0.7605565998312706, 0.12254144263155063
80, -209.92931215331478, 44.90385300249091, -192.44683405731234, 6, 7.9945063839343655, 12.768333820321985, 7.688753729658873, 5.204569133480941, -0.6544217735852456, 0.7275537194461128, -0.20590708481659556, 0.7487903184315614, 0.58572750663274, -0.3102198365626456, 0.10509615254947775, 0.3571958472517849, 0.9280980149883828
81, -298.1769990165223, -14.634829885323072, -299.80660359182997, 14, 11.858071480138129, 14.527812350648063, 12.593623904521051, 9.113627017662559, -0.8440118214527877, 0.2584621930928853, 0.4699375915901637, -0.4676634996606495, -0.7836170548984343, -0.4089439599229436, -0.2625545587741746, 0.564926195191832, -0.7822553915780822
82, -189.98340786343155, -299.14054890871796, -208.18551540144784, 29, 21.289392634900278, 25.733186456967356, 20.964043047171504, 17.886328604106833, 0.2801541322281557, 0.3935650596419658, 0.8755685044726683, -0.9156075254134626, 0.38357629089780304, 0.12054911226267669, 0.2884034008151149, 0.8354494436470113, -0.46781161326775056
83, -13.232336994489796, -108.31678707808568, -72.3672219383157, 56, 25.96955190589361, 34.98071087668621, 23.470417638515258, 21.332606368894197, -0.5422741606010052, -0.10831303862858019, 0.8331908667331387, 0.020246311760157898, 0.989683406816027, 0.14183385044880123, -0.8399576308389523, 0.09378187424052699, -0.53448679914414
84, -110.36049349665409, 258.37543685980256, 37.92510577482642, 60, 24.005480785291436, 33.970145730836364, 21.757124799752248, 18.7168307270442, 0.06002246200749283, 0.9981968205645204, -0.0006414588388320699, -0.8467018963349277, 0.05125326350109762, 0.5295932417651535, 0.5286711669813251, -0.03124436581801398, 0.8482514879487298
85, 350.39443661841835, 325.3883761700356, 205.35520631761622, 18, 14.336165519315186, 22.361178707447177, 15.690941068430407, 8.397602932261375, 0.25978486226076525, 0.9232855001496377, -0.2829411786106588, 0.5006702728002214, 0.12176397774355914, 0.8570313947914731, 0.8257367033590719, -0.3643040199304686, -0.4306291650459743
86, 255.55406712520227, 204.7785488048428, 234.05453405176314, 13, 13.269756799590393, 16.681367729259364, 12.596248286584084, 11.120287657441878, 0.25965692367680754, 0.45752557495824975, -0.8504402567175542, -0.5605675794897257, 0.788498692305266, 0.253049009201608, 0.7863474237331279, 0.411023308940026, 0.461213148876162
87, 138.32134142574048, -289.91476330246, -74.20112243476814, 39, 21.440494272062992, 32.08115401031295, 18.33929938975299, 16.752192561297868, -0.23051079648690262, -0.19946795161312852, -0.9524060630751131, -0.9729873931082629, 0.0599833037469753, 0.2229294420303986, -0.012661183015833107, -0.9780667357347662, 0.20790660137133352
88, -211.09433409324703, 74.2587175204719, -249.53066711087865, 84, 27.35837215801207, 35.938428316903085, 26.32518595483391, 21.644134848366242, -0.7866334336912498, 0.6149951542072499, 0.05466993049853705, 0.0696426334023095, 0.00040006183824955864, 0.99757192400514, 0.6134800278834719, 0.7885307858619893, -0.043144584086163514
89, -144.63912404043973, 197.91406475717537, -203.7141519075092, 15, 15.333342669102187, 17.523668006486762, 15.903440723558464, 12.935833379329928, -0.6973139142910986, -0.4703151285226064, -0.5408853712375578, 0.012705641533947636, -0.7626114706136897, 0.64673202453693, 0.7166532436326768, -0.44410294388935306, -0.5377552450879242
90, -63.91316122845183, 287.9271681705861, 208.65235259049734, 53, 23.420384241491842, 30.74872093770392, 24.867601449516954, 16.80045696374692, 0.14141831109256206, -0.9846678545518421, 0.10212775088094032, 0.7975855933698635, 0.05222110867612261, -0.6009410761942299, 0.5863941358306458, 0.166439694847439, 0.79274191603732
91, 278.3780913081409, 75.70715762454896, -179.81678667688658, 16, 13.969491721582518, 20.561460865826184, 12.993053305692321, 10.204145116768883, 0.8455615319434198, 0.5338561645334136, 0.004826104761626495, -0.22435167194970573, 0.34711321292693065, 0.9105925239671775, 0.4844502275681877, -0.7710447542141872, 0.4132771031740264
92, 131.74495448566842, 211.78921576869683, 29.59108002978404, 42, 21.569478600689784, 25.075354039061942, 21.47151328081353, 18.638425134100682, -0.05268310422373999, -0.5160588949223022, 0.8549314051436658, -0.7220982131346632, -0.5716705266282348, -0.3895728167779721, 0.6897816039277047, -0.6378683453159977, -0.342527827959648
93, 258.36730133645096, 34.83862891854809, 24.992202716337264, 8, 13.745245178065804, 19.95631046525288, 14.547248377515094, 8.9453300060701, -0.8013511579994678, -0.2127209279123932, -0.5590940246514915, -0.5532294597646097, -0.09196738953932104, 0.8279366908827515, 0.22753787909152637, -0.9727753112047063, 0.04398530992407544
94, 348.7619090199762, -245.8751850425157, 113.75288512108295, 48, 25.94999153785808, 35.36747193260083, 27.039491471181396, 18.272969297993086, -0.02705896024592573, -0.8481251509835418, 0.5291044707234612, -0.007997855576051163, 0.5294650181649905, 0.8482940697928584, 0.9996018442242861, -0.018722254369890296, 0.021109955346117776
95, 85.66654988285003, 116.59642386632633, 5.904646323194598, 41, 22.120083107724163, 33.65719223523863, 22.823788244690867, 14.089469796075662, -0.5161415774660919, -0.017607727808451955, -0.8563222757421634, -0.09198843738848066, -0.992866198089058, 0.07586066226315952, -0.8515491761475901, 0.1179265899345994, 0.5108398183273867
96, 80.8521289224846, 231.56018896077816, 249.41150833955953, 49, 23.24802984106369, 33.530007034313364, 24.33131593918097, 15.401365257403938, -0.22655237231318603, -0.18378251050774624, -0.9565030117206833, -0.9527775350853047, -0.1620625543740092, 0.2568086780203162, 0.20221026491263566, -0.9695151970450189, 0.13838819119679324
97, 175.65404268683045, -93.34329557114661, 107.8137472210856, 8, 10.316576813887924, 13.851074420317692, 12.960644057757992, 6.116412991772719, -0.10898748904893488, 0.6574840859547145, 0.7455443675242285, 0.11945815178997211, -0.73591366430599, 0.6664539208817476, 0.9868391344093181, 0.16169649162558714, 0.001663548690041297
98, 160.19557691374465, -248.5631055672667, 7.336589466255367, 22, 13.366222005920768, 19.772207055959054, 13.169208921087206, 9.170883434952627, -0.9090976924912132, -0.22662047859367923, 0.34954905834392336, -0.10774967272621748, 0.9384481493056233, 0.32818451988514585, -0.4024069998577867, 0.2606879931006078, -0.8775593294579191
99, 285.6477929540954, 235.69699497069314, -191.90800093395788, 13, 10.450529574689185, 12.060191824437387, 11.1310827675702, 8.50204243517905, -0.5976537518386448, -0.7787479134030072, 0.19068738889515982, -0.7977869774057534, 0.6012627703065943, -0.04493350336921768, 0.07966135571896935, 0.17898259248793238, 0.980621894509456
100, -135.06265421486958, -185.65198634709978, -115.18138414707009, 6, 7.198295851124336, 10.713269943309887, 7.491548486467442, 4.647243558040246, 0.7474458109936128, 0.10093325635999281, 0.6566104152301183, -0.21515413487161042, -0.898338529836007, 0.3830099007332973, 0.628516871591964, -0.42755159170870766, -0.6497431635281755
101, -354.0003558582589, 15.088498453971923, 351.3829758560659, 17, 16.247482840630624, 28.19060558487979, 14.719923069896662, 10.335900389705909, -0.04763773485595957, 0.9913913991758493, -0.12195794298833207, 0.3920895131450716, 0.1308563059358003, 0.9105725895712525, 0.9186927995252028, -0.004440814901369769, -0.39494786904546986
102, 133.8577514815749, -115.67925862557131, -35.17757026712976, 23, 15.246088345697375, 18.827903896639786, 14.680206102159001, 12.821568894840029, -0.007950833296603278, -0.9475600029131539, 0.319478990121594, 0.7285447159964272, -0.22433076376696942, -0.6472235357443465, 0.6849521012768506, 0.22760876368662072, 0.6921234497179496
103, 221.70605918448928, 140.49750507616318, -188.17640845346747, 93, 29.910341435392017, 49.45551297055095, 26.9392080967592, 20.084664244066715, 0.08475723848570561, 0.9291916606837438, -0.3597486181211311, 0.3659319039612443, 0.3067903538492612, 0.8786202367623589, 0.9267740027577245, -0.20611292172212653, -0.3140181703525986
104, -135.31339437030257, 163.21959756100082, 264.0471050421968, 7, 10.010038686879051, 14.800845936013086, 8.942033867910727, 7.578520319873597, 0.14685583225552065, -0.1462738172283959, -0.9782828501644973, 0.3878999784331503, 0.9183031371679354, -0.07907562835089867, 0.9099269043522671, -0.36786317926773004, 0.1915977820198821
105, -249.91608369960053, -174.42226074072678, -121.0134405380485, 66, 24.13202099829512, 29.686892723437726, 24.49485763978284, 19.32597532779275, -0.5916901587968733, 0.7963199950504999, -0.12560741007481413, 0.12771008290680955, 0.2464298453551432, 0.9607093556545475, 0.7959854839799951, 0.5524009384505164, -0.2475082069187232
106, -219.71626877899553, 232.60454924058712, 14.427657564879297, 10, 11.935065531877623, 17.77544220352261, 12.90246044880025, 7.412786189817449, 0.2804117784609152, -0.3913151520390999, 0.8764939739011346, -0.9230981764515578, 0.14041800913860572, 0.35801192625575945, 0.2631710301917651, 0.9094807499305121, 0.3218474395946598
107, -128.3526762531906, -72.76826047686092, 167.45238803627782, 110, 32.629416766995405, 38.68960335047955, 33.50269653249949, 26.80117857328912, 0.27954894146851766, 0.8137158339609329, 0.5096262658901075, 0.7925883937904967, 0.1040013499737622, -0.6008222343024895, -0.5419003850823795, 0.5718830831252997, -0.6158682585445286
108, -140.38279736921217, -16.660984488599272, 235.48479708180375, 6, 13.339750061905995, 16.311073930823607, 13.888923602551513, 10.478326638298094, -0.4526041110440199, 0.6953951823495256, -0.5581890889574272, -0.37305418587775396, 0.4208985111686183, 0.8268464293296105, -0.8099259799914676, -0.5824688692635082, -0.06891968712749033
110, -101.24625158138325, -342.2217871744491, -310.97169437731753, 44, 23.529692641952124, 29.49602858758645, 24.45781002176587, 18.057916889402584, -0.27794908743898356, -0.7202525496533241, -0.6355946581821801, -0.9598846257866517, 0.18279507385069374, 0.2126204744476392, 0.03695686634789332, -0.6691952074647616, 0.7421670730610047
111, -11.315074886200993, 280.6346528094727, 343.49035107717964, 157, 35.58524555929961, 63.84077594613, 29.244253631156607, 24.136328186956924, -0.7860559004505414, -0.5824616120411303, -0.20701350648046182, -0.6121437648198407, 0.7800554009154669, 0.12959005631143905, -0.08600077068887098, -0.2285870556288318, 0.9697173946258061
112, -1.789799334611292, -327.39658523331764, -235.48354278942344, 424, 58.31499973471758, 82.63795651696508, 53.910066214930204, 44.51346475164514, 0.8316739531836799, 0.17692849901689955, -0.5263218994412614, 0.45523761677782587, 0.3254583764244661, 0.828755426821204, -0.31792632458837883, 0.9288558292064376, -0.19013074628514487
114, -244.66110376272024, -89.31330947872318, 106.44207931932674, 18, 14.501696102290184, 21.80980086283933, 13.953235665886442, 10.021431674105607, -0.02069707427349989, 0.5948352092784241, 0.8035811750652269, -0.9244328525198627, -0.3175069060210557, 0.21121852620195522, 0.3807827888685441, -0.7384852323720702, 0.55645667330877
115, -208.48708339892733, 77.34715634806484, -292.94277464119307, 8, 12.426854535880906, 18.330939756656445, 12.000374592868553, 8.723768073551534, 0.7282803567524521, -0.6398246936962606, 0.24542225511352364, 0.2601620591055591, 0.5894698134622078, 0.7647490058959118, -0.6339743093931148, -0.493102119599294, 0.5957573958216604
116, -203.7926851473736, 220.15636073983333, -328.8550239847718, 43, 21.837294703349762, 28.713081957235108, 20.989696726406816, 17.278678788333536, -0.410590487536687, -0.5785380109541639, 0.7047760079809652, -0.9055106851469144, 0.1679431098081074, -0.38967359540100693, -0.10707871230618889, 0.7981784773778239, 0.5928281940171767
117, -305.24323096065336, 209.89676002516123, -207.7817796569001, 425, 57.78859150292075, 78.56941927080189, 52.74104571924141, 46.57190990247005, -0.7856608194243937, 0.17707655080040507, -0.5927739636472081, 0.6171815309104003, 0.2904871759123343, -0.7312346808881341, -0.04270871953693404, 0.9403515809457156, 0.3375127693708921
118, 81.1150542336371, -338.5034415488617, -215.62430844188765, 11, 14.931972625889541, 17.30485755839911, 14.751071382670405, 13.042473463863372, 0.7467899076070855, -0.4273019791462543, 0.5096252078870261, 0.33696870359169756, 0.9037518534257457, 0.263978560169685, -0.5733732873930665, -0.025408778940030432, 0.8189001570746244
119, 286.5971487217068, -262.5363226662967, 149.52251366741578, 12, 14.57374666111421, 20.36696609602608, 13.608384469009158, 11.168137091156142, -0.5119696192167043, -0.47485560351575007, 0.7158206931968337, 0.19410090070501, 0.7478122689387185, 0.6349028671932657, -0.8367866809077487, 0.46399242044932004, -0.290687262226908
120, -317.69517596193015, -0.663413585603852, -192.5018994329106, 33, 17.49144087004209, 27.268364894644577, 14.404411061825028, 13.624549636739886, -0.1333184583488085, 0.27170248257407337, 0.9531022765824151, 0.968281249781121, -0.169348847899848, 0.18371823272964707, -0.2113234723967191, -0.9473640950965367, 0.24050709207030288
121, 343.20315784993744, -21.488017935343652, 44.42055545654935, 36, 19.72980710338524, 23.780405063535053, 21.551511207517155, 14.985510459238322, 0.8091469030574348, -0.3760632240236818, 0.451506080589704, -0.09170009152233934, 0.6781539508900731, 0.7291764615694742, 0.5804070834227967, 0.6314140245742869, -0.5142411370977087
122, 147.44279972319168, -222.69704068037066, 247.57014666061494, 9, 11.829299625510158, 16.19859952410861, 11.91998963166169, 8.572820895386759, 0.40817260872810035, 0.6311210728869272, 0.6596069381397917, 0.7414163214738038, 0.1923868846738325, -0.642875668273229, 0.5326321054314599, -0.7514475883011078, 0.3893964076620366
123, -130.24801306734668, -228.81182629053083, 151.2443679620746, 40, 20.490969948666248, 26.077147339810747, 19.797559109073408, 16.665402996203827, 0.4661176821811517, -0.58759696836518, 0.6614106962592309, -0.7383147519000426, -0.6702574271132128, -0.07514192256227338, -0.48746859743459364, 0.45330429533330596, 0.7462503483064682
124, 118.62551285217157, -241.58205712064955, -132.58944805316284, 52, 24.802489105613972, 31.761599719833857, 24.64369967355645, 19.492948119818916, 0.7312814652619423, -0.20292204830639818, -0.6511912628986068, -0.5269349582208954, -0.774283617335117, -0.35046316458536614, 0.4330900234005513, -0.5994226574276139, 0.6731459792595712
