# Void_ID, X_c, Y_c, Z_c, N_particles, R=(abc)^(-1/3), a, b, c, vector_a, vector_b, vector_c 

0, -155.67580689671652, 93.2842671747812, 56.12201317306722, 19, 16.94825196277324, 25.361416209184625, 15.977823897751918, 12.0138886944411, -0.9641437797673782, -0.1528243056218392, 0.2169596818468258, 0.05218311837024887, 0.6924052142377497, 0.7196193031412739, -0.2601993353047423, 0.7051381076835803, -0.6596033315557085
1, -346.43774857218375, -227.22041972810632, 11.974709259573936, 36, 24.46787171537228, 30.426732371060925, 22.08044546952728, 21.803461082828477, -0.0862672732980385, 0.6326577599926119, -0.7696116658931649, 0.4168110734389641, 0.7245548858790736, 0.5488977558775596, 0.9048903174509083, -0.27343075187308546, -0.32620413442155144
2, 331.12643094057796, -315.6909857824246, 135.8573423040408, 44, 25.829679447813046, 36.73780266081084, 22.187261029762272, 21.14171333031243, -0.8442730888965948, 0.5031206744333274, 0.1845874814898247, 0.4684850057965619, 0.5256281337018012, 0.7100963768425782, -0.26023979462948793, -0.6859917288268972, 0.6794781801296395
3, 27.988484998346298, -347.3580487312114, -352.1794660876898, 5, 11.476507007511577, 21.58489395790957, 10.076014779332738, 6.9500905575847245, -0.7851253190539499, 0.6163046390055229, -0.06121131693327126, 0.5510008510350894, 0.649947425925956, -0.5234180028340936, 0.28280080540734104, 0.44467621419691117, 0.8498745607373256
4, 216.42007677416038, 133.10579882397212, -162.83247209632938, 11, 12.153448267590157, 17.61908872121298, 12.687570882495086, 8.0303897886949, -0.6030646514729984, -0.4069189205884387, -0.6860976739582278, -0.15300178924741964, -0.7851274047839798, 0.6001378264567739, -0.782881522729231, 0.4668960808620186, 0.4112232617992908
5, -216.8254788910509, 297.3192160568492, -296.07984781566455, 38, 23.61531728017883, 31.63174516891257, 22.608177026080384, 18.41588762536432, -0.7606892266115406, -0.17400672929174937, -0.625358743984862, -0.6483205074636886, 0.2513541741998303, 0.7186804566108268, -0.03213129501220678, -0.9521253789672396, 0.30401454341417466
6, -349.74627062568885, 205.2964151996781, -262.18932504959685, 22, 18.91463899147435, 24.3100942260535, 20.16219675858873, 13.806057545208429, -0.11679622777253824, 0.09130158771072011, 0.9889502825014043, 0.30355367953179085, -0.944831644980347, 0.12307853706655118, 0.9456287880668692, 0.314574605976441, 0.08263783911714288
7, 225.71653173326405, -351.41980181836783, 36.97813789313207, 10, 14.67913026109243, 19.962162368497438, 16.154022350597913, 9.808728416363659, 0.26182865751527185, -0.5734899460308968, 0.776244185746489, -0.751241276235606, 0.38381415373253663, 0.5369573914888168, -0.6058731707079028, -0.7237375057270805, -0.3303357743573897
8, 71.15412571935241, -196.63036395697907, 15.125099530595678, 9, 12.974526410379253, 16.691503115989644, 14.4434582401831, 9.05957668148661, 0.12571881147626252, -0.8218314356282727, 0.5556868469328462, 0.45651441740204673, -0.4493785015494205, -0.7678890213105454, 0.8807890593922395, 0.3502171522903606, 0.31868256792075145
9, 306.50861259864195, 344.6509475035785, -198.68734059879816, 7, 12.757173046404864, 19.978962359483326, 15.857117518793318, 6.553392297522124, 0.366531849657684, -0.8633420557282578, -0.34683554892401497, -0.8057208086435486, -0.4809465127955898, 0.3456941283107768, -0.4652616271575634, 0.1527447106798366, -0.8718948741987359
10, 104.2688248155754, 43.5827285578624, -195.42346381898568, 7, 8.76055841977965, 15.126288767147937, 10.800576677224539, 4.115437766675949, 0.6747552561660272, 0.06100595587824447, 0.7355158853646201, 0.6299856480889671, 0.4715521604577147, -0.6170548137480057, 0.3844781235366252, -0.8797254306401758, -0.27974942217404625
11, -321.261009070538, -278.06874097337715, 312.1935857260186, 41, 25.045608432155937, 40.236601525928506, 23.462252913755503, 16.641932465085944, -0.9691107510431829, -0.13736224895295837, -0.20483155219619656, -0.23661360202088363, 0.2836049729185714, 0.9292912474970155, 0.0695582888750188, -0.9490520701723595, 0.3073464048111481
12, -151.08604130334874, -293.9422471117449, 256.8250357214606, 10, 18.325193282277265, 23.003734556601636, 17.939972242440533, 14.911645746388475, 0.7210247356010853, 0.6801574818430883, 0.13232207126648887, 0.34070308490279555, -0.5142893782995667, 0.787037383677525, 0.6033612007654313, -0.5223908835930369, -0.6025471152945495
13, 47.10946510051805, 74.80609479848741, 273.10621976446504, 7, 8.606282099614448, 11.495155224188975, 9.646829120307721, 5.748404311982104, -0.8546098591175436, 0.29950046870007135, -0.4241950706308711, 0.3048443307679177, 0.9506907001169604, 0.057071242406170765, -0.4203711725341696, 0.08053981598911632, 0.9037706652368658
14, 104.99746586379845, -177.91710335238525, 115.44945658794391, 72, 31.184923291062454, 38.13372014680555, 29.650963940489703, 26.82168443398422, -0.04982140055722519, -0.44714453273696503, 0.8930731184454932, 0.627620382575641, -0.709592759792512, -0.320266717948731, 0.7769237307626295, 0.5445547558267091, 0.31598992782110974
15, -187.4334781130799, -355.2992403795518, -248.73704945851628, 5, 10.90987604566165, 15.407105450296259, 10.049630642445702, 8.386645648475644, -0.5173994198988915, -0.6963889242755139, 0.4973331945835541, -0.8550488886911256, 0.4441285992556126, -0.2676587104342367, 0.03448533364144411, 0.5637306568474337, 0.8252384554139484
16, -112.27112657084807, 68.84814692175264, -333.8703170065333, 49, 29.393184505691227, 43.03006192949088, 27.715365390574092, 21.293514251252706, 0.47903158614913105, 0.2968288907103, -0.8260879790380323, 0.7986930328050154, 0.24303848812654935, 0.5504740980626497, -0.36416778937761, 0.9234851936706151, 0.12065205448300952
17, 95.89482081237816, -183.81743184088205, -73.09429578228726, 6, 11.643927155623416, 20.025190446140872, 11.564662017476213, 6.816930080802278, 0.46596767846540127, -0.8709696804991703, -0.15583946315595895, -0.679102379684822, -0.23914480811844968, -0.6939954745215574, -0.5671808181981972, -0.4292104104063215, 0.7029113337163233
18, 98.58880056010739, 114.36204106178619, -199.00611363528236, 8, 10.169369097945966, 14.289529463303255, 12.564806404292298, 5.857446106324769, 0.4720443753695613, -0.8015350154578849, -0.3670364105601639, -0.7733223418805222, -0.5763767949040576, 0.2641256251190916, -0.42325720694441044, 0.15915844084137037, -0.8919203593811279
19, 56.9899591345683, -253.4849680153697, -15.033474513482128, 5, 8.586931894346277, 22.20787965006139, 12.352691439929986, 2.308050817627663, -0.8709612515077612, 0.4058066219874747, -0.277033362473095, 0.47814751894509233, 0.8298254843722809, -0.2876884002057817, -0.11314348632902914, 0.3830282640190196, 0.916781271876716
20, -254.18893020741547, -272.62616114986383, 120.87291815916714, 46, 25.86554195409608, 34.45809901613142, 26.75110552459919, 18.772914334663657, -0.16513548042822845, -0.7091839969752665, 0.6854110675630526, -0.7334449095021199, -0.3763171891334961, -0.5660776783164052, 0.659385196853224, -0.5961907677890103, -0.458004072660916
21, 156.17968762268188, 133.850007530868, -169.65562938479164, 24, 17.255329444294283, 28.246105839332802, 13.97867350411043, 13.012034999816722, 0.07767100405445528, -0.24709152356072966, 0.9658742123659841, -0.8090848104604099, 0.5504500730533338, 0.2058797866664479, 0.5825366809149635, 0.7974650437856261, 0.157163988650605
22, 194.2674775591899, 164.27115825135846, -73.24448336946412, 98, 34.81889447796929, 59.821356670976456, 33.027085055482424, 21.36576418159032, 0.8913164932564561, 0.10154656059752037, 0.44186333280758655, 0.18636265405621044, -0.9705122330469665, -0.15288873954387816, 0.4133084441698946, 0.2186190786207947, -0.8839580467651482
23, -341.48620723534526, 261.85388791266047, -201.6951237443077, 7, 9.445183375107673, 13.498373029576294, 9.229920797730516, 6.763193015180455, 0.5036189269376724, 0.4659245680448234, -0.7275178852250933, 0.7253811600812193, -0.6854435591776737, 0.06316090389685289, 0.4692442317486407, 0.55953679420936, 0.6831752534280938
24, 292.3491382966484, -240.22989379186322, 315.4762165479433, 81, 32.33678987748107, 46.664704596836756, 28.346851557112867, 25.56214908857267, -0.31343871702592274, 0.9495817470852468, 0.0071187268295590835, -0.27036210745598815, -0.0964225664671129, 0.9579180651432834, 0.9103079157741628, 0.2983239753664221, 0.2869534878695046
25, 250.9084878419094, 133.3515616272579, -209.56218860507215, 10, 13.31859795578439, 20.864411380842046, 11.268362008061661, 10.04867036333552, -0.4365483517186138, 0.018875052944648064, -0.899482778594509, 0.8995304318705512, 0.027435217251461017, -0.435995769467027, -0.0164480622123553, 0.9994453668063611, 0.028955483397046112
26, -30.30463659188647, -43.49217993505362, -204.0493678710528, 79, 32.592825856635045, 49.22449020483001, 32.45821215365743, 21.670065649493125, 0.10487986122225343, -0.4774145363041011, 0.8723964553089044, -0.8236939867250839, -0.5332525904058936, -0.19279494562446808, 0.5572507792214724, -0.6983674071367766, -0.44917094040700967
27, 270.885381139461, -19.500720074264848, 103.63944741906471, 14, 13.639324038751692, 20.32379812979768, 11.951100851589725, 10.446378518005108, 0.8282289223943948, -0.15496400885031142, 0.538537842746877, -0.4065949048403333, 0.4951536578299901, 0.7677912727398387, 0.38563899630003484, 0.8548736813697243, -0.3470930040120037
28, 352.7935500781684, 219.52607243961702, -330.7348684011348, 5, 7.78671549272075, 11.650828946923934, 10.660692222881613, 3.801199726454026, 0.7461173198217068, -0.19308721246087499, 0.6372019094809445, 0.09331284230295638, 0.9779054578927896, 0.187065841042231, 0.6592432468546163, 0.0801139426540852, -0.7476497158890663
29, 99.01655999760642, 225.80882705999647, 262.8637918702085, 10, 11.220483981154658, 15.690400242621001, 10.806254338673003, 8.331545360540447, 0.4300537642082719, -0.3802916208706336, -0.81879914691326, -0.6935043117282967, 0.4415186169138913, -0.5693093012877148, -0.5780186238388503, -0.8126743468413594, 0.07385713561607708
30, -68.70831439897971, 112.71630794231706, 150.55591173408976, 107, 38.31022955197026, 51.40190484685676, 40.42733335923912, 27.057642464269076, 0.8051650955849108, -0.0703365230713017, -0.5888649610683094, 0.22836727458265743, 0.9531446387439625, 0.198402836505254, 0.5473185148991678, -0.29422452507546265, 0.7835013542379411
31, -278.6816024071786, 247.3002420251134, -188.57475841045039, 177, 48.64736190422888, 75.1475560578334, 52.44432465083962, 29.212217361769493, 0.5010324756076412, -0.851536219464057, 0.15444262794753194, 0.39585951924384244, 0.3841950258879743, 0.8340799860366946, -0.7695854074828291, -0.35676357580868634, 0.5295829033925544
32, -264.3236763209075, -281.0936231031666, -141.255675276416, 53, 24.723560747847497, 32.772141371636664, 23.02144961193441, 20.03067436820744, -0.1163620499190833, 0.22935343508009487, 0.9663627037275339, 0.979173527032828, -0.1364899272959419, 0.15029871491413357, -0.16637030172696232, -0.9637258435694817, 0.2086945642310088
33, 245.14617292363803, 343.3432709243111, -24.49240124885512, 97, 34.85885170191814, 49.34122955015421, 41.91376619595469, 20.482010110475674, -0.07758108235623448, -0.0979457628410519, 0.9921631938355301, -0.9782828290178597, -0.18437763901629112, -0.09469737419586458, 0.19220791375291604, -0.9779629408992259, -0.08151444116528556
34, 72.75612704055384, -144.93828169244102, -351.4897288613262, 19, 15.332560555773776, 20.5611205184102, 17.25712520470878, 10.158482507324917, -0.9865360962676937, -0.10633292712993216, -0.12425715017205329, 0.12177878337160787, -0.9847622732151111, -0.12414988188773157, -0.1091625333227049, -0.13761022440279363, 0.9844526232675608
35, -142.36062375167413, 20.32077037912312, -53.87061698233378, 431, 69.14133131453649, 99.8189196987015, 59.7987003502466, 55.37434500937395, -0.7354689470875506, -0.6321229360337869, -0.24393856113774745, -0.6579658367861374, 0.7522616319187381, 0.03440050530551639, -0.16176027167462215, -0.18580374291973217, 0.9691803669208174
36, 269.08862938359795, 85.26062760810935, -323.6934615824342, 7, 6.891012316816118, 12.381027555239632, 5.860033810304394, 4.51016329853568, 0.5384664224419984, -0.765184098523868, 0.3529124640314235, -0.7490288255661596, -0.6265014376974288, -0.21552672000017672, -0.38601778504817014, 0.14828770660196322, 0.9104949344709365
37, -328.6847324592096, -127.51603953914336, -304.8240842079404, 8, 10.282729160237984, 14.693291535748742, 10.170189333559252, 7.2757380905207505, -0.04649080543980425, 0.6088449005916964, 0.791925812202788, -0.20385751578239802, -0.7818814194683733, 0.5891549534283412, 0.9778960672119443, -0.13404974044588427, 0.16046790588090637
38, 34.13593025683648, 96.07205790058215, -114.10441357315594, 7, 9.885752420913386, 16.03189317438761, 10.522308237773638, 5.72708144428379, 0.49833391624581364, 0.0038894809620682903, -0.8669764586521114, 0.47726670953228423, -0.8360640223459002, 0.27057981911262413, -0.7237954102447298, -0.5486181025783232, -0.4184953782684149
39, 33.94221534014451, 60.70212870603793, -271.9554167361989, 20, 18.19058182626233, 24.890499364063686, 18.048337223426746, 13.398894388614874, -0.31781979466544574, -0.9076770522269819, 0.27406741320220906, -0.17536908293597472, 0.3403415966679668, 0.923803703352446, -0.931791963299217, 0.24554015239474608, -0.26734578862019825
40, -310.2191352870456, 183.31337610878063, -205.94966807154097, 198, 50.1652436318839, 57.355333865134504, 53.80807736778454, 40.906044905911756, -0.7858285325755295, 0.6020414068703951, -0.1414908541344816, 0.618289756833682, 0.7596780879309702, -0.20151173492402719, 0.013830906865952558, 0.24583601674909575, 0.9692127521262829
41, 148.4232600551356, -330.65388219214367, 1.263259985115829, 10, 14.22214691145042, 23.02968592921787, 12.243654580613192, 10.202260243064408, 0.7007285595066464, -0.29679059191674567, -0.6487640791855297, -0.3881360436521023, -0.9215990171052697, 0.0023797665209145846, -0.5986066300249561, 0.25014115259250613, -0.760985877838648
42, 89.52515258807198, 230.908994829809, 10.999539138928762, 6, 7.553441116785781, 12.294601051183344, 6.839128648722119, 5.125300458635883, 0.5768945295485676, -0.5524410022691278, -0.6016657217997534, 0.5578506279188048, -0.27158397523153, 0.7842479335822538, -0.5966534829425989, -0.7880679433965833, 0.15150425037980148
43, 272.76340279330293, 17.024952551981436, -108.62340376467446, 5, 7.931717370507148, 9.51958207129199, 8.825196353973013, 5.93963055507298, 0.5294390337674861, -0.6454359813189519, 0.5505512724008476, 0.6743534735637873, 0.7139445554554268, 0.18849552893373198, -0.514724880121221, 0.2714692722103082, 0.8132421115693655
44, -301.87134777800225, 247.66714097403442, 132.92639022245947, 40, 27.368825954251516, 40.95595499556103, 27.054868972942344, 18.501460434756947, -0.7667375309202135, 0.5810592210556043, -0.2729170941964411, 0.6364288423608649, 0.7437089755834014, -0.20458565015146313, -0.08409451402787067, 0.330555806578771, 0.9400324310615429
45, 171.53650262204087, -111.85874581809712, -278.96572541404515, 11, 16.669401547342975, 17.898202379934066, 16.334833476395794, 15.842944441918332, 0.30114786751457057, 0.569175690487793, -0.7650810383542195, 0.7743959986808023, 0.3222029185989214, 0.5445145695695383, -0.5564357996378231, 0.7564550962245439, 0.34373665541709736
46, 161.5731028771051, 275.11745893859626, 327.48057522123236, 181, 44.85301753097805, 54.75332632932181, 49.608017785655804, 33.22099345166403, -0.13834005466000404, 0.9845722017100204, 0.10714293675529916, 0.8751243458317542, 0.07087093484768392, 0.4786801540970334, 0.4637018531440331, 0.15998403112091644, -0.871427392946246
47, 245.52285461244503, 232.3929686485891, 303.30951995567636, 9, 12.85595755764075, 18.17076876188208, 12.930405716688554, 9.043318701645159, 0.18913668438173012, -0.9686318421379535, -0.16118209893632898, -0.2616016192114676, -0.20791703234686854, 0.9425153051733481, -0.9464628399715567, -0.13609872172987464, -0.29272039644765036
48, 101.03881821294493, 117.04220214484735, 259.8068134037579, 13, 14.122002553984444, 16.011632396925183, 14.902918327590136, 11.802715124005529, 0.6863321460208598, 0.5191560343782348, -0.5093379990802437, 0.4129205823279085, 0.2983521076482985, 0.8605129938308888, -0.5987025789391438, 0.800913872916735, 0.00960156972240536
49, 80.0140009865231, -94.30622710882757, 54.56443228576805, 110, 37.05098115695924, 52.62860518373146, 34.269511068648264, 28.20131574906094, -0.8531165444972122, 0.017950647830157405, -0.521411484096403, 0.5174488023126755, -0.09851445599109751, -0.8500244931447305, 0.06662505902671684, 0.9949737062873852, -0.07475577105769597
50, 188.04173497008853, 176.67378204722283, -261.7824871814712, 13, 16.842111297612394, 22.233444685734625, 15.545171394411344, 13.822523274351159, -0.15114632166875558, 0.8636531520101641, -0.4808929428354231, 0.9878835641778633, 0.14930710605473813, -0.042349164204272906, -0.03522574446688705, 0.48146715475146157, 0.8757559739004273
51, 56.35536573376286, 267.2417572040188, -88.02592832562291, 15, 15.878655903824797, 22.510580020326113, 13.868411362484641, 12.82412704853061, -0.35023142377543137, -0.11269799776268734, 0.929858651140331, -0.878797020755476, -0.3039869561678153, -0.3678419861722235, -0.32411995636111546, 0.94598683488731, -0.007427119788854571
52, -33.73948893592638, 149.53306715447377, -100.33116424969086, 22, 19.764497715310696, 27.214051661480912, 17.382139579398245, 16.321531508537138, -0.6689290800316866, 0.27533568941720404, -0.6904521301445266, 0.6950656444831065, -0.0975465305587933, -0.712297988369493, 0.26347226751073033, 0.956386392892065, 0.1261246674669912
53, -269.12047814852815, 119.76384158124915, -261.93105239454945, 5, 8.29502778475904, 16.705776464378005, 7.888706062583308, 4.330929307653193, 0.8004464084649578, -0.445532866285032, -0.40098131157872396, -0.29034771596287096, -0.8734430623810616, 0.3908905481250945, -0.524388931052796, -0.1964629273889521, -0.8285038123938051
54, 258.6571486292359, 207.22575014483516, 165.384315589274, 6, 12.943318883374154, 24.7882944691004, 12.451524223227818, 7.025347136886703, -0.3274627171254214, -0.7658794999075295, 0.5533504861425794, 0.14381758621805107, 0.5384152047026842, 0.8303165476126441, -0.9338547375193047, 0.35147924400504676, -0.06616396486299156
55, 47.362140700407544, 94.45483930617759, -131.81951346194703, 6, 10.6794071682146, 15.235550924145391, 11.763817905718698, 6.795712203829377, 0.49940118084871943, -0.8056498056799123, 0.318632784212209, 0.41522823391917846, 0.5453611673249913, 0.7281254774626987, -0.7603840965743989, -0.23132139499372265, 0.6068825569209362
56, 353.66814325618964, 44.59222188103456, -116.64144062903279, 5, 8.627900874824169, 12.19112294562466, 9.248321623146367, 5.69650922546772, 0.14858023758003483, 0.6852005698753361, 0.7130386329247352, -0.3594623750990769, -0.634297303852677, 0.6844367985529088, 0.9212549668190618, -0.3580043426660337, 0.152059780163823
57, 145.91397032720255, -342.3789138173759, 206.27348281448815, 9, 10.763752271271999, 12.394853248543576, 11.95980330384238, 8.412511197710058, -0.5713206998074836, -0.7631240078724647, -0.30205033782492924, 0.15510062035129146, -0.46178652483538213, 0.8733252561601006, 0.8059382454866704, -0.4521006017349747, -0.38218920755659913
58, -348.38704447567363, -235.1087630401642, -181.55678043009047, 78, 29.639788715629848, 58.25128230843333, 32.06339132671659, 13.941527664126117, -0.09671186093164952, 0.27688323404182796, 0.9560243148904088, -0.09270891140967329, -0.9588569617136447, 0.26832514738375063, 0.9909853044825493, -0.06268174917642705, 0.11840238435020088
59, -166.81934628667852, 183.3594605881157, -87.86334878068162, 8, 12.20240425395959, 15.042213398655763, 13.183712861208527, 9.161925263548136, -0.6429968969323095, 0.24160205286491657, -0.7267622985453216, -0.19462582449415633, 0.8662395136832238, 0.4601628987367646, -0.740726521042274, -0.437330027536768, 0.5099673205601507
60, 8.44251033632721, 312.1984658995978, 216.58135415706303, 11, 13.646510569225587, 16.996508539512757, 14.04319767511664, 10.647290948358023, 0.5950848691644455, 0.2059977899666574, 0.7768133038384369, -0.6836921184773443, 0.6378226531068204, 0.35460872848216457, 0.4224205080526944, 0.7421234221560651, -0.5203976754981468
61, -179.58538424988464, -35.126225872092384, -302.6460067576374, 34, 23.95655193228861, 30.638041905785617, 21.532204937546066, 20.841233534238896, -0.9609335427601681, -0.059533642340012516, 0.2703007063034123, 0.08386547273081868, 0.8680541107635346, 0.48933489888844595, -0.26376752810387455, 0.49288721449867373, -0.8291494949052974
62, -276.30010376460586, -116.27687630523316, 182.61697084738435, 55, 25.25424166994676, 29.91667094489102, 24.14526438384743, 22.297581837729172, -0.2713236801487696, 0.9301984791344938, 0.24721296488332228, 0.9325464552674158, 0.19049757432415695, 0.3067047162089137, -0.23820279040915382, -0.3137538264188772, 0.9191397973370568
63, -53.49834662097667, -132.05997780174818, -319.59519212564436, 119, 38.18364258928389, 47.280713950996784, 39.75801097435475, 29.615794888317833, 0.40540031899462725, -0.6711615943455321, 0.6206389414422995, 0.47764301434259737, 0.7344035206006974, 0.48219147626126546, -0.7794278236044518, 0.10096327651609145, 0.618303068556483
64, -280.0322095901687, 327.99675508401435, 37.192682069464446, 5, 5.679698533202532, 14.290322755181915, 6.546325973661282, 1.9585568843501948, 0.2323204338021055, 0.5002406852148042, 0.8341381617536897, 0.657031089208056, -0.7130652431484444, 0.24463872716257595, 0.7171731756361763, 0.4912201297478271, -0.49433330889031724
65, -310.0363874056519, -252.5353711880286, -187.36799832903876, 8, 9.247264376497903, 13.340930328178635, 9.14843740143849, 6.478982182357375, 0.46366526575803463, 0.7516739367926863, -0.4690424437895956, 0.7530380470582312, -0.055388204572202296, 0.6556415533483164, -0.4668492487005369, 0.6572050209339948, 0.5917206599797676
66, 175.12350940619876, 92.28213771227183, 16.14018743310277, 8, 15.208986108755706, 22.85516149646038, 14.690305092810695, 10.478175780507778, 0.4360225949246893, -0.8937060017097014, -0.10570657133404486, -0.8377087052421445, -0.3601447949706118, -0.4105360542231411, -0.3288288641172958, -0.2675543106803467, 0.9056965656110736
67, -292.2082186717234, -322.00086107005416, -287.0158656022981, 9, 16.924613210934947, 22.165372635133693, 17.70159316054913, 12.355742956686198, 0.6500392302635346, 0.06432478412623653, -0.7571732438917163, 0.42639457533375585, 0.7938887342693355, 0.4335070284622596, 0.6289965542388427, -0.6046511388787299, 0.48863108272838873
68, -281.37751941471873, 298.3789707476658, 163.9349037645365, 258, 51.86545459363311, 81.66709385847436, 45.96172819325036, 37.169876219478965, 0.6605614886597361, 0.4333433393961247, -0.6130840643016654, 0.6587145228147657, -0.7263228788349222, 0.1963421837350964, 0.360213404987307, 0.5335434620365663, 0.7652304731160968
69, 236.5958308465612, -34.3561519231792, 38.08393716534642, 133, 38.61107751333442, 47.99042899123867, 38.399231744592136, 31.2362289287733, 0.15657548232926408, -0.8870561165096877, 0.43429893448650014, 0.9211808670766786, -0.027445370738583642, -0.38816563701193374, 0.356244197798669, 0.46084509087954206, 0.8128418503909659
70, -232.51994315629918, 120.84889771413577, -112.75771900227467, 96, 37.557741539495176, 44.4762850190374, 37.48695579279209, 31.77530501491605, 0.06583616750661664, 0.6341979110296703, 0.7703626475197528, -0.9918206741512998, -0.04301368929561749, 0.12017309540509126, -0.10934966563324251, 0.7719733364428998, -0.6261787432092497
71, -124.99520198652093, 42.28464453633368, 299.97302751301896, 18, 16.189354978115, 24.10927646924006, 16.407345765233114, 10.72669987950249, 0.1951756031310681, 0.9780709772921706, 0.0726887014683996, 0.9125171720985801, -0.15392980497513345, -0.3789696897715275, 0.3594702971980221, -0.14029532607701334, 0.9225499048362154
72, 42.602977380886706, 198.2363626472705, 335.5287091839059, 17, 18.556511289912343, 23.933107262271083, 18.400596003614552, 14.509685966743362, -0.5509938055823749, 0.24133777637321, 0.7988503639012042, 0.1993147452392483, -0.8915067159005836, 0.40680389358309926, 0.8103576115148577, 0.3833690822163289, 0.44311250068187485
73, 248.70723589443227, -92.6449277785062, -295.21901254911785, 9, 13.735939020477371, 17.224524526269356, 13.551016096383048, 11.103399321072827, 0.7989764364038363, -0.3139181704930258, 0.5129249811675562, 0.24957426691996618, 0.949108110134463, 0.19211059462806704, -0.5471282659146646, -0.025478962131524445, 0.836660912870867
74, 294.03612704282716, 133.42776497272442, 43.84525536750136, 44, 26.512684971667387, 34.25983490527782, 27.996804778011967, 19.429758368583762, -0.04897444324467851, 0.9647382059315398, -0.25861496075221135, 0.2718023668728913, 0.2620268792183752, 0.9259942699225376, 0.9611061217530392, -0.024942104623972103, -0.27505074830976023
75, -264.0402215585855, 37.64315910422035, -278.93969432076716, 6, 7.73931683251925, 14.857652495568946, 6.362435365342599, 4.903817494498161, 0.5103716757965083, 0.756309799449157, -0.4092874781884239, -0.4389478172331172, 0.6383830167095292, 0.632291022965788, 0.7394900718001193, -0.14304758381048194, 0.657793145658297
76, -235.8301785577437, 276.7972172550317, -241.97007494520523, 5, 9.521537832968807, 20.30320534118136, 8.98419663763602, 4.7323563116670275, -0.8880486445401976, 0.3878168590830942, -0.24691635980882545, 0.08461931626945945, 0.6657684024193251, 0.7413447279465261, 0.45189509429114927, 0.637456287247167, -0.6240515247995557
77, 178.41240604448575, -170.20701743695565, -230.7565210591686, 22, 16.94443777266367, 22.029167725517194, 19.046053545004742, 11.595204144686331, 0.7919856626285657, 0.5008759333161121, -0.34911604032972393, -0.5094801086520356, 0.8572807851387134, 0.07415978910340168, -0.3364353267400768, -0.11913418844590336, -0.9341404156039037
78, -327.94133431258496, -257.1892411311485, -71.40110755405948, 21, 19.83604519474906, 21.404798598019948, 19.627954099209703, 18.57715000231838, -0.9093074732189466, -0.26259788956660673, 0.3228037601133836, -0.4073947771836438, 0.40371909330471323, -0.8191705495345335, -0.08479041615455735, 0.8763864684580553, 0.47408579733203904
79, -163.81420608480366, 0.8354987797185472, -251.28636047548403, 38, 24.086722354686867, 29.29835897773631, 23.942528842051825, 19.92139765666329, 0.4746752240259791, 0.44021274633065255, -0.7621654476974872, 0.590211434805812, 0.4831918930489775, 0.6466653359475907, 0.652942488983792, -0.7567947756557066, -0.030459376551062275
80, 226.2684354405455, -308.59428268612254, -282.904090958504, 7, 11.9818131997934, 15.257046519524497, 13.323490482882585, 8.462119364800648, 0.8099094563138957, 0.4268428929144573, -0.4023081124483412, -0.5358187731033526, 0.8174416129180442, -0.21139406770286712, -0.2386313369265399, -0.3867742936628073, -0.8907641274761174
81, 93.68697217107906, -207.35934053522143, 258.9728095445525, 15, 15.361366870910853, 19.91678700515954, 14.35164737046264, 12.681439389366409, 0.00622763461090395, -0.15188373338695016, 0.9883787472925523, -0.6955081047943336, -0.7108269259070649, -0.10485016724310284, 0.7184912614169694, -0.6867724608179582, -0.1100631379231868
82, -148.42000645618452, 208.3411203596589, 344.56966695527666, 11, 15.152531362377555, 18.439969965338705, 16.717987462338844, 11.285254828614391, -0.9101886735067449, 0.2123455251105944, -0.35562052329068145, 0.2850693899078551, 0.9440368945332375, -0.16592101945686108, -0.30048630843616736, 0.2523959582195135, 0.9197848980695746
83, 123.09712216224612, 271.4203919684151, 122.91601114520492, 100, 38.473449383258476, 61.20222375781493, 31.143382526451717, 29.877922283013167, -0.9976437273761348, -0.06571966032658938, -0.019695671443497466, -0.06787600279043447, 0.9872709239744052, 0.14383661188973138, -0.009992070468397443, -0.14483455706868434, 0.9894054323716202
84, 75.17546494569825, 98.7574000380326, -328.73175979998666, 6, 8.178830467336615, 13.161552376385323, 8.014607771688272, 5.186617592647341, 0.48318034636129326, 0.3483168046540071, -0.8032509922096598, 0.7020453930700206, 0.3940498024996438, 0.5931753697003543, -0.5231338442113463, 0.8505293391445199, 0.05413708798083847
85, 176.7163150620578, -5.181560716078175, 63.22046946905622, 26, 20.478685931710352, 28.583642431362147, 17.79931706241637, 16.88050158266873, -0.1415109353009727, -0.8533727002979566, -0.5017267080557082, -0.9724392354831262, 0.024962537374177585, 0.2318163174171219, 0.18530134506591395, -0.5207032802988824, 0.8333855682712215
86, -12.716753567188821, 258.47460618563673, -233.90467044069732, 16, 17.04467826953496, 22.14601070362019, 16.784765629697887, 13.321576930925648, -0.9803693193597044, 0.192563539831757, 0.042370753895268155, 0.1416621467702446, 0.5384470034399896, 0.830666395527676, 0.13714165607369522, 0.8203621807555243, -0.5551558867159792
87, 338.56790675190496, 157.65839212770126, -258.5170291756505, 110, 38.4804533786884, 58.26445679096904, 41.310716169526046, 23.673044526961466, 0.3615451642116947, 0.45703922685135906, 0.8126501334241265, 0.3809629458247179, -0.867945934971075, 0.31864884728449827, 0.8509714026591558, 0.19438363893676458, -0.48791666580473614
88, 81.05263896756519, -210.89347522721684, -120.60529901890169, 88, 33.56554405601156, 52.44309905080723, 31.371893416861806, 22.985396205673688, 0.3995961312487547, -0.9045437796205383, -0.14873964717189272, -0.3379220414484725, -0.2961822188682749, 0.89335591290905, -0.8521335727421642, -0.3067191614100037, -0.4240185493933241
89, 74.01810539308838, 86.84704529399758, -308.5438331100682, 34, 22.72492120005189, 28.62517808896637, 22.961943731333363, 17.85460769483786, 0.18811821875374682, 0.7400158270283193, 0.6457461664775953, -0.5397734752562061, -0.47138844881643976, 0.6974507335520326, 0.8205218651460513, -0.47975984207728695, 0.31076415936723156
90, -129.85479278863716, -300.46828047611825, 238.56857951199004, 8, 13.422073580668629, 16.161515563935172, 12.885257957184098, 11.611374801518872, -0.5170200864897126, 0.667661421248974, 0.5356476983446958, 0.8533284171154107, 0.45118606212930656, 0.26126949665729654, 0.0672372122375545, -0.5921649803188722, 0.8030067206284588
91, -104.90068954892625, -227.76187719877453, -59.15579688569163, 7, 12.114753833705645, 18.75269188584225, 10.031858631726543, 9.451456941951788, 0.5378561251199581, -0.6818584373793606, -0.49576189854154856, -0.637901196083765, -0.7136462579676891, 0.28946689365731715, 0.5511740675193686, -0.16055556627937645, 0.8187973237809605
92, 300.26932023087284, 353.6348776645327, 180.8678184324445, 14, 16.409606828328673, 26.922330749749356, 15.232854167696095, 10.774585874546819, -0.9368772500484752, 0.07567316339246563, 0.3413716313400748, 0.33426846068640975, -0.0926245468406941, 0.9379153957116251, -0.10259441764513769, -0.9928213664424901, -0.06148267888862462
93, -169.2925667482193, -244.93371579543023, -178.3183826122094, 26, 21.203740519773984, 26.812167682717423, 21.979066066276044, 16.176936528456462, -0.18216306797908444, -0.6469662229739138, 0.7404399523224795, -0.9288619091649645, -0.13379181400509288, -0.3454204745055567, 0.32254018411178575, -0.750689321114997, -0.5765703537271407
94, 156.60674846015107, -127.63665342936392, -201.1052468820856, 10, 12.948106911083295, 18.737584323170182, 13.501535847928936, 8.580686910726056, 0.5385391652771683, 0.46147200716914005, -0.7049958539323873, 0.7822582065324095, 0.037106743688682685, 0.6218482032502151, -0.31312563896185336, 0.8863784046174115, 0.34100682992078524
95, -345.521111476882, 346.49817798024793, -91.23151490245374, 8, 14.396821676583603, 20.19016049488346, 13.424161771183556, 11.009635169328822, 0.21494234913322516, 0.053476656365107754, -0.9751615423985398, 0.8779544728079087, 0.4267803937125251, 0.21692035224747652, -0.42778000213389955, 0.9027728079459356, -0.04478311074201519
96, -280.0529879835137, 68.25164324649926, -338.1162610283251, 78, 28.90751522396388, 40.547401030281016, 25.424933303663664, 23.43200462204585, 0.5170324265959266, 0.820461236879224, 0.2439689091399595, 0.48990445518824854, -0.5173668422579115, 0.7016588738972682, 0.701905331675884, -0.2432589346985865, -0.669443049149273
97, 234.63940156124116, 322.80844293527514, 131.82601845171814, 34, 23.563328169640137, 25.640352447562332, 23.675238811419472, 21.552196412837407, -0.96571910191647, -0.19541254066951205, 0.1708816992621887, 0.12378845494817267, 0.2319461443408974, 0.964819881919385, -0.22817325569661098, 0.9528981714089276, -0.19980500571890347
98, 274.9386629457908, 345.35899679118063, -122.28523860860118, 116, 42.65781359650557, 85.86927335293495, 43.071200862772805, 20.987997713202432, -0.9561615387985953, -0.02640123915349937, -0.2916471949007264, -0.2926776734714922, 0.05302674610284393, 0.954739725605392, 0.009741210069446908, -0.9982440276650316, 0.05842918840338807
99, 344.437725110772, 273.07281524870797, -222.91339172530184, 50, 31.22802209552525, 42.12569398220166, 31.830200504970495, 22.711561318697523, -0.011265666634092302, -0.7895758798183897, 0.6135495210366522, 0.6461388816763981, -0.47402979046441024, -0.5981641107072881, 0.7631367048840351, 0.3896994839120058, 0.515515937578513
100, 103.58579337018539, 77.56170184955286, 238.2448326141082, 118, 38.444185632178254, 54.53082206700271, 42.91358802232297, 24.280360156354973, 0.1142561038912169, 0.7423010662535926, 0.6602534890194667, -0.4596018470657739, -0.5497111653780408, 0.6975555725764401, 0.8807449601884355, -0.3831537050551594, 0.278355085107449
101, -194.7565625080948, 86.81292305752028, 204.31121430605754, 10, 12.244963358263862, 16.659823658775196, 11.966056851463835, 9.209817144319656, -0.012245820303243513, 0.7290283841971654, 0.6843739145525426, 0.7434758962156762, -0.451037250967729, 0.4937701793200667, 0.6686506050482552, 0.514862130355636, -0.5364917101822342
102, -180.59502476347868, 19.693310769091475, 314.3813333435434, 74, 29.548122384293748, 56.57969464517708, 24.29972927849158, 18.764095427904415, -0.549623687507045, 0.7624426107404585, 0.34146019893749213, 0.8306526299547906, 0.455189682575858, 0.3206533349673434, -0.08905060628848906, -0.45987348064849637, 0.8835079916536631
103, 355.57391145738075, -137.39153821855447, 312.38832516221726, 5, 5.552624886482801, 8.174090950121759, 6.20135457235265, 3.3772948404081284, 0.10304220869036108, -0.5825802182764023, 0.8062149790851268, -0.6337278868752612, -0.6631790708331176, -0.39822416476846184, 0.7666624215551642, -0.46988701757118373, -0.43753276687949894
104, 319.66868040735466, 324.2404768200015, 337.81170774076116, 9, 10.540955260481066, 14.2856455355824, 11.994994426969727, 6.835023146938415, -0.5120965709622047, -0.8338358219483641, -0.20609445418168743, 0.5120162364459534, -0.4889999343446048, 0.7061999984612671, -0.6896350307405162, 0.25611889084303885, 0.6773526689464349
105, -310.4420042164195, 66.97184701535693, -352.04207894908876, 10, 12.892400398902478, 22.083443430471778, 15.466447224226703, 6.27399253619689, 0.7080517254449215, -0.688992069938059, 0.15476653920320868, -0.6437620611813444, -0.7198692888232705, -0.2595353840859198, -0.29022950001337994, -0.0841316502366854, 0.9532516471270509
106, -108.76668084920827, 208.09071303054367, 68.91900314104194, 8, 6.618076029818538, 12.697351588776298, 9.014553224217003, 2.532432647790411, 0.06279276306046067, -0.9678439824323045, 0.2435879606565356, -0.6013898591174646, -0.23147531311073066, -0.7646890981117525, 0.7964843415020215, -0.09847438798929586, -0.5965865307331576
107, -132.139699080388, -148.44895470221715, -274.67466204476426, 19, 16.442948777013456, 22.678125852715034, 16.108480251545465, 12.169630202200121, -0.8929414802474901, 0.3819406944924997, 0.23827886759846761, 0.4453500820175002, 0.8267531997150883, 0.3437185639558462, 0.06571770918426037, -0.4130380765152897, 0.9083395455709955
108, -184.83456680471167, 276.98472285618743, 248.89778713615587, 67, 28.60529103839209, 40.41148990389697, 26.4756187570539, 21.87701835169059, 0.893168944130496, -0.14027453890228977, -0.42728478907698647, -0.18569324479122623, -0.9803675393325785, -0.06631369890068732, -0.4095940137254462, 0.13857323536215282, -0.9016818742558511
109, 105.40628012080742, -109.07158625705755, -27.428615757234112, 6, 11.28063954307915, 18.869307081348868, 11.696235366976849, 6.504278297867168, 0.817090637766899, 0.4711446364544352, 0.332243316281758, 0.41666999053895, -0.08432889212557643, -0.9051379767400902, 0.39843319221414464, -0.8780155861333506, 0.26521617946300985
110, -94.3338713336267, -349.996855747633, 105.64320889307531, 32, 22.931949018021083, 40.70465512003944, 18.908936356005608, 15.667933631660528, 0.2909918912702434, -0.258843527031772, 0.9210449216670809, 0.519893835271678, 0.8509418750343493, 0.07488875322457535, -0.8031401616539126, 0.4570535568473105, 0.38218833958108855
111, 330.60573009643423, 228.81112318423945, 270.39872865809434, 58, 27.97743238871106, 36.4310761006535, 27.27630202854341, 22.03769023762011, -0.8628677787709716, -0.29717678743728115, 0.40883389459205394, 0.1351731313322392, 0.6437355509731812, 0.7532149527054626, -0.48701891228646094, 0.7051882709048051, -0.5152883480669864
112, 114.93588131211155, -217.52097758777546, 185.90695839248752, 11, 19.605362567451376, 26.013925772745623, 21.257695864873536, 13.62707194234967, 0.5541064002394033, 0.721416811673529, -0.4153599415549485, -0.4197076123421968, 0.673013111572482, 0.6090146728885423, -0.7188961102661091, 0.16312919875462592, -0.6757050000983654
113, -282.93666492251424, -198.5907607485738, -82.15403055243934, 68, 31.64892204290834, 35.349454157967585, 31.280665442969426, 28.669364902229656, -0.29976065488197695, 0.9502101546591701, -0.08511293537015582, 0.2173818152995747, 0.15489976670966568, 0.9637173904471957, 0.9289180244573746, 0.27038255168536185, -0.25299126384585113
114, -49.22047949875613, -222.8304794802869, -39.121247635085425, 5, 3.1832049506029287, 5.467816337212087, 4.987048318352798, 1.1828680745353182, 0.37281636707371263, -0.49277024342800235, 0.7862476986509188, 0.9147600479610551, 0.3373025620499891, -0.22235340404140783, -0.15563422212433284, 0.8021249708283746, 0.5765184473001129
115, 285.49076264986024, 120.87008212472588, -299.654872345684, 5, 8.995882866642853, 18.987535430156846, 9.18488829996441, 4.174350381178841, 0.8408331750566931, -0.440433060846417, -0.3146717188397092, -0.3699170996677192, -0.8919505264586925, 0.2599723018390307, 0.3951720019149934, 0.10219088640146828, 0.9129053136218338
116, -211.36228665186516, -62.894901145309895, -69.24090010071151, 8, 10.710044386003052, 12.28757407773521, 10.565000117017254, 9.463203007897476, -0.09185352032597625, 0.9628513708138176, -0.25392945580550086, 0.8874122978792188, 0.19483594490790254, 0.4177778933172141, 0.4517326027380044, -0.18696575166002294, -0.8723425149158734
117, -337.7813884398088, -48.416869425423954, -182.49394010619136, 28, 23.633204801609782, 27.04049186206041, 23.208440885330266, 21.033294485068836, -0.5584589983481146, -0.15533813494969106, 0.814858031189711, -0.810136030421936, 0.3133107498325913, -0.49549569751061157, 0.17833440323226235, 0.9368598816630431, 0.30081622754449544
118, 54.60900422715498, -351.71958226457724, -165.13639067019102, 8, 14.177246552382694, 19.97363568132608, 14.894371113351134, 9.578475254069039, -0.9996620058763562, 0.02480832170790695, 0.007773106283639581, 0.012894349427892323, 0.21350838338557168, 0.9768561337151501, 0.022574537871043486, 0.9766261912308705, -0.21375610597546024
119, -71.25110920253329, 130.6690808230917, 8.069525363136709, 7, 7.662159555221438, 12.999175812027174, 7.958357617794964, 4.348247999961542, -0.2580760579356774, 0.6311556649318577, 0.7314637892232297, 0.939911200366135, -0.0111446007100261, 0.34123706319991853, -0.2235255773880758, -0.7755761242453498, 0.5903541240254777
