# Void_ID, X_c, Y_c, Z_c, N_particles, R=(abc)^(-1/3), a, b, c, vector_a, vector_b, vector_c 

0, -218.34796179994373, 20.317430023822844, 15.69579516866508, 21, 17.599391253398423, 25.9066283540579, 14.96236670666721, 14.063122158836753, -0.7398788552926036, 0.39131298811489446, -0.5472233774460837, 0.3161042891358914, 0.9202547503455937, 0.23067135248283863, 0.5938496088074808, -0.0023108005023396235, -0.8045727452009797
1, 56.269108799439124, -69.40832204678655, -97.67941094010277, 21, 16.02653641087408, 22.18086066755988, 17.443886285166737, 10.638916076431839, 0.6317661241171233, -0.6160704915499241, 0.470455857503616, -0.20030494959345996, 0.4565555659975161, 0.8668534722345231, -0.7488320850406917, -0.6418832951542843, 0.16503437161842455
2, -183.2734512009343, -177.8212688565088, -205.58048649226797, 21, 17.84565604774982, 20.22045636602946, 17.72057604526961, 15.860934298832492, -0.43171239714826204, 0.8319486568486867, 0.34854818679225336, 0.9019569421842502, 0.3939130665854809, 0.17693549790491356, -0.009903564718700965, -0.39076070470415736, 0.9204390208291763
3, -185.57553053593261, 129.14844970628582, -13.46565314735883, 8, 10.638044773416654, 13.878922988526382, 11.929273557790344, 7.271360519223818, -0.09849800845810205, 0.40485443993689907, 0.9090605176736957, 0.6725593260949392, -0.6462081440931563, 0.36066464671547716, 0.7334589935453164, 0.6469218785688571, -0.20863841404792274
4, 267.81610566173595, -188.63841922688096, 6.745728294802908, 27, 19.375048930156282, 29.127707425123223, 18.98513384170539, 13.152504438643895, -0.4704133896424771, -0.882346091116356, -0.01328978317212484, -0.8705127663338879, 0.4664676817249964, -0.1568930385830724, -0.14463321366407053, 0.06223566017802712, 0.9875261799605154
5, 139.6790156243257, 186.16721944073456, -220.75530233703057, 8, 14.677701149788685, 19.026723876933676, 16.30964287761196, 10.18979989073583, -0.06381233347703373, -0.9384054770729575, 0.33959261872969343, 0.31035302322420755, -0.3420732923204828, -0.8869424240933682, 0.9484771937541832, 0.04879573014621162, 0.31306547182288885
6, 63.636354274701446, 158.4386541274378, -224.78130177478843, 68, 30.590969335742553, 48.27334639631727, 30.082823606031166, 19.713044983667537, 0.594622391960765, 0.790675727932902, -0.14579473322666325, 0.5716070041643482, -0.28821488204283974, 0.768243200138661, -0.5654110396597475, 0.5401518999566766, 0.623334806668195
7, 162.27545370394625, -318.586014042991, -194.47015159232885, 11, 16.29868691723549, 24.32644345548369, 15.75468624603712, 11.297165062980715, 0.5725239235090646, 0.7990934991766768, -0.18348279642342885, -0.580215391236689, 0.5530015992267818, 0.5979459265056314, 0.5792809825825824, -0.2358788053772449, 0.7802529925555951
8, 88.62152154631792, -323.6063676989696, -130.96240253486127, 7, 10.655260635098848, 14.576876350961289, 10.530708262220484, 7.8807977243862695, 0.32037213262499137, 0.13315027435545787, 0.9378873605483662, -0.420376838053934, 0.9072289242623718, 0.014798412398512603, -0.848908128518682, -0.3990071220176483, 0.34662415656457374
9, 137.6422813958877, 239.3736301875976, -336.23055006496435, 74, 32.47692997845757, 38.497369636586214, 36.41704342902684, 24.43369598013994, -0.8631700204769245, -0.16386928409922524, -0.4775817976835728, -0.3906129391322014, 0.8160692285799364, 0.4259724708798103, -0.3199360053704001, -0.5542362960811524, 0.7684159554394199
10, 86.73957904689053, -89.34089136649816, -48.14301099617143, 43, 24.899251092866905, 32.296474709403796, 27.969571797981356, 17.089049860685172, 0.6912226089683644, 0.5536303802932191, -0.46444020806488445, -0.6777122464149329, 0.719718817678247, -0.15070147490668953, -0.2508334425673584, -0.41892508339345447, -0.8726880075912552
11, -238.6819510549954, 280.20001171568293, -301.11447689495384, 42, 22.596972909461094, 28.76929979016676, 25.617476034786915, 15.65615687996288, 0.710511573445504, 0.7002725963417317, -0.06922134651106082, -0.212254850646256, 0.307062439042784, 0.927717918823514, -0.6709107111808019, 0.6444617516516453, -0.36680767205848275
12, 24.95684362952145, -285.27156489936306, -190.62713520322322, 108, 36.90863121482965, 75.59449843010358, 29.3574313209058, 22.65560033030635, 0.6652269429473922, -0.5425894767590551, 0.5129032794662185, -0.5173056792723025, 0.16041133449049205, 0.8406325225445427, -0.5383938600778136, -0.8245391824997249, -0.17397467618362467
13, 103.12643212164306, 84.5156519554947, 151.93615561624438, 11, 10.72993444116567, 15.245563372617475, 12.779621686676396, 6.340590858232184, 0.4563247732342193, 0.6277972890478994, 0.6305856525459856, 0.58710148854819, 0.3200968159728006, -0.7435387485185788, -0.668640070200132, 0.7095129260754761, -0.22251261594475633
14, 25.75923163778942, 211.08806372998717, -96.96179842583807, 56, 29.51120038697158, 35.27931254103653, 33.53538135587993, 21.72387334033851, -0.497485841649572, 0.7336115551630656, -0.46294915864427827, -0.3124017795880432, 0.3463550183624276, 0.884558267931167, -0.8092669309124407, -0.5846813554290841, -0.05687483753970846
15, 14.897032931424684, -257.7988320922073, 235.96235453863153, 6, 8.141437749420307, 9.197550402192935, 8.202930348492183, 7.152570040588467, 0.9314541499714056, 0.3383175349276567, 0.13391942376488958, -0.2712424043254705, 0.40029575184658117, 0.8753232940744342, 0.2425298426931915, -0.8516481413201427, 0.46462320087266634
16, 189.15652589368386, 269.1200960366186, -82.86670552375695, 8, 15.535503925061825, 23.26528839561738, 15.96888360926405, 10.09236710009602, 0.3850560908913705, 0.4149897393310632, -0.8243271942119784, 0.8760774778852863, -0.4452313138649405, 0.1850873574727747, 0.2902069255024965, 0.793443503599365, 0.535002193440693
17, -189.58532122345667, -55.23892259907723, -217.69725064039724, 11, 13.05095136754617, 17.86669776676582, 14.717726536164006, 8.45359609602248, 0.004264046967225953, 0.7287224117930027, 0.6847959290577382, 0.21640020371892996, -0.6692477272129876, 0.7108293968672483, 0.9762954315850642, 0.14515896862006153, -0.1605493821081011
18, -218.08826101940988, 205.639985186356, 175.45355731135692, 8, 10.461997648029952, 15.743712751394556, 9.412339195127286, 7.727502020010883, 0.3683545520643875, -0.08220362532458865, -0.9260439989314433, 0.7436722343880567, 0.6238121158669035, 0.24043720988634854, -0.5579126560436857, 0.7772393505742944, -0.2909165862324267
19, -208.44086843805113, 75.80772779466939, -240.09601320053358, 39, 23.799728029634032, 36.082139326670585, 23.292800577619218, 16.039912506306674, -0.830909254607543, 0.45740786729216276, 0.31680885964059213, 0.5548188139265672, 0.6381146111787636, 0.5338406379372899, -0.042022545385239, -0.6193446422949099, 0.7839938263404473
20, 310.7945667269511, -115.8137354293459, -22.00966793937861, 9, 10.521098518761441, 16.761344916115288, 9.996383324686946, 6.95074726478038, 0.008602879446513185, -0.46164614841641766, 0.8870224484856714, 0.8522789506291927, -0.4605769220877603, -0.24797074253743612, 0.523016807358646, 0.758123823984217, 0.3894890071977858
21, 85.8827384728124, 39.219215975522665, -233.76871266335183, 26, 23.941744417499304, 30.25494455331915, 22.668447144502217, 20.01009907317519, 0.5288462539986452, -0.5604043942230976, 0.6373919944328164, 0.5213447162064405, 0.8071147837825534, 0.2770657190690829, -0.6697173482262685, 0.18577578080870963, 0.7190034998174135
22, -337.82606051169574, -48.081172291718204, 263.47151695507114, 28, 21.38996971491795, 24.46081610951691, 23.09515721661576, 17.32361978317005, 0.2835299733284508, -0.15276257722321557, 0.9467176713384456, -0.9142201834290807, -0.34109581462621424, 0.21875808889130743, 0.28950338587875907, -0.9275328782553209, -0.23636951859352376
23, 62.19440979127026, 20.93940071263587, -219.0822039312609, 8, 9.979650731076186, 14.679966831504341, 11.125892030042008, 6.085357692726646, 0.4262848979997972, -0.5787083357970128, 0.6952538010082032, -0.7832303000177029, 0.1484103925350506, 0.6037587701406676, 0.4525831226100707, 0.8019170888980007, 0.38999679442512586
24, -315.4631321540874, -281.9438339381736, -16.882445097223634, 25, 18.657289964323283, 23.137563570797077, 20.418663901124024, 13.746772268445104, -0.2758927950451974, 0.8953016642136769, -0.34974004017036575, -0.2450659948279831, 0.28631662552232967, 0.9262642431447288, -0.9294223065007206, -0.3412590218671531, -0.14041529892840915
25, 209.8285616785203, -114.64896984935639, 240.9063449962113, 24, 16.528078351111862, 23.259572116104632, 16.709392472052023, 11.617286711875181, 0.6655378505818125, 0.21893162774117722, 0.7135322780488208, 0.3067291954851514, -0.95177832599025, 0.005934543978194382, 0.6804238165143637, 0.21491151795517144, -0.7005972233532128
26, -283.28293113075745, 86.91899644471096, 317.19956665940157, 7, 12.087405766487379, 20.41650086818995, 14.550204866801108, 5.944959280275665, 0.7514729493421449, 0.585918840442348, -0.30329444245108167, -0.2549083188505021, 0.6818486166154328, 0.6856414609695297, 0.6085311457828835, -0.4379287344241236, 0.6617463775328556
27, -24.165846187441044, 18.227063017324696, -94.68599494587667, 13, 13.208879198400828, 24.633964046223237, 12.196039182479963, 7.670872970576428, -0.4447354731883024, 0.5980760192827375, 0.6667199067426226, 0.05615759968789162, -0.7243033047037184, 0.6871906917243329, 0.8938997051600763, 0.343059467081419, 0.288536859275451
28, -194.85213245849053, 148.9973100808324, -301.67794439862683, 46, 25.802261524075437, 36.0327635155491, 24.34017698574691, 19.586282544288938, -0.9275225716193717, -0.19354189464321436, 0.31975524101178154, -0.09459650159521618, 0.9491956450088, 0.30013185332829023, -0.3615983697730588, 0.24813134125749406, -0.8987087717738285
29, -181.45645311505652, -129.3596621599758, 238.03311349051688, 14, 15.7828063453826, 18.42401297362713, 15.472929721096252, 13.791004480870054, -0.3138287557202518, -0.6086721128793846, -0.728717895406737, -0.9468085676417541, 0.2581447711001888, 0.19213228097797813, -0.07116915289118243, -0.7502529814379792, 0.6573092236688716
30, -331.6217150398421, -280.3664698400073, -329.3104249944252, 22, 18.060644374532146, 20.401750136275574, 18.504412055444806, 15.604756938337632, -0.1504701984438451, -0.7305602101333516, -0.6660634344791665, -0.9884813124547178, 0.10011787733171601, 0.11349495833027079, 0.016230043378511833, -0.6754688667943956, 0.7372098722096894
31, -86.2200688482109, 334.4483850755182, -39.69642455757848, 7, 10.165718066664535, 13.743809198164879, 10.627841032137175, 7.192204305569911, 0.006960380949598977, 0.6515851064313234, 0.7585436059805114, 0.8605088998568886, -0.3903144588473615, 0.327382126087816, 0.5093878545510518, 0.6504548195621062, -0.563411520422066
32, 17.078029292985196, 99.49496451750149, 305.9918654553445, 37, 22.300035652460725, 33.83381377692225, 21.019702827013134, 15.593339905409087, 0.3707108986692922, -0.61168146502604, -0.6988699556794546, -0.8381538575018627, 0.10382099323938261, -0.5354617750293064, -0.4000894159591733, -0.7842620650690592, 0.47419560576945713
33, 4.710173415997369, -293.8604083623618, -246.1694698582861, 36, 21.853569316476893, 27.58700628001583, 21.834679938074814, 17.326695201206732, 0.7405872622199233, 0.6639397218191673, -0.10351112417651191, -0.4118645856947619, 0.570225641338623, 0.7107814579815925, 0.5309407406557539, -0.48376312772951574, 0.695755105019917
34, 253.59435682669744, 337.14324936981114, -212.9791152347287, 120, 37.64551521097372, 56.75610925468017, 36.0442888002835, 26.078983454705075, -0.8693907991686987, 0.016896919857787834, 0.4938361392406704, 0.49381565575199277, -0.005654981890402953, 0.8695482271352455, -0.017485321130618157, -0.9998412450380003, 0.003427574334780608
35, 123.40105225974409, -18.979903769567404, 75.19452873647401, 7, 12.917594756019838, 19.378493065428827, 12.967473283498741, 8.577675333815193, -0.027423003626231415, 0.512024630634711, 0.858532909384086, 0.09566348786813401, -0.8535697479146592, 0.5121202813146617, 0.9950359169200974, 0.09617412889281701, -0.025574615748604392
36, -237.0580048525843, 158.97500743254847, -338.05357566306765, 12, 16.033166923212764, 20.94518260126777, 16.2606654281054, 12.101396124390982, 0.17687341407354454, 0.5670632186016221, 0.8044595089270419, -0.41037008580010587, -0.7004235662450213, 0.5839548103483864, 0.8946016924164529, -0.43341219867208963, 0.10881947421230762
37, 126.81869988813303, 156.23328948606652, -171.37946767489592, 7, 10.461746345279867, 15.611410895919065, 10.232871445273554, 7.16758554720292, -0.929243661919451, -0.36080021328756773, 0.07955767011529913, -0.30269128467244644, 0.8669107459613682, 0.39603502966284193, 0.21185892231830467, -0.3439316278395329, 0.9147823962045704
38, -78.52223541700477, 258.4005908535951, -236.984357400099, 11, 14.77324400106767, 21.385155796646995, 14.566839477965843, 10.350226638026484, -0.9798522534580029, 0.030176546733415285, 0.19743084212077866, 0.1994468474306291, 0.09581023501227308, 0.9752134914555254, -0.010512680117701931, -0.994942096251907, 0.09989849179343956
39, 110.38747120946451, 3.089182753908315, 349.54591243949505, 10, 10.967889668335342, 13.993327167699187, 11.434288855843198, 8.245919136633868, 0.32634944686822615, 0.9409922466608295, 0.08960820416126847, 0.3193396349603614, -0.19898101883705457, 0.9265143019327606, -0.8896731062992667, 0.2737519787449439, 0.3654334659839484
40, 333.24555242824977, 165.51751301156077, -39.41645609985346, 50, 27.648046986614393, 38.75235946335771, 25.627136658437635, 21.28115239987706, -0.1234031426064326, -0.46458417203549607, 0.8768883688867979, -0.987456534074679, -0.030217229892948293, -0.15497261800337134, -0.09849496285637545, 0.8850132575909185, 0.45502777517447424
41, 318.70023519528183, 344.19377808809384, -295.5009061866638, 14, 14.686191277574295, 19.93611293619428, 14.13064510868347, 11.24410950372562, 0.33065875323848215, -0.45176282542427226, -0.8285982974104225, 0.37665375665948864, -0.7418582551921626, 0.5547776823174619, -0.8653304204181593, -0.4955367582409174, -0.0751437604263591
42, 7.810004837138424, -230.07912619039166, 13.183353748198385, 5, 2.494498764040974, 15.898457721032557, 5.306546107080389, 0.18398522191392336, -0.05445546684479549, 0.9075091560278195, -0.4164873753865657, 0.7476383344871643, 0.3135375604109636, 0.585432420537845, 0.6618697174942922, -0.27950193190247535, -0.6955624681700484
43, -51.428896553498944, -145.6913799241925, -332.34333171389704, 18, 22.374640325452102, 27.880432163260746, 22.828630119642817, 17.599034203664626, -0.9815136611012233, -0.1733271517352423, 0.081170385874537, -0.18209679280661184, 0.9762648332629572, -0.11725072871243264, 0.058921058385087204, 0.12986405894395409, 0.9897795891375929
44, -259.93618291337623, -162.20329140388807, -312.1801625077539, 27, 21.383611869498534, 32.0439197583938, 18.14191096824099, 16.81955580669154, 0.20138133266702535, -0.785657016611833, -0.5849688975508416, 0.5290712297209605, -0.41534697428579864, 0.7399800840787424, -0.8243356068585171, -0.4585083894545748, 0.332025396716836
45, -210.53692477448155, -8.467555031079314, -239.57166809117044, 11, 12.83325374526951, 15.668369316342144, 13.27769899937481, 10.15929860674106, -0.2518672034361992, -0.9463828402769456, -0.20229293478164193, 0.4159912048309547, -0.29460805843518656, 0.8603240141994993, -0.8737930128677603, 0.13253532183682792, 0.4678890457459869
46, 66.92115884582593, -125.0334592956025, -233.52603570251512, 14, 14.641988768332757, 17.14060033518692, 14.567450034932234, 12.571602547591006, -0.42080748391128814, 0.09611708236483107, 0.9020435510339416, 0.021174149035642797, -0.9930592958953406, 0.11569308643331615, 0.9069028155744514, 0.067784521194168, 0.41585158625356944
47, -153.65747517797652, -116.92551546233754, -346.62857706342885, 56, 26.978279540450075, 42.53316874640943, 27.71887174625674, 16.654801579826987, -0.51958783666818, -0.8513572477142273, -0.07224483892248913, -0.8338601589767319, 0.4868348041847156, 0.2601328674076557, 0.18629470002600587, -0.1954039666917898, 0.9628663326460919
48, 116.8946750150091, 71.75380286461346, 100.69035522991223, 31, 24.71953432042833, 32.840745085607885, 26.248297213629918, 17.522929687957063, 0.862161241030105, 0.018311880110592767, -0.5063029424289813, 0.3269462003374342, 0.7432947549771145, 0.5836258127502808, 0.3870196074494722, -0.6687133782648034, 0.6348529287790445
49, 170.52282401760243, -141.82359408914704, 235.28384278652504, 31, 20.089800713036084, 31.738769472270462, 19.507287399689364, 13.09603775866951, -0.01240834091154897, -0.3422666651381511, 0.9395209220720055, 0.39174201542522175, -0.8661482655645292, -0.310363295848822, 0.9199914273657166, 0.36419872596532554, 0.14482769617316021
50, -345.34081892765926, 186.06464966695845, -44.27760922874356, 39, 25.086833267114486, 33.64945463117715, 28.552072102849614, 16.433189701179664, 0.21740107519591026, -0.893722286722604, 0.39242482938644674, 0.11979369711940832, 0.42343145513284036, 0.8979728687073728, 0.9687033821733697, 0.14821024600008342, -0.19911675054216105
51, -278.78029192534984, 24.630981104602586, 32.629212086913256, 8, 11.675583739203674, 13.986608248020207, 12.92120099726494, 8.80684830712285, 0.3340632148233475, 0.3890389974706962, 0.8585164104132696, -0.9029898502193195, 0.393213784720903, 0.17318270671852395, -0.2702056603825706, -0.8330855766081051, 0.4826565270922586
52, -106.67128391857587, -338.34508190685176, -317.60925310762076, 33, 22.520110670260927, 26.326691133481884, 24.526666202437333, 17.68791988286783, 0.6204969219150221, -0.348772947394869, 0.702382375248325, -0.048293525195390534, 0.8769628196079932, 0.4781254526266101, 0.7827204515778191, 0.33059589257989125, -0.527309255078194
53, 255.66187874617344, -294.2705041988808, 264.5746802707481, 7, 9.32900555699142, 15.10190503703596, 11.57247443298203, 4.645667147891933, -0.4064004304212576, 0.9096266983423649, -0.08612757872008833, 0.9028304308567228, 0.4142732518852869, 0.11521669102805251, -0.14048453036715677, 0.030934486178990004, 0.9895994918614102
54, -289.4185973431831, 207.14060419404228, 351.6460893040494, 31, 21.924093695444533, 35.36595801349742, 22.05289000867001, 13.511824940622192, -0.12930400322398167, -0.991487669827283, -0.01525369891919306, -0.9868194544967722, 0.1301742140940781, -0.09613552003126725, -0.09730282101226882, -0.0026219392544340986, 0.9952513684781351
55, 288.7260182026648, 333.68696665012345, 103.16761235805532, 9, 15.843258948162553, 20.429118957147004, 18.49795975034522, 10.52349730520355, 0.0652594261428314, -0.07790191767800622, 0.9948228478083913, 0.6542180624172933, -0.7494501004836451, -0.10160351220315593, 0.7534851916968714, 0.6574616628421334, 0.0020561581616467084
56, 348.07455118027906, -91.68060766459809, 108.77165182211475, 54, 29.990091414984775, 51.93468196111854, 25.49439677706666, 20.371881988046464, 0.09616517058553616, 0.19527835019330336, 0.9760218368008147, -0.3196952476981094, -0.9225533210284782, 0.21607942627323412, 0.9426278208102595, -0.332808857762391, -0.026287936955830097
57, -227.38348550595154, 155.42571810296198, 253.24195519142592, 52, 23.249605925154583, 30.809432851618016, 21.087054132784733, 19.344039557500906, 0.4260561876908679, 0.8518868861863601, 0.30457323926115315, 0.7179550010217514, -0.11353376343564552, -0.6867683023174526, 0.5504695644976051, -0.5112717650172427, 0.6599882126659311
58, 251.68947454744585, 350.9423341650644, 109.86765547766956, 13, 15.664186281599921, 21.91280495374312, 15.490227950540795, 11.323162389980842, 0.14012038497032434, -0.3593721429058515, 0.9226147303284424, -0.7592037520475292, -0.6371451459158425, -0.1328748505656107, 0.6355910167652795, -0.6818340897455453, -0.3621137024031845
59, -42.993751430447766, -175.84296306916804, 27.57188438011663, 24, 19.77810472708469, 24.2117803073329, 20.136438341211218, 15.868820052998332, 0.5789270612199575, -0.3486651816014277, -0.7370726212023256, -0.7228654354944861, 0.1987545729165931, -0.6617871122287813, -0.3772386777023145, -0.9159307893523322, 0.13697360753744856
60, -60.920940668573294, 156.58860180844115, 138.94067838906656, 156, 43.921322034654466, 85.99118808854448, 32.77542299204956, 30.062421322720073, -0.10931711479286169, -0.9791924298841631, 0.170973546699227, -0.3337614400105424, 0.19817702731387682, 0.9215905636491316, -0.9362975326120695, 0.043681244288405675, -0.3484808162897454
61, -353.4132013656766, 78.92648164333156, -324.5269912248853, 9, 12.194521323725573, 22.177909789761795, 11.809602057757749, 6.923702458514698, 0.13723796849672668, 0.9055606861337803, -0.4014045138408492, 0.6824589312991906, 0.20726769782744417, 0.7009207576661416, 0.717924471718898, -0.37013503639378453, -0.5895629803005894
62, -78.03804892767354, -293.652262263157, 41.59344247005319, 59, 24.953417833192987, 29.654229719521656, 24.51168662524671, 21.37618861922608, -0.08124797743013863, -0.5234316708264125, -0.8481851520389766, 0.06949946075621716, -0.851902506195084, 0.5190683431814446, -0.9942678668840237, -0.01677515765663374, 0.10559357446117752
63, 313.70256345319785, -19.04081011519441, 301.3161151856114, 8, 9.661068244412753, 12.158353995100619, 10.930307428936947, 6.785288042719705, 0.1364272687138791, 0.26049387683557956, 0.9557879160579721, -0.133010866674045, 0.9608893836060655, -0.2428985422347673, 0.9816800444635158, 0.09399219437977807, -0.1657400304627207
64, -89.01006509345689, -148.10569997888612, -95.70918765198113, 84, 32.48183174071641, 48.76885014740274, 29.114597731307807, 24.136162823966824, -0.9795194258159696, -0.10060280332348044, 0.17441551081429194, 0.08174295298408961, 0.5929476054635701, 0.8010812860206256, -0.18401028255669394, 0.7989319202150281, -0.5725801278204943
65, 312.5709524166063, -220.2832863578777, -181.28497007958785, 25, 20.429215581844513, 28.33807460468328, 19.58405872176508, 15.363212307620477, 0.4188494680001413, 0.08583328303039461, -0.9039899173553999, 0.5188169904091229, 0.7944117851316029, 0.31581457551360786, 0.745247645832457, -0.6012840952230852, 0.2882071879966506
66, 132.78078398450046, -80.07413414337009, -318.2957958578357, 25, 20.344118974656237, 27.232156383234507, 18.349146962368216, 16.850731147240957, -0.5784245849916008, -0.511410902384928, 0.635518597996257, -0.30808112407023414, 0.8583316552464756, 0.4103081653994548, -0.7553217992808857, 0.04154104625161681, -0.6540361771396185
67, -182.6638393420313, -335.13834577798644, -263.7392513107458, 12, 13.297652168290748, 20.438667092547195, 13.613079709104696, 8.451152701817326, 0.586140231677332, 0.6767075836266875, 0.4455406547907533, 0.6954427573849316, -0.13807367445434285, -0.7051914857849033, 0.4156909910138629, -0.7231891223496149, 0.5515419234338458
68, -92.86226908025031, 133.71158861426176, 319.2871795919171, 61, 29.768682739804298, 39.86284833112146, 29.77197343644866, 22.228128703348055, 0.7232803894867468, 0.17148794637506284, 0.6689225384392153, -0.35810884329007076, -0.7350990165536028, 0.5756626548764248, 0.5904435066467814, -0.65591258572312, -0.4702713528896511
69, 69.14559886896343, 78.9757225636347, -2.479316618117032, 11, 15.781313904929494, 17.38437028517517, 16.243823308139483, 13.918173778019217, 0.00674573930415386, 0.15177863883182752, 0.9883914911590438, 0.9730336298685366, -0.22889478697533217, 0.028508448578919775, 0.23056463333759666, 0.9615458498115804, -0.14922978444005405
70, 335.8963624258935, 276.09116826567634, -66.60831537426742, 78, 30.66100074123321, 50.19621787996332, 25.540222400036274, 22.483468308681875, -0.0016606647369895326, -0.4673155673623477, 0.8840890241901199, -0.9945595673997749, 0.09285542086256962, 0.04721374492674251, 0.10415617641889405, 0.8792007912401134, 0.4649273702381423
72, -164.69152981561257, -243.44672031170674, -144.48137123554855, 7, 14.015404329350043, 17.347679634261027, 16.31955962623982, 9.72449516981922, 0.30379830105785555, -0.38373614684696405, 0.8720396561380714, 0.77942308382237, -0.4262787823907242, -0.45911442592049817, 0.5479108035795506, 0.8191660205883348, 0.16959004108226128
73, -167.9815715493353, -264.43839394418364, 56.00337502182667, 9, 11.454513018063151, 15.721673261106341, 12.608094206736853, 7.581963319377878, -0.9302908289046118, 0.35335340199960036, 0.09849033938046499, 0.05047211540420341, -0.1426409172064363, 0.9884867901520643, 0.36333392247709967, 0.9245512111472329, 0.114863043419498
74, -114.36475897496983, -99.63693178992602, -322.21667395461833, 43, 25.721790457343346, 35.5774092270286, 26.798258807552404, 17.849361752512582, 0.5287775619644827, 0.7875487481058329, -0.3164826366798553, -0.4956198013001725, 0.589204262804576, 0.638121735448726, 0.6890248925271679, -0.18056939400089755, 0.7018827476352963
75, -43.11552693546468, 30.47191812716632, 326.3857105365752, 31, 21.961111143324825, 30.810963390544092, 20.860962448307347, 16.4787137744551, 0.42314212738917834, 0.8546884905905017, 0.30076290343174034, 0.8383414373819317, -0.49523603045033915, 0.2278703765569086, -0.34370681459196745, -0.15572044886886485, 0.9260760051999632
76, -235.51542681188428, 233.83418234846903, -26.285022851032842, 114, 39.81084874552549, 57.11267012791395, 36.274886831606715, 30.4555031528366, 0.5528500935311296, -0.5621450372236549, 0.615101399126548, -0.5455340994273725, 0.3138129859238493, 0.777119010337235, -0.6298804016990743, -0.7651891053787774, -0.13317774801009044
77, -185.480490734795, 181.914479093426, -125.06742431009053, 27, 21.378776544210158, 32.1203246538052, 19.779600548539527, 15.379814626496321, 0.6526073744684918, 0.32009750222559225, -0.6867613878621006, 0.5571302783122304, -0.8170190125976022, 0.1486128730688421, 0.5135265015333471, 0.47960142005938183, 0.7115286432041549
78, -99.14247635614916, -188.73870665726363, -233.03241663060308, 30, 19.46371928755232, 26.15577819457404, 21.50262162907682, 13.110475356862366, 0.08610973597457838, 0.45581944531949786, 0.8858971422456525, -0.9919325027536465, -0.04380811110805223, 0.11895696441163647, 0.09303237797280668, -0.8889935222878566, 0.4483698183184891
79, 177.30692936666142, -6.232677833988331, 307.7375019657213, 192, 46.04262208107443, 82.08843418407557, 36.522440205698466, 32.556550732298085, -0.9800847601369178, -0.1434918320334155, -0.1372732934224802, -0.19285643732889907, 0.5230243650174562, 0.8302119658128828, 0.04733135882440631, -0.8401521336863825, 0.5402815328456584
80, 201.74898698017316, -284.0300832988146, -241.27863584869567, 6, 12.46850812173527, 17.045780391709144, 15.080166516219165, 7.540852595702155, -0.5552054416921693, -0.5859036951988748, 0.5903082054890542, -0.11720032824131996, 0.7577815980035286, 0.6418965125215632, 0.8234142338917454, -0.287200121308336, 0.4893925722208575
81, -63.68024904166956, -59.802458733506455, 184.60171020375253, 24, 21.359211381555813, 31.981538059812117, 18.217625049132618, 16.72493874901595, 0.164283768316399, 0.6378676395124745, 0.7524199079839314, 0.7582584361455347, 0.4062183556661607, -0.5099321440486063, 0.6309159908275369, -0.6543023169626284, 0.41693343657644394
82, -2.7612730275815407, -103.95389464711891, -77.43025992056464, 21, 20.099026114029943, 26.180708144678754, 20.192705762223962, 15.358511846880774, -0.9894097008823716, 0.1178547584685462, -0.08472720759104947, -0.08841908680949459, -0.026448628970992004, 0.995732160328936, 0.11511085477760669, 0.9926785612331291, 0.03658914019887957
83, 74.9146421777182, 112.98928783225898, 263.12658800405495, 29, 21.046041712974823, 36.63465977928612, 17.599898529337175, 14.458024418038045, -0.35671328957972337, 0.09992378552408329, 0.9288545990216927, -0.1438035445619382, -0.9882864900011784, 0.05109162605137184, 0.9230797200722345, -0.11534752172321618, 0.366904319439929
84, -241.78807949467839, 25.355144054314533, 277.4919636647863, 11, 17.42047083955028, 19.83170099671448, 18.033132909559903, 14.782521429245408, 0.7594535473888612, 0.4893810435419078, -0.4286449621543548, -0.3681621067115108, 0.8665303458897399, 0.3370190244391995, -0.5363645891930382, 0.09813946134986, -0.8382611010811265
85, -61.58654814224878, 284.65853959887323, 161.43622296749396, 6, 8.303106624686793, 11.931712523261519, 11.327000605985171, 4.235494674552238, -0.8318728361111078, 0.3272080260502431, 0.44824378660363534, 0.40950994342779706, -0.18320170257182705, 0.8937218484565241, -0.37455198674446233, -0.9270232164639066, -0.018405579661853178
86, -49.88091611805418, 98.30061359492254, 12.578177657948066, 85, 35.58678938197696, 49.18908591078132, 34.305759272756866, 26.70734005164753, 0.5964474029025557, -0.10036010656550635, 0.7963531531807712, -0.3405550834673313, -0.9300634407520152, 0.13785583520867684, 0.7268237273888054, -0.35342586943612714, -0.5889120682393605
88, 21.030261267312, -169.63146794741752, -66.64803768982445, 40, 23.176681290114097, 32.101628305649186, 24.688323102970458, 15.708513575350931, 0.44871189929970096, -0.5383319121172911, -0.7133417020075276, -0.38764154676789475, -0.8364530607611844, 0.38740199839784056, -0.8052277085683583, 0.10268899424664601, -0.5840062566568643
89, -47.21217889826979, 135.5598890849926, 30.178454341725544, 9, 17.16689292603186, 19.404033174934582, 18.621766498014065, 14.001101691790792, -0.9032044595203963, -0.42920750024245913, 0.001620505503895579, -0.4289752710519504, 0.902577901831347, -0.03651503733571713, -0.014209895438510997, 0.03367570134894838, 0.9993317897526741
90, 148.29924135431165, -130.6406256431961, 31.525080665433588, 44, 27.42535357665921, 35.02850207462016, 24.985640792068825, 23.56918949235581, -0.333923957448986, -0.6002917518024888, -0.7267355800836416, -0.18477848483270728, -0.7143439252494667, 0.6749590120904478, -0.9243114746580492, 0.35967008379497295, 0.1276155501433098
91, 18.524634167332398, 346.05473543537886, -300.1409004153022, 99, 34.32859952117405, 48.91291519319331, 38.965482441248895, 21.22582862508415, -0.25760974758889416, 0.03344203357508467, 0.9656701550413316, 0.9661767890292228, -0.0033067013916451603, 0.25785941531595735, -0.011816526070193355, -0.9994351885521489, 0.031459078107329244
92, -15.329021487624244, 96.02448718165921, 184.06054984815196, 14, 16.775124096913938, 29.075838108655113, 13.923910772390911, 11.660139632583412, 0.326511706988147, 0.48858163435802743, -0.809121802800867, 0.48632085341672937, 0.6471949632671047, 0.5870525590215195, 0.8104826541831168, -0.5851723387940773, -0.026290705174262862
93, -209.1305529275778, 53.81060510628758, -296.0680785947789, 22, 21.672514432214015, 27.467811320130565, 20.468916082746727, 18.105436578515068, -0.6277535537776061, -0.6738955746846689, -0.3896026567414629, 0.11282401967034107, -0.5739948252933219, 0.8110491237415371, -0.7701923242314302, 0.46518243190914793, 0.43635889900181757
94, 306.962349820184, 118.82498204533556, -28.95497390817006, 58, 29.439411562742336, 40.786799563364774, 35.89959084135541, 17.42521910510025, 0.24251994294228046, -0.9660831211182379, -0.08869881828816611, 0.5178774431308104, 0.20623018925295655, -0.8302241040447959, 0.8203578677452709, 0.15541078511844977, 0.5503275903471492
95, -25.44485326272437, 174.0991306796894, -262.48485105331747, 65, 27.734967527015044, 36.921055949433516, 24.72160047228897, 23.373959557383735, -0.01381223941151353, 0.05181378930335177, 0.998561241627406, -0.8254957763125427, -0.5641258592950253, 0.017853239616438712, -0.5642392624876355, 0.8240614941329791, -0.05056390565147361
96, -288.8923236173491, 89.30860784790538, -4.204540335793063, 33, 22.201100766876827, 31.19563956044642, 20.617507007165226, 17.013492713259804, -0.5352387311976126, -0.6240836789327182, -0.569244290542974, -0.1233565742072375, -0.6089264773339432, 0.7835762252656272, -0.8356450539707779, 0.4896203701761989, 0.24893621046906234
97, 290.254027543121, 320.90958828412096, -247.01738356324188, 11, 13.493021882819097, 18.510148877195075, 13.66869239366831, 9.709364208169003, -0.839106781049403, -0.1922766579218995, 0.5088511538901077, -0.022525085010513354, 0.946924901570429, 0.32066470234670724, -0.543500166092135, 0.2576100106832386, -0.7989021541175134
98, -42.92546764456874, -216.61077986791764, 32.36059135290205, 7, 15.569262598749635, 18.86469233149115, 17.79565362974047, 11.24191922343743, 0.3984628485714261, 0.3655526419328596, 0.8411888160717851, -0.811987547221165, 0.5670782718599783, 0.1381971661867825, -0.4265015609187165, -0.7381012800152883, 0.5227838166715679
99, -200.70431931318, 108.70258023805482, -44.48146336883802, 91, 35.93338947838654, 59.910263054635735, 28.30793378993585, 27.358051104086037, -0.09937798923811467, 0.13832158758323346, -0.9853888337420122, 0.8924135769264553, 0.4504233006441057, -0.026774203147789624, -0.4401386406262373, 0.8820351402553812, 0.16820222466530466
100, 204.86405879329482, 85.0357497141257, 220.34490024166007, 19, 18.221894176676532, 23.71233505067118, 16.84977626670374, 15.143006158910387, -0.7520685354176637, -0.44026803314639473, 0.49046608142065756, -0.657815650633241, 0.4552522374129686, -0.6000199747612174, -0.04088383319474446, 0.773892408103278, 0.6319960861139995
101, 345.71526580900644, -332.08393675711875, -34.961107804975406, 7, 8.484942786717685, 15.120507561414392, 7.001876512680965, 5.769868799855092, -0.8479180475297657, -0.20197896217121353, 0.49014230945058135, -0.1982042117366326, 0.9783065546912786, 0.06026089526335031, -0.49168086715182463, -0.046051969429328786, -0.8695568647239293
102, -198.58017129756456, -236.3106432643418, 209.01225544254854, 12, 18.248795022236745, 21.446433225580687, 17.889502358600375, 15.839783624978153, -0.6131896772872109, 0.3238069728818046, -0.7205188852358615, 0.06935090734744202, 0.9306688254572903, 0.35922971615949884, 0.786885551601053, 0.17030731527174617, -0.5931328241182041
103, -4.1054454700747955, -268.607639816754, -80.50841676418632, 12, 15.764429294898902, 21.039426786083077, 15.315097604754257, 12.158530446790296, 0.4760628967845905, -0.5883265756668019, -0.6536328928911391, -0.7805958854735296, -0.6250075085316907, -0.0059730947426812914, 0.4050113355041572, -0.513066715586953, 0.7567881893039528
104, 52.090950144071456, -335.48617857866736, -121.47930203376667, 15, 16.17464053018094, 19.979985388767457, 16.146581891155492, 13.116807556988412, 0.16709912091155063, -0.12039971570042154, 0.9785610825338623, -0.8480126815252438, -0.5238490161579905, 0.08035359508242712, 0.5029437103324307, -0.8432592227361426, -0.18963519585637237
105, -295.24431112083244, 248.8729739079311, -23.96457833694009, 32, 19.367992694708693, 25.517426194173094, 19.772235708333568, 14.399956874237452, 0.5748261064426157, -0.20948787827394186, 0.7910055475205624, -0.457319036276319, -0.8838580047726099, 0.09825643214914558, 0.6785530534978982, -0.4182222570065616, -0.6038674501353886
106, 341.90799661016035, 27.185239099002985, 325.9737118567595, 34, 22.008568883645317, 29.439099525727336, 22.163608489226363, 16.338433625648857, -0.5637316200081115, -0.029415632420988467, 0.8254340562227266, 0.8186439447508173, -0.1526006993130234, 0.5536561372295958, -0.1096756687960034, -0.9878500630857142, -0.11010676880055927
107, 291.69356935863135, -98.42038322168267, -139.0623443922171, 9, 11.256944795068115, 14.237732810114089, 13.052873666183334, 7.6756406749525325, -0.02965513404141218, -0.6604493282314938, 0.7502847845075592, 0.7200950924605671, -0.53470227784792, -0.4422177426092866, 0.6932413943491788, 0.527162364839158, 0.49144298780020546
108, 294.3657930658211, 334.2247008549467, 156.22783575699324, 14, 14.245238339216215, 21.46694917702455, 13.015624100599734, 10.346032400162965, -0.696634852706963, -0.6763975077587264, -0.2391365582501589, 0.01439292733203182, -0.34643528901573595, 0.9379634503366313, -0.7172814828480956, 0.6499761549644474, 0.2510742367127105
109, 183.7198547689794, 293.77952608351677, 220.65293850514794, 55, 28.908554403908667, 36.04268321418381, 26.707016064528965, 25.097857114035126, 0.399564624501915, -0.8172854514806526, -0.41520188058908103, -0.5197284260872954, -0.5750659362890257, 0.6318081449592502, -0.755136063212097, -0.03665596429084446, -0.6545424862592528
110, 156.88514306702638, 41.187361949061845, -161.79487862608127, 10, 9.984338404372574, 13.828993305545572, 10.323169140556699, 6.971950059304133, 0.34835700198818564, 0.9117819249219314, 0.21748820784461043, 0.5610805505005615, -0.3886921073255665, 0.7308262868512578, 0.7508901484343703, -0.13256005087682787, -0.6469867215760632
111, 7.137515473348159, -21.712735763168713, 76.07938038838667, 18, 16.656950900956375, 22.027631525067243, 19.885223719091282, 10.55086903571953, 0.5668900034292721, 0.05082790601025917, 0.8222239646121804, -0.16977838080077357, -0.9694594533288139, 0.1769849421958403, -0.8061085692539357, 0.23992684785577822, 0.5409473932401958
112, 44.27849452313523, -252.71433311987974, -318.9985141306074, 17, 18.70630954356701, 24.775810329149795, 18.604658887980637, 14.200864068858166, -0.17522918154722678, 0.19080876914232936, -0.9658606253247298, 0.9509852360837425, -0.22109118577301337, -0.2162076971900662, 0.2547975955244444, 0.956405092621255, 0.14271469483935523
113, 249.84565720616678, 102.77029851756745, 67.60339011774903, 17, 20.111413494497693, 24.480477147630268, 19.317395656295037, 17.20122324671494, 0.5359183443881581, 0.8335968234179603, -0.13382026803045027, 0.6333454503282763, -0.2921370808857603, 0.7166097030601941, -0.5582697096356976, 0.4687987435553041, 0.6845163762425572
114, -165.46673579666185, -90.8053045749723, -291.4694324000981, 93, 34.42809908539433, 57.71505748729782, 31.239960728245485, 22.632864366464435, 0.4179320957125881, 0.34411647209766794, 0.84078333535123, 0.8283883834791075, -0.5243003250365351, -0.19718482518554736, -0.3729684296159056, -0.7789050152602942, 0.5041840216748305
115, -43.59971314091747, -331.51109139102675, 338.0860039185617, 29, 22.5722568867941, 30.118408301521324, 20.94935301296436, 18.22729913386647, -0.35245058398147144, -0.5989812309300933, 0.719027169754099, -0.15484804794540694, 0.7950665514255434, 0.5864224252633851, -0.9229304783669333, 0.09534497258777717, -0.3729727447195298
116, -90.14652386576924, 346.6525581283623, 283.7621142905484, 68, 25.70054545609588, 43.79740031244707, 25.152902654753134, 15.409572100996964, -0.3392197827774049, 0.04570295767441205, -0.9395962849182946, 0.9253871174556352, -0.1633145567558518, -0.34203368021116004, 0.16908170161078986, 0.9855148883763506, -0.013106600205586693
117, -79.06185258200932, 107.47593378702484, -238.48186287824032, 5, 10.024405697843033, 18.22454595069425, 9.531826527853756, 5.798865784805857, -0.06701803785595395, 0.8426559344946415, -0.534265438394531, 0.8848814013028836, 0.29758905892577736, 0.358365257294726, 0.46097015980449596, -0.4487446134146155, -0.765594398948415
118, -111.67004351662193, -11.649314684663464, -136.528782806798, 76, 33.28120481113863, 54.764025311272405, 27.92744451802723, 24.10296993904122, -0.9594754141385806, -0.12542861480735545, 0.25233824967909124, -0.2575731038933266, 0.027165924409842147, -0.9658768600094508, -0.11429359480896903, 0.9917306464652924, 0.058372074206563054
119, 327.98533981999253, -221.62340975555762, -353.4800397028302, 6, 7.462145953190322, 17.26317542602827, 9.189347012841456, 2.6193038540580784, 0.8682266203582539, 0.14416157321087278, -0.47476307408079943, -0.2568694024479316, 0.9492476087197342, -0.18151332575298382, 0.42450046618034104, 0.279546808511978, 0.8611927403685198
120, -32.90897197544132, -267.68406093822773, 287.5726047373305, 34, 21.314798975283757, 31.759729130636966, 21.147289905413118, 14.418238807137964, -0.07983169563966958, 0.6125577728143276, 0.7863840507894637, 0.8331339628122781, -0.39212931916512084, 0.39002871312226295, 0.5472793622821942, 0.6862999140433058, -0.47903833625728304
121, -304.1189448178376, 209.91139793650808, -173.89451147877168, 297, 63.81269839557309, 107.4188100921011, 74.55809698993643, 32.444880365618644, -0.5427800679011148, 0.38203539543270476, 0.7479563854435887, 0.8368524456468602, 0.17052265301220768, 0.5201922808198399, -0.07118835652078559, -0.908279131900681, 0.41226355217216887
