# Void_ID, X_c, Y_c, Z_c, N_particles, R=(abc)^(-1/3), a, b, c, vector_a, vector_b, vector_c 

0, 171.79664409221752, -192.77431462754, -157.52947040091985, 6, 13.094810374274607, 17.17834486319175, 14.152469480991853, 9.236003678321401, 0.3969262240322488, 0.6544932793063903, 0.6434967909929842, -0.7776937099549021, 0.6121777801140275, -0.142936555965373, -0.4874854522671241, -0.4437081392958975, 0.751984721221442
1, -281.7803206975839, 308.3084203940294, 247.67862040169592, 41, 23.168907762079854, 35.469369807595186, 20.752459134983166, 16.896378982265237, 0.09971768667042759, 0.9856504824731189, -0.13619658353132888, 0.7447787290335194, -0.16470475330674808, -0.6466660568000911, 0.65981893557575, 0.03695227514877745, 0.7505154905909759
2, -106.46163488701603, 347.78879976849015, -32.4478275561703, 13, 14.518144304182973, 21.36718462349117, 13.752213118795561, 10.41390064207629, 0.12137143672058068, 0.186488393280603, -0.9749313070775812, 0.49636042665753316, -0.8619739542616083, -0.10308845242294827, -0.8595901937532402, -0.4714053259629409, -0.19718447569988953
3, -203.38761821355652, -274.4219000891506, 132.9699852599627, 35, 27.216466589998493, 38.70286842100898, 27.11692599116472, 19.209303394310787, -0.972752335447294, 0.028196567801075573, 0.2301257209572081, 0.1896705477688481, -0.4740445276717925, 0.8598295581645773, -0.1333340811304469, -0.8800492823408617, -0.45577986293871475
4, 59.74924287847137, 353.12543028532156, -337.5313073603372, 6, 10.075079951123309, 13.484888165407659, 10.95938670617392, 6.920092554050147, 0.13493026218579804, -0.990851576766251, 0.0026414326237695425, -0.08401551360786455, -0.008784609186142753, 0.9964257243340586, 0.9872867961335645, 0.13466990555161484, 0.08443221375186505
5, -172.40431300455361, -234.95704377587612, -216.49764239816164, 21, 16.374368972091844, 19.44041629961846, 16.35564868024693, 13.807669491925903, -0.6440125744412055, 0.7531877667951967, -0.13399996981968038, 0.7646463000426583, 0.6283138363792113, -0.14331000957892107, 0.023745310962044065, 0.19475602934056138, 0.9805642504409461
6, -92.05834541252713, -353.8671648167275, -312.52491584801754, 11, 14.86184559036695, 23.105959937699886, 13.861301492422735, 10.249205680837571, -0.9989334551188831, -0.04558834470400968, -0.007324962211414477, 0.0014572812722080499, -0.1896907748847435, 0.9818428011932049, -0.046150065823830994, 0.9807849472492804, 0.1895548962007633
7, 226.21213859872606, -43.26978161103456, -300.1015493326181, 79, 32.08856871635375, 46.72966531058885, 29.438952420611724, 24.017954424741244, -0.9710019352457776, -0.23866882842082257, 0.01387198937379291, 0.07904169456446675, -0.26572974077839046, 0.9608018085881329, -0.22562724185995844, 0.9340368810738052, 0.27688888118627325
8, -121.44890387304163, 183.30846285888185, 6.977435141976669, 11, 17.49057878103707, 22.32922694525351, 18.901595627928224, 12.677697569517317, -0.8755580504397267, -0.1728341180285202, 0.45113907828461103, -0.07287359240169371, 0.9703806439969409, 0.23032769109803986, 0.47758511266648224, -0.16878913887269445, 0.8622196279127249
9, -163.95985269860643, -81.92117834011201, 296.0598317797958, 11, 13.635068608708059, 16.977029728596868, 15.930303896578515, 9.373163933708803, 0.9811749340817467, -0.19291912697791544, -0.008829449346295336, -0.10584710834607469, -0.5754476650981182, 0.810960155857178, 0.16153061129226864, 0.7947592057844961, 0.5850347566054029
10, -83.00294929980286, 165.77444294661723, 268.41566430663994, 8, 11.527468101139732, 14.17663572092374, 11.76566563469744, 9.183581937975307, -0.2773967498584686, -0.9195541100964147, -0.27833663390353214, -0.9308862516733731, 0.328922903303271, -0.1589355533794886, -0.23770113506976673, -0.21501153989341534, 0.9472424230888346
11, 128.98533502565573, 286.84663114491866, 289.1219980219703, 8, 12.534770133045111, 17.71819713119659, 13.41517737549345, 8.2857757234357, -0.6727085247594135, 0.06352735821132587, 0.7371753627697439, 0.7392833484206405, 0.09862604558229235, 0.6661328950598111, 0.03038702788985893, -0.9930947476910195, 0.1133112997213037
12, -162.79200195271005, 185.96765754853823, 227.5693007313914, 14, 16.685397618682813, 21.789961029033574, 18.30588103038239, 11.645619398499354, -0.7783181008856734, -0.1889300747938507, 0.5987707079275911, 0.5897842894826734, -0.5470826162869727, 0.594016079610661, -0.21534954309943732, -0.8154790235162342, -0.5372322928602418
13, -178.91044539467708, -148.92879480902832, 254.27388855677754, 5, 7.6522093337334525, 18.119800201575323, 8.99658898371444, 2.748712021031689, -0.17216395196450324, 0.3711400124525368, -0.9124772133049104, 0.13886335856607368, 0.9262025311747105, 0.3505222373734788, 0.9752315321459385, -0.06636235681687382, -0.21099643671397755
14, -2.6624657433577834, -88.61640705767438, 346.35325347018244, 8, 13.473515752145882, 17.617353711724395, 12.734490737322176, 10.902360728395067, -0.12026012236465507, 0.8771199992665869, 0.4649709774334531, 0.770533970252034, -0.21284958278357408, 0.6008098333054279, 0.625951199101396, 0.4305293973649665, -0.6502534385515262
15, -111.50603591339394, 40.379946948351495, -38.27554981652938, 171, 48.51641354847402, 69.38422014836084, 46.32792796600157, 35.527322622330395, -0.9199048374620545, -0.08491965465513635, 0.3828364432328291, 0.07767444992706969, 0.9174685213178448, 0.3901514990607808, -0.38437191604283216, 0.38863886146923143, -0.8373876435161087
16, 349.4868470254014, -228.28287245391314, -49.283671891244076, 7, 10.068077564654782, 13.261677989843534, 9.670048594470789, 7.958157372885234, 0.7403559337210717, -0.36457297358663276, 0.5647651178447554, -0.4989376082021283, -0.8610533735120067, 0.09822602040769148, -0.4504823576185183, 0.35450477414809856, 0.8193851417866126
17, -142.73006326361642, 66.79805585735939, 296.3488790556888, 5, 4.236563793512369, 12.814775143086965, 8.566728026340074, 0.6926523014188543, 0.26114386137444084, 0.09981008557618708, -0.9601259451153901, 0.2307601771008629, -0.9722563074746811, -0.038306830201371676, -0.937311914109079, -0.21155523957815917, -0.27693095940360724
18, 9.51658413414224, 88.35982057426794, 105.59732365850523, 9, 12.601210627345772, 17.167511114136246, 13.84212004624124, 8.420286406800676, -0.9136139384764624, -0.3805353226521425, -0.14318672995622395, -0.39326910286098044, 0.7377000008280885, 0.5487605320293704, 0.10319391530728025, -0.5576661877792745, 0.823625788116961
19, 226.86433829507808, -341.01227036632247, -133.762085446711, 35, 25.881676851841014, 36.60154204619102, 29.490226891778594, 16.062004180882234, -0.30515571076906184, -0.6482931442958035, -0.6975643276745802, -0.9482023755439439, 0.27474396107357296, 0.15946162819444867, -0.08827370615223018, -0.7100927790878201, 0.6985527881910473
20, -290.99865224324117, -158.44090291464553, 213.68729170436865, 28, 25.370568307591434, 31.39276340384322, 25.089660603589813, 20.733196010390518, -0.0778286698657861, -0.08971591687389172, 0.9929218259291107, 0.39656534408052907, -0.916547783013954, -0.05173093200878275, 0.9147013862574028, 0.38973223591548345, 0.1069119182650063
21, 148.59137427941687, 234.45778873163783, 288.77513729573013, 30, 22.453180404146234, 31.78867322765419, 21.08487313480535, 16.888465969711696, 0.16057106802901777, 0.7448961410064904, -0.6475698195759738, -0.6806540427561001, 0.5586945065269598, 0.4738887237067092, 0.7147915823453703, 0.36467819716873007, 0.5967267434244642
22, -311.5953942938287, 321.8433285691236, -161.34406482863469, 7, 8.029857581509333, 9.684330403890172, 8.879027328741378, 6.02127603626713, -0.457805596535439, 0.8888528756625172, 0.018830857848340862, -0.5567609395999875, -0.2701190828675901, -0.7855271715265557, -0.6931315112708193, -0.37010302146462654, 0.6185405900878166
23, 54.44700540662375, -262.1451861422958, 348.159544017832, 15, 18.85873951127193, 28.74380951900729, 20.374237857973547, 11.452816099707071, -0.9390637394983109, 0.23222752654689988, 0.25343572966998407, -0.18271799845471298, -0.961723138975031, 0.20421248003174655, 0.29115876459442513, 0.14546126588862704, 0.9455514760846848
24, -125.13664023044414, 277.1422073060661, 352.4345971752952, 13, 16.98990604836355, 24.11145656523407, 16.172469923504675, 12.57688624892063, -0.931945831588473, -0.31627308288080325, 0.17733669679438097, -0.35909838254525295, 0.7372576909148301, -0.5722756755623255, -0.05025254857470223, 0.5970112513445662, 0.8006573843597162
25, -228.5037737649005, -59.11099829048884, -243.550309951264, 113, 35.56229769160256, 45.69356741809098, 39.24544890578728, 25.07985794905675, 0.5671270650444283, 0.667910463623692, -0.4819362039482796, 0.7648191077928352, -0.6442046519950143, 0.007217943124882125, -0.30564460480934985, -0.37268750841686105, -0.8761765784480708
26, -151.26971669782705, 123.42677492303613, -261.8584546830646, 46, 26.495622730702994, 36.25995488684834, 26.86451903821398, 19.094841801876253, -0.6860566866788619, -0.038610871806986094, 0.7265228305026116, 0.10484780813618233, 0.9829200826665235, 0.15124499403243982, -0.7199535816927786, 0.1799369658217529, -0.6702906299051188
27, -83.02302834399616, 182.40216779658903, -305.61724995871316, 10, 10.825518445029221, 17.603643104220897, 10.22061759236472, 7.051254965182154, 0.848842281220532, 0.40051949321064584, 0.345037559072358, 0.3715770406791641, -0.9162872985927857, 0.14949277332918146, -0.37602830272791704, -0.0013122483845439113, 0.9266072488124292
28, -267.16495571406415, -280.8010214211062, -329.169372147443, 7, 10.29892704052751, 16.460801875949226, 10.294521285982812, 6.446423020542204, -0.9558200261215163, -0.2319922568761032, -0.18052055399481842, -0.00809856834444637, -0.5930988036534275, 0.8050889530329199, -0.29384092780930693, 0.7709821021621741, 0.5650169088529658
29, -103.75707321833386, 256.3649433863503, 180.00714572123516, 6, 9.220774784410562, 13.883701580237846, 10.505238109365587, 5.375156000029487, 0.7830577321543952, 0.5895506949053003, -0.19811755664224448, -0.45485356285228157, 0.760098379984127, 0.46406754799930927, -0.4241801792561752, 0.2732772052004762, -0.8633601477043145
30, -52.14152074496791, 323.98393102809985, -93.57110792801608, 13, 16.80811739075676, 25.520435842872452, 15.48746590711641, 12.014031528798657, 0.5055297681777668, -0.7187616577732642, 0.47730633014989704, -0.6755430474488933, 0.01440460539771192, 0.737179827712885, 0.536732004383562, 0.6951073202451299, 0.4782724838541714
31, -304.781393502779, 24.27552004438664, 313.64356157588634, 19, 17.379186115988272, 24.745451917488555, 17.095698481629974, 12.408122240970926, -0.6386086509941066, -0.7587736661982991, -0.12822446864572884, -0.7298571371068021, 0.5444048573853096, 0.413439125712049, 0.24390069759996638, -0.3576113459319676, 0.9014580272929941
32, 287.07393268372874, -305.31774754297135, -258.3393136746077, 11, 13.001239026822208, 18.0059787973608, 12.06630156480976, 10.114940186205724, -0.28977256226771847, -0.5325740170616835, 0.7952337885852078, -0.9345088172933173, 0.3368809449631927, -0.11491083204707744, 0.2067005867380322, 0.7764509934770432, 0.5953139694066198
34, 350.5227128220795, -314.92674640843296, -212.02201277610803, 28, 19.991236939465, 31.82112155252977, 19.753261904992264, 12.710560292087262, -0.061239933729674734, 0.9973200243753498, 0.040030482094733526, 0.05137480739514423, -0.036903026169196655, 0.9979973926943233, 0.9968000299367454, 0.06317385249854085, -0.04897718528657831
35, -115.55715869368797, 354.1234169120209, 151.9717380469417, 5, 8.27659218038118, 18.5695875066042, 6.170349437063263, 4.94814767949083, 0.6469893411356431, -0.34752120358163174, 0.6787000851024261, -0.6280997385337637, -0.7475603402720565, 0.21597281334960888, -0.43231413452567724, 0.5660234542079507, 0.7019415491163169
36, 41.810389901754064, -85.6550339345067, 81.57598052700922, 9, 11.52166420556379, 18.15046086464292, 10.573615999999312, 7.969561937186711, -0.5712083078435364, -0.49240337720761135, 0.6567038778361695, -0.815350237597488, 0.4324785044334588, -0.38492380187865566, 0.09447253092959593, 0.75531533634472, 0.6485165252961709
37, -286.0042759637894, 285.01420820719636, -184.787165037222, 64, 31.671966622477115, 44.6403796431355, 32.85414425097367, 21.6624241046038, 0.33739196100421764, -0.7279577390035413, -0.5968619562969152, -0.2586302360596792, -0.6813217290025394, 0.6847708394672665, -0.9051392520742005, -0.07666962771425166, -0.4181443561029073
38, -115.34059446815431, 109.71909787847531, -260.32717921436836, 7, 10.75914905944988, 16.504921980992606, 10.657453540335313, 7.08054764092063, 0.31193725685497964, 0.9500918649640384, -0.004538272242349081, 0.5933384591575568, -0.191071716091378, 0.7819469753087048, 0.742054324608601, -0.2466111259433587, -0.6233284301960098
39, 191.54727192112705, -119.50512844609698, 271.1325161494778, 24, 18.11853604457568, 24.082899760894684, 17.7849306874403, 13.886997518540921, 0.5381442609489644, -0.16128588089590365, -0.8272772322694039, 0.4222370027411549, -0.7978880428062957, 0.4302215529967144, -0.729463273869123, -0.5808283186711641, -0.3612780041820561
40, -73.51959305735407, -143.1787753217979, 307.7668642426274, 28, 21.98931674831511, 27.34878278266092, 25.463657038811537, 15.267798772526804, 0.41213537506773273, 0.3609225037382445, 0.8365879385414878, 0.6694591925567307, 0.5028767610604569, -0.5467534660947602, -0.618036262786473, 0.7853979306572307, -0.03436958539566077
41, 148.09284841187724, 260.4569113185756, -201.11289155459855, 17, 14.148885232723464, 18.66118172819155, 14.543354958448479, 10.436693400840333, 0.3007366177629654, -0.3423057696087342, -0.8901596749061732, -0.8831679914139257, 0.25232694241863907, -0.3954053781520341, -0.3599608113092084, -0.905073408195287, 0.2264295477612933
42, 80.58643053128559, -94.27566002367686, 59.66758583254624, 85, 36.43601234334483, 45.274849683135734, 40.36068715717903, 26.471402576438724, 0.9508855172072888, 0.03444669550883658, 0.3076201526785079, -0.17031271241484236, 0.8880627997726185, 0.42701058962268984, 0.25847691029437464, 0.4584298079625059, -0.8503127648201771
43, 285.20583182564286, 7.882431754143411, 164.46442039054926, 5, 4.753940726223398, 8.934391511903705, 6.7636029340508825, 1.7779445162017278, 0.5401436995622978, 0.4509287769404265, -0.7105688017005569, 0.4354498832308502, 0.5727697510500499, 0.6944913329022204, -0.7201584429952849, 0.6845422195957495, -0.11302108906541158
44, 17.057340907939977, -324.5903872588312, -228.71854675295106, 236, 50.285862406841275, 81.92772158029935, 42.26615246601831, 36.72096753271611, -0.49992026963767905, -0.38484241690455, 0.7758711479082431, -0.8580651134183268, 0.09855781083466215, -0.5039946617354918, -0.11749036190166372, 0.9177051117186517, 0.37949089947675035
45, -30.337488389598743, -249.82078180573725, 199.77915673361218, 112, 38.35729136735603, 61.669553877437444, 30.597540722998957, 29.90793763282596, -0.7253806704496532, -0.6053292958902656, -0.3277183645678208, -0.0745718631960478, -0.4041858658212531, 0.9116319559393438, -0.6842966609281987, 0.6857187684519901, 0.24804808089401476
46, -79.59095622566213, 170.4884859669139, 195.2258552540274, 7, 11.227406825707007, 14.331767371840968, 10.959354339412485, 9.010598940451619, -0.8224125794240912, 0.5643129514459481, 0.07203084086261922, 0.5608319003121229, 0.8254735692505394, -0.06372570957681195, 0.09542079855726165, 0.012011631826633055, 0.9953645522639208
47, 128.03717700179772, 259.5515742442377, 67.08386667767911, 15, 16.731820293390005, 20.685846307328074, 17.048055917706606, 13.282548778703813, 0.8364701894444684, 0.48712516056664473, 0.25105119022553063, 0.3889768946013763, -0.8504547229622441, 0.35415214196370776, 0.38602408945168776, -0.19858459692064157, -0.9008604554695814
48, 207.24606916669714, 340.837811973919, 52.96755285382515, 7, 12.825804870027795, 18.223903680478628, 12.026538572082604, 9.626575585627558, -0.6308433147766328, 0.6323083413480661, 0.4496919764275181, -0.16543600145714452, -0.6758518262342463, 0.7182306303672279, 0.7580683621043035, 0.3786957491674438, 0.5309631700400762
49, -315.6297093825368, -196.03672813481217, -60.11720696258497, 10, 13.532247583748543, 15.006425530297731, 14.044699494994116, 11.757638308981633, 0.20829574580840118, 0.8568410955650045, 0.4716314442751722, -0.7399699235163609, -0.1772681477687729, 0.6488609373955406, 0.6395759490235017, -0.4841480566289521, 0.5971124389033409
50, 312.94296157851915, 139.5222476294942, -286.1450303710408, 18, 19.93650056730182, 26.199100193405204, 20.953948460544066, 14.434260574504728, -0.12040344476327229, 0.9874082723487762, -0.10260562453561058, 0.6595674942008707, 0.15681470943944134, 0.7351053444894875, 0.7419391693951208, 0.0208338810745579, -0.6701434311523535
51, -141.8182991797232, -159.19444118507968, 112.69256211017235, 17, 19.79990793656814, 27.683435761402382, 17.594065662308992, 15.936880471403661, 0.1933915587579132, -0.12676174169659227, 0.9728983327374093, -0.744819820182383, 0.6264900652018133, 0.22968159192001097, 0.6386259785388189, 0.7690524423246297, -0.026743232599262604
53, -340.066024023849, 176.68019291057584, -99.20595710382105, 47, 27.847514393230497, 31.428708286121978, 29.102504300078582, 23.610349571024287, -0.7815096605556432, -0.2017211647330939, -0.590382267820543, -0.588009848465086, 0.5544451313343135, 0.5889270026478175, -0.20853553310232303, -0.8074027297689794, 0.5519182578927156
54, 20.810107912067547, 147.33487515860506, 251.91526520819045, 36, 22.324926777223244, 29.14596760776408, 25.56056118503075, 14.9355516111123, 0.6585889637797075, 0.6820153572999126, -0.3179868380839744, 0.5474230220280778, -0.1442818516792829, 0.8243244399080036, -0.5163221976065105, 0.7169642945663828, 0.4683733431523536
55, 238.6695606610304, 291.88546474740133, -350.0313341713571, 10, 12.60906367671138, 16.831409222896532, 13.741052049972074, 8.667783397160845, -0.09256786053852024, -0.6782851060871282, 0.728944789442722, 0.992572167386324, -0.12090064227352224, 0.013547222145706373, 0.07894101421527763, 0.7247843469323977, 0.684438431647757
56, 139.91635441834202, -335.41004780452886, 95.13288870370651, 51, 29.110180388603286, 39.49553354706802, 28.22519962284528, 22.128383157304164, 0.20484913875443275, 0.9781350787752895, 0.03589704752240283, 0.5852311525472494, -0.15179623879599827, 0.7965314808440445, 0.7845644195601693, -0.1421607173471163, -0.6035304482820795
57, -153.4827970169579, 128.8011677250304, -70.8300891219752, 13, 16.968100067877447, 21.0131595212082, 17.83251889897136, 13.037538375193163, 0.850245230690594, -0.05403561828326386, 0.523605958373894, -0.08221215493168278, 0.9688785489781119, 0.23348558608950074, 0.5199271191901688, 0.241566780180583, -0.8193419807649295
58, -94.86350553755365, -63.134627786533365, 289.0531783417059, 7, 14.754530328186124, 22.03627987739316, 13.741877986218974, 10.606981235401285, 0.18262187028805765, 0.7809391266314016, -0.5973134294394152, -0.3016685093300005, 0.6227331039888849, 0.7219415431148037, 0.935759244128054, 0.048348337019507116, 0.34930942634910556
59, 227.06950948799033, 92.66522448638129, -14.89783014092887, 6, 9.672819794328554, 15.725976738515303, 9.821231709774734, 5.85970435065957, 0.8145228671190362, -0.4431192135902325, 0.3744300488574054, 0.18982054715844304, 0.8134651837217065, 0.5497659090459134, -0.5481976457598614, -0.37672238773370537, 0.7466991253266346
60, 257.9292542149058, -115.0815911301302, -191.15859322845526, 6, 10.424046159664167, 19.5557547390968, 9.053441370905436, 6.397653314317521, 0.07175885190382056, 0.4317955197864313, -0.8991125047878109, 0.7403616855131919, 0.580989150355661, 0.338106760939607, -0.6683675948140475, 0.6899306024966351, 0.27799374442802743
61, -15.669740851832847, 48.80171008892007, -192.57888573640267, 11, 14.704042175695434, 17.176205855925854, 15.882438097838374, 11.653753063804253, -0.9423111921431816, 0.23150857314512704, -0.24177137490199968, 0.32963321445564425, 0.7674330586677507, -0.5498985764588776, -0.0582371109288177, 0.5978714586131111, 0.7994736755431636
62, -263.096707426102, -238.8910758857897, 14.034853386596744, 36, 26.249702293286212, 31.749637961682268, 27.80990679471771, 20.484946597043635, 0.42400200878817684, -0.8816985665368654, -0.2069539424858277, -0.40052577456143906, -0.38750253822228853, 0.8303137279265248, -0.8122816016970658, -0.2691643004525663, -0.5174448559086562
63, 175.4763394803728, 346.12783539596785, 337.86792932621097, 48, 26.528221418365113, 36.98645639559132, 29.288652333981865, 17.233849182263217, 0.9577027820223518, 0.2033742888379059, -0.2035786824456922, 0.24409711338683565, -0.19950932863437804, 0.9490061259149353, 0.15238759970175483, -0.9585587756770765, -0.24071371591498908
64, 3.3060375183887825, -48.41673838389642, 118.23032602251217, 102, 37.6998547763945, 51.21748384794787, 37.660699428147346, 27.77873157656422, -0.94665244599139, 0.27958487105992424, -0.16025431779806706, -0.18859438838606257, -0.07741671122538803, 0.9789988812518284, 0.261306913739008, 0.9569947506112302, 0.12601485680166488
65, -293.5784682373835, 73.34642349833968, 350.3623682510363, 18, 20.747564347055345, 28.268592623489003, 20.299916911767017, 15.563343859681599, -0.42291596534499526, 0.9037018494983817, -0.06682105558516038, 0.9058720042936571, 0.4197388889421098, -0.05670253033715012, 0.023194785907666483, 0.08451172890698685, 0.9961524830987721
66, 223.54864715029862, -159.85032750880367, -87.36938804343671, 8, 14.348785030402853, 19.872975230454625, 16.236690485415416, 9.155561501139662, 0.8383452850127647, 0.4192241560266743, -0.34846562255205177, 0.3426940046077324, 0.09183890278371701, 0.9349472900337209, -0.42395518902683804, 0.9032257319957209, 0.06667289372760316
67, -194.49103596283695, 27.231620476633964, 313.0960564746519, 112, 40.57818734189233, 65.91670855655997, 37.03954488564901, 27.366343470083944, 0.8553653008646318, -0.28345462629294815, 0.4335939078329895, -0.3864805875699154, 0.20815507111460757, 0.898501097273056, 0.34493906347117337, 0.9361222896621993, -0.0684989145113338
68, -165.40761399091903, -250.13589443202557, -177.1688891933794, 58, 28.199731637562294, 47.92514099431755, 25.552724444128092, 18.311938254158857, 0.3151312394146326, -0.20472311045936806, 0.9267042408389198, 0.8618037356035695, 0.4706835176890162, -0.18908026728251265, 0.39747531149082743, -0.8582222755322392, -0.3247582216596446
69, 104.49311965954183, -140.05373133661965, -281.3477589162561, 17, 17.66492499589933, 24.554794482121704, 17.837944185704334, 12.585030984649752, -0.502759421978897, -0.7560307445679801, 0.4191067607178759, -0.8415399076723202, 0.5388999384522759, -0.037382350527968664, 0.19759440125243463, 0.3714893936630206, 0.907167064541903
70, 313.8032076875039, -55.31127473170967, -301.3276793991825, 5, 5.031131015654741, 10.965579532598953, 4.067826051345459, 2.8549790014499576, 0.25105114083619, 0.9587622215022255, -0.13322284828423833, 0.8507857871805053, -0.1529158550530746, 0.5027725983036815, -0.4616674875020932, 0.23956574023324945, 0.8540909712027167
71, 222.79659708779377, -257.70874249667037, 140.14123432116293, 62, 26.839426592283534, 35.01939289085296, 24.90781712719238, 22.165392101574046, -0.7538423486102562, 0.5050834433995945, 0.42025281515461793, 0.10904087441738641, -0.5345636612072658, 0.8380643053029851, 0.647944288614434, 0.6775930986368525, 0.3479019855241471
72, -263.24292758524734, -74.99184946845314, 122.58164392522094, 34, 21.332684659474737, 26.724120868531553, 19.82651454155771, 18.322584816294654, -0.47748306470146223, 0.7723004440489258, -0.4190011301239308, 0.8558709225757914, 0.30095707928765913, -0.42060646727779283, 0.19873320510816253, 0.5594433488285236, 0.8046914021157204
73, 58.177693467560054, -352.13984964782327, 235.44196316467674, 7, 13.29253421324023, 21.7937911808992, 12.757486066271762, 8.447446936596295, -0.9847108834162454, 0.17407853271190155, 0.006414088436349139, 0.07243079264420338, 0.37567706211484786, 0.923915864826278, 0.15842429219829363, 0.9102545849649031, -0.3825419378209945
74, -3.3910049263129176, -74.38544768743533, -227.82918597885356, 248, 49.74771988392718, 68.70553723543229, 45.946796704031385, 39.000714375925014, -0.6854181023712653, 0.58929062758605, 0.4277131996805956, 0.7073657472147747, 0.678215849458091, 0.19914055641963901, 0.1727302075754494, -0.4390442093719931, 0.8817054256427503
75, 337.97184765915694, 50.78030425256051, -260.84082044810236, 37, 24.8392787283582, 39.27685124753698, 23.672626011490443, 16.482908264962383, -0.25897224313298095, -0.8145731316988192, 0.5190414149189354, -0.9520607105930736, 0.12468539100667328, -0.2793455863523255, -0.1628305273334325, 0.5665016914219156, 0.8078131299901139
76, -256.7781873190073, 20.4754120907961, 344.0251693913563, 12, 16.60307611053265, 19.10603963572283, 16.814454890364946, 14.246632104019053, 0.08175329470091457, -0.8942720099265208, 0.43999314888703217, 0.3876023259103023, -0.3781894003748276, -0.8406766408037349, 0.9181943344164507, 0.23927045305701458, 0.3157036815423953
77, 100.59269849584534, -113.97657791425385, 249.21990092388785, 76, 33.09981747363894, 52.840340274057425, 30.51915715834915, 22.487369467671154, -0.06049683645844298, -0.5503866813353476, 0.8327152176988138, -0.9757482746462585, -0.14321309236645685, -0.16554550643157517, -0.2103697632821069, 0.8225354163703225, 0.5283749156736444
78, 323.13736912399514, 19.735028279100643, 229.25924677404163, 15, 20.29847073051992, 30.91429409061441, 19.052970947369765, 14.199332205057974, 0.29099256728783174, -0.21328288423465708, -0.9326487747677485, 0.31266323408033175, 0.9425080090660485, -0.11798455365335277, 0.9041930257625661, -0.25727235401204507, 0.3409485416062613
79, -202.9812373277081, -206.2497669083293, 297.2952817966579, 14, 14.271975347498842, 19.01756631893367, 15.122863746269255, 10.107954582993758, -0.3178146486051562, 0.6717524324471065, 0.6691356503978672, 0.921511077956908, 0.38495974626151097, 0.05121842403833162, 0.2231841892578374, -0.6328938799353875, 0.7413731546297406
80, -223.39828412716625, 314.01160768752493, -211.34910295307964, 6, 9.707774960313756, 14.998473908552363, 9.381187538208259, 6.502108477901942, 0.646791937139664, -0.3535743526323836, 0.6757554048705138, -0.6742467645466677, 0.14901367547778543, 0.7233161307609224, 0.35644282928608745, 0.9234609367380908, 0.1420155194664894
81, 161.11626554052188, 274.08391138118554, 324.0032942728859, 147, 46.17997869988289, 56.467110709999176, 49.158965009345195, 35.47830701701331, -0.5839519665926739, 0.7702195042889666, -0.2564410574097043, 0.5633810965889039, 0.6119482534888746, 0.555086547358338, -0.5844671425485218, -0.17966983682514132, 0.7912754950182603
82, -130.77882159977244, -64.5187118620121, -59.035977130489364, 90, 33.10158591284549, 62.2238062705041, 26.658416482145977, 21.865302109910115, -0.060544338729814365, -0.5265200762404947, -0.8480041228457991, -0.9978990698518687, 0.05155600693093168, 0.03923550099225011, -0.02306142746112306, -0.8485980128806816, 0.5285353186859075
83, -282.97421793845274, 83.72941142641135, -323.37865059739113, 75, 30.363758603560957, 43.66365062459405, 28.236472596114176, 22.70576322601994, 0.6382337892880497, 0.7128682266740966, 0.2906484502101232, 0.4177378410115535, -0.6378184530221633, 0.6470569659399553, 0.6466472967530471, -0.29155876317295554, -0.7048693220867488
84, -287.48228283893263, -44.52799774300564, -136.39447231037602, 9, 14.863547072939555, 18.859348618604432, 15.41139595996001, 11.29792588127933, 0.3763022131342859, 0.5760245318516771, 0.7256668540696167, 0.39167300057335996, -0.8087111167895029, 0.43883777207863034, 0.8396361741921916, 0.11908848930996947, -0.5299330398284002
85, -303.61160927711677, 188.1551798209447, -202.4221368507764, 255, 50.556996793553225, 71.15897215534883, 47.60446605685014, 38.1475313853477, -0.890553188495257, -0.422834668975462, -0.16770766581567662, -0.4328224146547348, 0.6742635290806134, 0.5983589647729876, 0.13992775219153591, -0.6054581208177559, 0.7834798581344998
86, -153.6429146188665, 58.15222556197025, 13.912386690522391, 10, 16.16562048160643, 19.746311498998985, 16.874059970021655, 12.67860769849479, -0.39022407278844634, 0.8165322134980894, 0.42544132067337764, -0.776929356495393, -0.04406531758980129, -0.6280438064350007, -0.4940707925308397, -0.575615663533942, 0.6515831948894383
87, 315.0915297722804, -317.5114725809492, 163.69313726837552, 65, 31.356203345604058, 56.87772683146869, 25.4044907114397, 21.336230403395234, -0.9305066580828569, -0.3629949207190368, -0.04890855544435394, 0.09904848153181416, -0.3779298371858374, 0.9205207420101561, -0.3526283561622848, 0.8517063611931445, 0.3876203254905729
89, 85.26637763949542, 280.7634371412869, -336.3489957617129, 11, 10.822762170632803, 15.723921947120013, 9.701282526419586, 8.310445639225293, 0.8938490568952756, -0.20752756840860867, 0.39744958402020863, -0.16078500653666605, 0.6791203999467387, 0.7162008545437418, -0.4185475422940996, -0.7040793923461965, 0.5736638075676203
90, -12.707942528525834, -349.3932213657257, -38.444647892892, 20, 15.878735871063988, 26.94079642739894, 12.450297225864249, 11.935967408299959, -0.945898145872172, 0.10028705509121913, -0.3085760914534987, 0.2778669429574161, 0.7414263093949713, -0.610800286303512, -0.16753107069163925, 0.6634979535146173, 0.7291802287739484
92, 28.909828581919555, -312.2716106895057, -31.16343902711088, 42, 25.47592607633836, 35.735412256218666, 23.69207950762675, 19.529357788955508, 0.3679312894445628, 0.1442660481311518, 0.9185934212720455, 0.8405265204558521, 0.37089105236931813, -0.3949113769983817, 0.3976703844367095, -0.9174023842507714, -0.01520298368610044
93, -274.63735871859575, 163.13674867823661, 259.65947762657026, 315, 53.75784664866916, 62.266241984893284, 57.97011279677856, 43.03965601834273, 0.7575239290542937, 0.41392113723725943, 0.5048037133959687, 0.3415640599382694, -0.9103004755692977, 0.23385259702812153, -0.5563195932812643, 0.00472613230085106, 0.8309549770022702
94, -120.88625867828864, -168.74823788430933, 207.12395748520885, 6, 8.989361997489452, 17.364067221204646, 10.309535774021406, 4.057850479471773, 0.5054095019709826, -0.233754770966697, 0.8306141958621647, 0.3552598373910342, 0.9336067164358126, 0.046571954681289995, -0.7863534086238451, 0.2715459557353911, 0.5548973875135955
95, -246.78790530284155, 287.84840779509693, 18.345821750812657, 6, 3.032466084519658, 14.043667592302352, 8.002692690745723, 0.2481253723026386, -0.6874951425204343, -0.7205708693375337, -0.09015570571493729, 0.03322066704206509, -0.15522636389618805, 0.9873201928618944, -0.7254287120676212, 0.6757828040233927, 0.13065521610021238
97, -93.83983313019486, 347.9280843330769, 291.1545550847159, 55, 28.399300661778234, 37.96676555562156, 35.09532356082541, 17.18977077844223, 0.08041341077932516, 0.026390481130643777, 0.9964121766982421, -0.9950207433991116, -0.056929940680896574, 0.08180893630618176, 0.05888466330306038, -0.9980293203908203, 0.0216811454476577
98, 224.94951625376805, -256.75331951308226, -229.52110041164303, 25, 19.722387580807197, 20.899175486175547, 20.77020197067446, 17.672931549009217, 0.49660366956249685, 0.8262142696218626, -0.2659976993326722, 0.6183701393434483, -0.5518258254040354, -0.5595593169499722, -0.609100292353755, 0.11339417573385914, -0.7849449628886147
99, 121.40056950904832, -85.4590554578241, -282.855541588544, 110, 36.44105309633836, 49.15729775359339, 32.66949594508831, 30.132996564120603, -0.5103151379064409, -0.6469896246297948, 0.5665535152524672, 0.06175380774937946, 0.629523434708492, 0.7745235389458965, -0.8577674085974489, 0.4302379234495956, -0.2813012655033696
100, 323.9308966661379, 197.85182975521295, 152.6861693648892, 6, 9.253506104500042, 18.35548272350611, 12.81006799313377, 3.3697811934236057, 0.5434008750194671, 0.8394703283436836, 0.0022487460117921053, -0.3242150512665703, 0.2073965146974029, 0.9229687352362403, 0.7743384851344359, -0.5022710956464822, 0.38486836310326855
101, -82.89160279632041, 138.104540627123, -307.8145556858744, 9, 9.364399835625504, 12.347214194050146, 9.041211293559133, 7.356042758606103, 0.9010430587024512, -0.37738405965754235, -0.21378184647093795, -0.22328632976868934, -0.8261614908044259, 0.5173010787251816, -0.3718395101418876, -0.4183759823749443, -0.8286717782507387
102, -349.76979597852414, 3.291458380632091, 347.38600916260447, 7, 11.672396442822269, 16.298666679327376, 11.325241522256228, 8.61550101599229, -0.06667253070553007, -0.9943482725381606, 0.08262134439535603, -0.5678769029264171, -0.030270029295914234, -0.8225567144271118, 0.820408798570579, -0.1017606909705331, -0.5626492379815143
103, -185.01453944721652, 95.16369955142977, 33.992727080983315, 24, 18.804783136263712, 26.801004340505298, 18.512180217406904, 13.402825072954414, 0.29281829278262944, -0.8301799725657586, -0.4744034786577588, 0.4354923076154803, -0.3259092956587522, 0.8391242941370247, -0.8512366870733492, -0.4523100089031104, 0.2661047884320328
104, -234.6155099220184, 301.861390694942, 353.0413201890197, 6, 14.578548817454049, 28.791738264525844, 19.091152172748934, 5.636932850652757, -0.9338596668447872, -0.33659835606049954, -0.12086219151542937, -0.3576319609801813, 0.8811149338055831, 0.30941211015448794, -0.0023458742535044505, -0.3321716726666377, 0.9432160286762704
105, 79.3565055194522, 42.60910130041916, -221.13107497776167, 50, 27.164338346199152, 32.70251023200019, 26.599067073693636, 23.04357722683546, 0.4516157810416323, -0.25727678041230007, -0.8543136687276152, -0.8070565890409342, 0.29044572023528464, -0.5141020771039728, -0.3803982760210271, -0.9216560865407919, 0.07646705004472724
106, -168.29976179420788, -327.4952548363314, 9.306420989724375, 41, 25.09290659249171, 34.34470599406402, 24.072004096065864, 19.110887602981204, -0.5732767860699264, -0.24257786307913862, -0.7826299936095564, -0.8022584211469206, 0.36032225050290906, 0.47597195452186997, -0.1665387409949557, -0.9007351753631467, 0.4011745151568533
107, -103.65931168065958, 269.87183762771866, -265.10945516805594, 12, 15.686429055687752, 18.702693697723156, 15.61380947007507, 13.217801704074995, 0.5783930812140178, 0.6356223180213602, -0.5113176238278, 0.3542550506089951, 0.368901566684195, 0.8593107663796404, 0.7348229737302537, -0.6781562525930874, -0.01180230261971306
108, 51.47949278971641, 46.169796683937534, 188.85111175727963, 15, 12.888187571855351, 18.787263213261397, 12.878709052921709, 8.847889542972668, 0.7886909965475283, 0.5761285790758445, -0.21457486417778568, 0.44517993478208107, -0.7759027510269165, -0.4469784632577781, 0.4240062943309796, -0.25700346558151993, 0.8684283971904645
109, -113.68009691484669, -269.853104210207, -174.18030805382756, 49, 24.92292994618606, 44.53926846879114, 20.97699327175218, 16.569559833943018, 0.49197512803486704, 0.8166988979285045, -0.30160136524465936, 0.4629686599361613, 0.047962690993124245, 0.8850760420379783, 0.7373062411996743, -0.5750673790044644, -0.354509543303059
110, 232.99137204045218, 167.0947984202947, -127.45644966346781, 20, 17.349253376844135, 20.195860596921385, 18.938889081792098, 13.652918706138058, 0.11356478081805807, 0.3186481202245405, 0.9410453846840297, -0.9510476378137349, -0.23914568500030042, 0.1957491556933312, 0.2874220436338551, -0.9172092001408967, 0.2758910147326927
111, -216.21493369580398, 159.6775609332332, -35.753607005169606, 23, 22.08359255082634, 26.778531868686066, 21.968317694560525, 18.307355434289732, 0.29279872635488535, 0.4583636972497161, -0.8391493471894783, 0.5062366605670804, 0.6702074611213739, 0.5427212936260498, 0.8111678922041031, -0.5837162667776303, -0.035804616410996644
112, 47.013547859816086, -268.25342282605544, 121.73783244344082, 149, 43.45367978550559, 61.20228748451501, 41.72728845124817, 32.12860435088682, -0.09100701089693933, -0.11063178275775523, 0.9896859767681087, 0.7354039818786926, -0.6775803048843387, -0.008118735727316098, 0.6714899160855414, 0.7270801462539656, 0.14302361175255218
113, -286.87360576838984, 290.4169199105525, 148.01956827455348, 7, 12.566554206901463, 20.24185691859132, 10.38250947907897, 9.442694515284396, -0.686819162535289, 0.6839520063677242, 0.24594530074772492, 0.6426119759064363, 0.41331233394904077, 0.6451532864577397, -0.3396016584116638, -0.6011510355901938, 0.7233865813055183
114, 218.37595799356694, 99.99032170174426, 347.42861905276544, 22, 22.94231294098449, 27.72370536146961, 22.47183151347779, 19.383038282355127, -0.9389049176964392, 0.195773436881047, 0.2830729887100238, -0.11269035963443028, -0.9519926972230124, 0.2846239401025794, 0.32520522500554216, 0.23533522015592123, 0.9158924040427778
115, -173.35802012435468, 346.1636906293034, 157.30929161418058, 9, 13.640489654776479, 18.827849673014658, 13.68156605761861, 9.852656633702885, -0.7369726292145053, 0.3459039265981997, -0.5807080310729363, 0.1089602126223868, 0.9086944853830199, 0.40299132037771357, 0.6670824655572533, 0.23371950239215372, -0.7073727294345038
116, 5.120211835004275, 327.84751489963736, -228.243347312006, 13, 14.559672120369367, 20.2846224674559, 16.672577912273898, 9.12609740905834, -0.9789129869250455, -0.2027634181779573, -0.02482660424376799, -0.1652396783233055, 0.714514876332004, 0.6798266986577327, -0.12010500712749854, 0.6695935242735344, -0.7329524537880007
117, 349.1405941632016, 145.93540042210435, -296.9677425493993, 8, 11.084796875647653, 17.30226764370811, 12.542294433979, 6.276292862563586, 0.5314580932824862, -0.1308158009218092, -0.836922649540404, 0.2577145460523715, 0.9661384243565759, 0.012639530640523276, 0.806929679611281, -0.22240452156145096, 0.5471752196065328
118, -351.2882312836892, 341.12594625380495, 44.33936769008392, 36, 25.73613834716964, 62.22359799318793, 21.773302939372716, 12.582029885346241, -0.010595919575728795, -0.2537501356955726, 0.9672117633294288, -0.25877324681054276, -0.9336195303143208, -0.24777203100995263, 0.9658799786844505, -0.2529139008638033, -0.055771189035018896
119, 56.39164287216583, -347.95045968808523, 217.4172595385219, 11, 13.348074218547106, 16.16666910740265, 12.916646306067213, 11.388998121712381, 0.19563148893464963, -0.9713263455646907, 0.13510533279317724, -0.8512893802261208, -0.09980579533352543, 0.5151166803085195, 0.48686210743026614, 0.21578677816257694, 0.8464049590584728
120, -16.90324262985355, 135.59558388155557, -179.31829696751433, 13, 16.420743379916082, 22.400163003881257, 16.742598792503983, 11.80604388768788, 0.6948915696513688, 0.6674268203517225, 0.2677072018131869, 0.6732630973541358, -0.7346259833403763, 0.08391344553943918, -0.2526707505204587, -0.12192663399099907, 0.9598392509972975
122, -272.8800117768357, 274.350859339738, -345.07237616475044, 9, 14.357577916284296, 18.84197136445574, 15.186604442684514, 10.343238160247159, 0.4976728784448032, 0.8021686954189332, -0.32991982382141133, 0.5168175367294731, 0.03122644750646587, 0.8555258866364043, 0.6965783084401527, -0.596280381251985, -0.3990342931937595
123, -6.864987140759777, 92.12632773264114, 177.49141464660372, 22, 20.37738785020859, 28.155388216194662, 21.092292899962985, 14.248207176000433, -0.665761278040268, -0.3985205664571925, 0.630827455626994, -0.055634000943174465, 0.8695850725132299, 0.4906390318770162, -0.7440878836543732, 0.29155301365754893, -0.601107362811301
124, 319.1769680394881, -130.8533142753866, 141.45996309795544, 11, 12.814632342532716, 22.00907781816406, 10.66336244823538, 8.966489302399157, 0.15000485748816683, 0.39091463609410965, -0.9081212969737934, -0.5226014680584958, 0.8110604340004016, 0.2628092045233289, 0.8392772177969916, 0.4351628657025903, 0.3259555675248553
125, -213.70275367467696, 353.26883853115174, -40.64182825303165, 6, 13.499065592420742, 18.023765564301396, 13.387688269513356, 10.194360834846398, 0.6884296177200203, 0.09481920583801681, 0.7190785629193199, -0.5899369541072059, 0.6499615190967281, 0.4790870629355233, 0.4219467402701199, 0.754028740763719, -0.503390113607429
