# Void_ID, X_c, Y_c, Z_c, N_particles, R=(abc)^(-1/3), a, b, c, vector_a, vector_b, vector_c 

0, 288.78113243752847, -256.57357471366896, -211.68727784271118, 6, 8.657429373005462, 12.553436249312998, 8.473720278284308, 6.100004098189273, 0.3136714334786198, 0.8866724741694383, 0.3397383631115483, 0.8486787944665977, -0.10132725866529227, -0.5191118284860203, 0.4258574123367935, -0.4511592958164817, 0.7842835929408358
1, -69.57875488132068, -108.63488770085513, 317.4618748537749, 24, 16.734875710736947, 25.631040715181793, 14.80093111800469, 12.354130815261666, -0.39588682161448063, -0.6038642169437023, 0.6918248564246254, -0.8535161799220731, 0.5199163304097777, -0.0345997107569185, 0.3387975133958605, 0.6041812781510183, 0.7212359031888136
2, 167.84684897854024, 104.13378679863287, -289.83741531726423, 109, 34.91551726460136, 52.56644050019137, 35.61443602097009, 22.736352806836596, -0.08183441653531827, 0.8357556399362647, 0.5429692795960456, -0.02534098586021179, -0.5463652733574723, 0.8371635577977862, 0.9963237238498122, 0.05474941446024023, 0.06589035521458549
3, -88.79923924794441, -108.35743073691224, 305.73634120482114, 7, 11.508741961309802, 21.80458278691466, 12.494392493384588, 5.595264645433443, -0.632160832721155, 0.7236987752919758, -0.2768262346927946, -0.03734722465537597, 0.3283957281134133, 0.9438015843213032, 0.7739366035947887, 0.6069730870456741, -0.18057077620259526
4, -175.83245765749803, -182.78349568505146, -318.5207980054351, 6, 9.797331980130712, 14.513278135624326, 8.89524016920856, 7.2845088639847155, 0.21338860998072534, 0.5671590478224059, 0.7954847048206998, -0.5319619671208954, -0.6154975650031569, 0.5815317816010163, 0.8194399103456949, -0.5472598669264601, 0.17036687290747726
5, -290.0239798511429, 347.2888516698065, 132.41281220673935, 54, 26.324068994424113, 38.217452509049146, 23.06185257221496, 20.69679676784518, -0.91891108838741, -0.16664367941343622, -0.35753642576696626, -0.36261740983912744, 6.80727030675011e-05, 0.9319380931412071, 0.15527725435564568, -0.986017180112831, 0.06049045215662696
6, 340.37455700027255, 274.58159079961695, -217.18464092855334, 69, 29.37432410534716, 47.1504785182256, 27.0449575925606, 19.87610296099218, -0.5999436376729412, 0.47316100222934326, 0.6451250247704564, 0.08557860803313938, -0.7637830649011513, 0.6397747506875479, 0.7954520308999589, 0.4390376928459869, 0.41773433040343205
7, 330.5184468482486, 223.96199613375967, 266.99068442017716, 131, 38.891992028623456, 49.08309234150413, 40.906673453056975, 29.299113749416808, 0.020148499765355033, 0.9993387544790839, -0.030267007671696055, -0.9976625658209781, 0.02207335854082799, 0.06466971162940718, 0.06529504358454807, 0.028893262863876504, 0.9974476109773239
8, -94.2844729383655, 140.603940698602, 310.3155950851273, 65, 29.223265637629044, 39.03351838713181, 29.117093230134714, 21.958391354287347, 0.3210005641725797, 0.34032756881944953, -0.8838188636266643, -0.6943928870899839, 0.7191711519151277, 0.02472595017193337, -0.6440319527474728, -0.6057804884234144, -0.46717538857025237
9, 80.30504831526385, 25.87723422979983, -217.3568594685854, 61, 27.98012844531529, 37.52499061293102, 30.52916971242445, 19.121128762332958, 0.39253126123842363, -0.9160153981624419, -0.08267405445407464, -0.5477024288061025, -0.30501792238068065, 0.7790931372477036, -0.7388783786459505, -0.2605376313622968, -0.6214329281697707
10, -321.0063401946527, -14.964806399801983, -199.3272107418752, 7, 8.083704858999619, 11.239500523135181, 9.848133620151891, 4.772329286416852, -0.9242759820587703, -0.30119237726470277, -0.23451452165470005, -0.3808369250781835, 0.7694652073544546, 0.5127246153325976, -0.026022019258509152, -0.5632108366753987, 0.8259033890020714
12, 83.86008014176316, 213.85020931829644, 244.6714490245675, 29, 21.798571014260524, 31.51960563658351, 18.587704647161733, 17.679807665177712, 0.3714444083683137, 0.8157315029817654, 0.44340857742608364, 0.7549488112565342, -0.5433538872804949, 0.36717685869281186, -0.5404455049995875, -0.19836498738508568, 0.8176612916761168
13, 5.9454644317354015, -166.7080895016663, -40.46352561911398, 86, 30.94880661537305, 42.26704045444862, 27.609081919672434, 25.40258522205647, 0.7983745221900006, -0.062442238055116596, -0.5989149265334406, -0.2998502447639154, -0.9037520438036628, -0.3054866184233319, -0.5221953207688744, 0.4234775203329826, -0.7402559265144187
14, -214.93916881439162, -330.64640424156624, 129.15907429409532, 68, 29.82183520149624, 50.96824074323244, 26.482455817834005, 19.649214695081664, -0.8799136426161499, -0.4751265574996474, 0.0025953605747158605, 0.14005176763818092, -0.2541423317912504, 0.9569729241588432, -0.4540236600876647, 0.8424170164177835, 0.29016561913907146
15, 91.03470483096237, -16.29482727837123, 148.9871126778403, 19, 14.25385468492992, 16.085452657373335, 13.638367711618358, 13.200831831239146, 0.11759629274100228, 0.8332810150841108, 0.5401979839225305, 0.7687611958259822, -0.4207351632895818, 0.481651477900665, -0.6286313193961744, -0.3586428199087269, 0.6900710050437865
16, 65.3182488111646, -221.55555764334423, 345.1160632756592, 45, 23.885120857032394, 39.755300491259554, 24.098516418082387, 14.223189034547294, -0.2620725267292055, -0.9295924656879183, -0.25918302118392406, -0.960336871798812, 0.2777172375750618, -0.02502456028283201, -0.09524223536563181, -0.2423447620435255, 0.9655039787140314
17, 99.35149283597578, -91.90282554652242, 176.58482543425967, 90, 29.852898707843558, 36.86913356753062, 30.50411392775762, 23.655829217027662, -0.6858535933503995, -0.0006337329005368792, -0.72773927121666, -0.09334222548745093, 0.9918163894866043, 0.08710613346261083, 0.7217285344431071, 0.1276708577881693, -0.6802999887125075
18, 179.49926301622114, 91.10534795549572, -32.16661711800449, 5, 3.4463395078000665, 7.737641010694169, 3.765799218203103, 1.4047803976656972, 0.3727520728288715, 0.9049371996448504, 0.2052913950966176, -0.43413342368039665, -0.025458631520099553, 0.900488772014766, 0.820112225640685, -0.42478291253304806, 0.38337372702706557
19, 331.6808051919468, 63.98749254614528, -250.94401619273546, 11, 11.83055361956846, 18.166408661398535, 10.891439105082565, 8.368755069928808, 0.3504689215244926, 0.8108562336468121, 0.46870428139880005, 0.8015312455859744, -0.0008003406312281622, -0.597952357470284, 0.4844782733981542, -0.5852448443266978, 0.6502071014639587
20, 197.31179645217466, -206.09083511440457, -236.77125795148598, 8, 12.250416556471297, 22.12874641308638, 10.300890532738041, 8.06530852875488, 0.3736150306236385, 0.5913496202123872, 0.7146449716934719, -0.563706056016546, -0.46709814104412034, 0.6812156846721878, 0.7366459741981688, -0.6573621173354849, 0.15883247586636323
21, 309.5560641409068, 24.085675631670764, 120.79223778256654, 7, 9.182518794086766, 16.894648641463334, 8.854598267780725, 5.175680409460847, 0.2586936736058811, 0.20845634448638967, -0.9431985664109469, 0.4189420569309183, 0.8556107512405468, 0.304002952775262, 0.8703821782244767, -0.47378918814696364, 0.1340099586756763
22, 69.66281811193306, 317.6647445676226, -196.67390761528617, 17, 15.343982195467158, 17.950197906247844, 16.527502828936594, 12.17692907088872, 0.25046026489866946, 0.20071476993734333, 0.947091989637695, 0.899801831176981, -0.40925359020215474, -0.15122223221867456, 0.3572482614617464, 0.8900702669091051, -0.2831052801466515
23, 93.67905119199733, -111.22525543177542, 108.22251293601563, 21, 18.47420127744596, 23.58801657441086, 18.799207558049176, 14.218901503343751, -0.9716721187443349, 0.10842567525209697, -0.20999325370359403, -0.15511010246510668, 0.37781505224943746, 0.9127960574011146, 0.1783091410112205, 0.9195105541753623, -0.35029443471451116
24, -340.55717043591704, -254.4079275738446, -13.55082408239907, 7, 10.276077018102177, 15.380559886462967, 10.91534977456911, 6.463566923490904, -0.6675893815697188, -0.04476679720505456, 0.7431825828713708, 0.7315619652287098, -0.22493103418536534, 0.6436016787509259, -0.13835284112033314, -0.9733457575436919, -0.18291125614797044
25, 90.2721564697125, -181.61760138383988, 93.47773609441478, 53, 26.629173808922996, 45.93360224146267, 24.873407005158214, 16.52750492728533, 0.21898914555746887, 0.9584327971336649, 0.18289430692765946, 0.7614062678707838, -0.050641225057414405, -0.6462940209933623, 0.6101673945525892, -0.2807882470888401, 0.7408466176758058
26, 287.91099994068406, 287.83245386823603, 186.40673573228972, 13, 15.472883845988019, 17.766041595595294, 16.19327255760094, 12.876223180821304, -0.5440009156218242, -0.05492323473921368, 0.8372851617509999, 0.6132281805171043, 0.655072251625984, 0.4413972629835229, -0.5727252416493452, 0.7535673715305383, -0.3226794293757425
27, -143.01530593457392, -185.3372411244606, 38.905983581362406, 10, 15.905681708603119, 23.80281441182283, 16.638056725229966, 10.160754336977822, -0.17285048526486724, -0.6545080448945456, -0.7360312010451863, -0.970391421095023, -0.014837056113368796, 0.24108162856400042, 0.16871040160251433, -0.7559094396382467, 0.6325643994542451
28, -282.94832006727313, -223.9391427036956, -59.74847483583185, 5, 4.051220722430629, 9.350070672877834, 6.848288054072475, 1.038390732512067, -0.47583613638106637, -0.7987909982882948, -0.36812078502514445, -0.8777340813516771, 0.4045067085123893, 0.2568213488053525, 0.056239254508456, -0.44531703742621664, 0.8936049923933229
29, 281.52536276618866, 190.28204430246342, 3.691084980143928, 13, 13.836776554215437, 23.875268511917092, 12.814143217316204, 8.658984156340193, -0.5358988458908989, 0.8267632876138966, 0.1710990743010138, 0.8222752423744526, 0.4651313595742677, 0.3278966973280285, -0.19150940642913, -0.3164099944604382, 0.9290903414925309
30, 34.57105590085568, 337.3652576918965, -213.33771081142578, 16, 16.501809408118746, 21.833115796150512, 14.819765359553351, 13.8879343462552, -0.7722989553717409, 0.5922150621334688, -0.22986005245359536, 0.6352404779583102, 0.7227300548049609, -0.2722697248041283, -0.004884536315318669, 0.35629003362972406, 0.9343626454654071
31, 82.15041890578748, -173.16186948314606, -181.26068394607637, 5, 6.797443323774555, 8.195687161231026, 7.413948724914819, 5.1689440932217385, 0.2484901053380207, 0.9125452415774984, -0.3248289544104167, -0.8177946696486894, 0.37736155977872865, 0.43452287798866923, 0.5190997455627276, 0.15766875174121261, 0.8400452481152901
32, 314.9183558859035, 124.65360932731568, 65.56447505045617, 60, 27.74843284032559, 38.12041629595826, 31.219657812606982, 17.952693137946127, -0.9822570522120413, -0.04486095855128318, 0.18209496911658846, 0.08088492589835095, 0.7746794039446163, 0.6271598280075281, -0.16920021318582762, 0.630760902007943, -0.7573057324198705
33, -93.80442253154834, -338.7714170864038, -243.61563734935663, 34, 21.240075820981588, 26.929855861337668, 20.50462733059257, 17.35330815022941, -0.9737211443842531, -0.06394630066039962, -0.21858180073114586, -0.18844928467424177, 0.7651628155497903, 0.6156401000630842, -0.12788275913815422, -0.6406533667528542, 0.7571058470144354
34, -261.2810267423532, -121.47156951005891, -41.19451163491858, 10, 12.154418655895103, 15.489915606691905, 12.929562177348517, 8.965400679206383, -0.845887401651837, 0.027706017277187196, 0.5326414181542214, -0.52767187378795, -0.18895015141647295, -0.8281667911072055, -0.07769747318811603, 0.9815957502385226, -0.1744502386752561
35, 342.8905761740821, 255.33529298894138, 108.5825747799458, 44, 21.74873286157379, 32.76806376008414, 20.93259406352704, 14.997816829872402, 0.5669566990497623, -0.3205378164919311, -0.7588251508754718, -0.3206614577343584, -0.9344052427489627, 0.15512276379348106, -0.7587729113023693, 0.15537808893739558, -0.6325514354990347
36, -101.41838059829773, 54.55352125301923, 287.920223261235, 9, 14.344502650429812, 17.880208801797142, 15.035795337894736, 10.978866229569935, 0.6719098999161743, 0.7405948368399227, -0.00750826482517703, 0.676106334321947, -0.6174777560987221, -0.4019968226404615, 0.30235295779002513, -0.2650292594589029, 0.915610277654357
37, 78.673174026065, -152.8569593881692, 215.16719928319043, 7, 11.106013868335912, 14.095332008227354, 10.317830836044475, 9.419132825887687, 0.7408811810568409, 0.2668264352809605, 0.6163592531884925, 0.33714940298461527, -0.9414483547847675, 0.002296810869911967, 0.5808832547276069, 0.20610349028657965, -0.7874617423524471
38, 313.6808055542924, 253.49038638324524, 8.938893123733507, 52, 24.673573702932615, 33.909565554275176, 25.060343396621327, 17.67611943752317, 0.7871469950342868, 0.5886304325747459, -0.18415705811985594, -0.13354176851040073, 0.4541603581436663, 0.8808546787943692, 0.6021347060846161, -0.6687694542498813, 0.43609771014155646
39, -194.39374738164165, -319.0794603305966, -45.09332320400183, 10, 15.535872842240511, 17.596194629919438, 16.25780026218089, 13.107698196535384, 0.015306674640668006, -0.8911907946956076, 0.4533703487892166, 0.34973703856438676, -0.4200099524883435, -0.8374220224396729, 0.936722856328198, 0.17137854959285798, 0.3052534736441023
40, -340.49006906411563, 234.71198307779238, -119.56485502108347, 70, 29.174980819228566, 37.86273864047547, 26.667442481121398, 24.59451976707652, 0.052702126000718046, -0.6946729801331919, -0.7173924564615065, 0.2667156571393703, -0.6825015987234982, 0.6804809519572043, -0.9623332292671377, -0.2272025933230966, 0.14931087514157282
41, 249.20444505412797, 105.85428779441426, 236.0436781121688, 5, 5.55753637957126, 7.447592504971893, 5.585759247708048, 4.12618621105233, -0.053009300282416634, 0.6945905833917931, 0.7174496048831702, 0.6976123977603005, -0.48831235962274305, 0.5242976081681024, 0.714511690999309, 0.528294388483465, -0.45866990583881745
42, 206.47231989008066, -108.66521133174417, 265.2503990152404, 7, 11.306620293924487, 16.211360855137713, 12.261606316137518, 7.271626804390012, -0.7580450445575446, -0.4083421308414931, -0.5085512900402269, -0.6079279526055407, 0.15999877572236715, 0.7777043115530343, 0.23620185194571677, -0.8986974440528765, 0.36952887463666567
43, 325.74876159957375, -220.7249006632188, -314.9914980764235, 7, 9.150293715860066, 13.895264425988469, 11.739022243334029, 4.696846455345966, 0.10631191904013701, 0.4597757822877589, 0.8816484593598987, 0.6246487309835396, -0.7207531850107972, 0.30054751567338756, 0.7736354042768834, 0.5187688081587699, -0.36382301319580174
44, 258.6366811559257, -90.3395526813479, 272.70467087011065, 98, 34.85644320196516, 58.37975331566216, 31.62043846149206, 22.94135492202066, 0.04798933199511256, -0.8069330781921886, 0.5886900978731868, -0.8531247183828022, -0.3396404049077564, -0.3960083461726022, 0.5194951769736914, -0.4832218979654945, -0.7047136712365515
45, 288.4712877531531, 339.11526315409225, -319.5585275578641, 100, 33.59989333836282, 53.39137175749501, 30.13668459852616, 23.574752618857538, -0.3412438644209719, 0.2610882322095586, -0.9029870209458876, 0.912065007081329, -0.14038542509370097, -0.3852653050548367, 0.22735445421802855, 0.955052285177596, 0.19022377539170637
46, 51.2756124189629, 179.20275041287658, 353.9953213467009, 13, 14.98056166674386, 19.311270380894687, 16.430206935399415, 10.595718511457545, -0.38300930873876915, -0.9083989596722009, -0.1676758762789492, -0.9213696195399727, 0.36267069949856146, 0.13981411915107175, 0.06619587304519806, -0.2080415674611389, 0.9758774577784326
47, 188.5691599814826, -238.09898585247893, -7.5778816566970475, 10, 13.073663512007526, 16.203862323893063, 14.537389040907893, 9.486083680912165, -0.7939317947677167, 0.5399334509132717, -0.2795427942941796, 0.5029935388913569, 0.841560835618931, 0.1969082522036994, -0.34156961968310423, -0.015723502703048654, 0.9397249418698466
48, -115.67089689678173, -210.79372074255937, 341.18007281190904, 47, 26.649862698885478, 41.97376971965717, 27.107011531190064, 16.63509600222232, 0.6356009306913105, -0.7456732004241652, 0.1999573331326532, -0.5696686203599027, -0.278195606754811, 0.7733594683971793, 0.5210461782621433, 0.6054574159687081, 0.601608009892579
49, 338.48415671617045, -103.70645450015022, 125.37926962638792, 62, 27.08907370416441, 30.53271989572447, 26.875183367920588, 24.22509756536415, -0.7826259028877747, 0.5637301844799745, 0.264016998004427, 0.5843958654586427, 0.5192757103451875, 0.6235657215405164, -0.21442520505746984, -0.6423091278751027, 0.7358402107009285
50, -33.32995615371402, -337.9875813973091, 342.53255541959055, 57, 27.38344522186952, 41.85751230757001, 22.862233935344733, 21.457157292224593, -0.9203638118994095, 0.24295047511987442, -0.30644007633632975, 0.33912157471927784, 0.88607147986779, -0.3160283058917695, -0.1947485848623959, 0.39478145752293403, 0.8978978725279183
51, 319.6322987450434, 218.74839616947096, -34.78338318605342, 17, 16.049308086016325, 20.691764013448147, 15.703053422416117, 12.722935249795341, 0.5480961390746825, 0.7807488968298284, 0.3000363018543462, 0.23576354212005526, -0.4883832465455104, 0.8401769793922421, 0.8024999529834449, -0.3897601372545338, -0.4517530972432793
52, -260.24080988965113, -60.31153641775027, 151.2094614328867, 138, 38.24968152147803, 46.65402509088023, 38.336892883435475, 31.287973874719924, -0.438572850982568, 0.8901359066124752, -0.12374135177946313, -0.03712489791112552, 0.11962763259936383, 0.9921244737802611, 0.8979285029088397, 0.43971274404758703, -0.019419227225382942
53, -314.6880498657888, -312.16208527269094, 334.42333521408676, 22, 18.943737141452036, 20.87162712076809, 18.690721850954105, 17.42667753041668, -0.13610147822882226, 0.5926912023766343, -0.7938472940366232, -0.18483836306536294, 0.7720416704383256, 0.6081006813399544, 0.9732991149504076, 0.22949683599591836, 0.004476059049632894
54, -326.2133573679675, 239.5280876342456, 13.619458839227073, 10, 13.453144654842514, 18.336545387101516, 12.707945260146985, 10.449092715148295, -0.6606134117174002, -0.6346578802367445, -0.40099787444885404, 0.13103123963140828, -0.6234237765227728, 0.7708265752468192, -0.739202769542805, 0.45667512513764796, 0.49500211674371714
55, 212.20723836339866, 127.37561884032363, -186.4313770859645, 48, 23.881301477897686, 43.21527599673454, 18.700780752516746, 16.85298925844126, -0.62972600533297, -0.7207570557487618, -0.2897488995591814, 0.2869772124412925, -0.5624582108813426, 0.7754255867274334, -0.7218651104928154, 0.4051543256594132, 0.5610354130112123
56, -128.67779486983648, -31.333389932327865, 336.5794013717613, 92, 33.438738661586584, 54.00034541237358, 28.363333546390017, 24.411577864224284, -0.7874293020136977, -0.13427618360763974, 0.6016020286252269, -0.5792151297274281, -0.17269386118649957, -0.7966722436506352, -0.21086708568446794, 0.9757800658059497, -0.058209409468538045
57, 288.368087725629, 2.6926596214902845, -286.85433338484194, 14, 17.792195867011387, 20.33059994375229, 18.979788789882353, 14.5964445867523, 0.6404101619170339, -0.6208358696835555, 0.452147815905, -0.6999665278392448, -0.22949566887207454, 0.6762977139349435, -0.316103913955634, -0.7495962652543181, -0.5815356865220803
58, 52.370048459658264, 215.8107876405038, -36.2068366799175, 35, 21.44309786444664, 30.725413966071933, 18.197325471234514, 17.63426152628862, 0.3167891436639638, -0.48947445680964347, -0.8124403944829166, -0.6736016566989806, -0.7191342092394994, 0.17060714285711676, 0.6677615192185359, -0.49321470500419956, 0.5575247153432511
59, 123.5904365025472, -20.231367134070926, -125.34671014040264, 10, 12.280136989032425, 18.948898989690843, 10.994789861258097, 8.888709658351775, -0.9964622872344928, 0.08381495173628892, -0.00616149209578888, 0.010903357423768937, 0.20162703493753945, 0.979401682446577, 0.08333082812676494, 0.9758696596614427, -0.20182760077840603
60, -221.56831826350398, 212.9906159551965, -9.366996032850194, 44, 23.681544718885142, 32.42517072282601, 24.16182824494065, 16.95188581068143, 0.039651640138008475, -0.6213071928592564, 0.7825631728721435, 0.8996148859258494, -0.31865948011349654, -0.2985786207256256, 0.4348802185142335, 0.7158446115150593, 0.5463018283969646
61, -244.62618931960307, 36.41189981459721, 200.48867242473344, 83, 33.51336546332194, 46.86893041074849, 35.00033848783425, 22.94546379768112, -0.1391796111753828, -0.03484567167550073, 0.9896538864666538, -0.9768220580909331, -0.1592931984357037, -0.14298371851059474, -0.1626274966297605, 0.9866161645227626, 0.011867655300459854
62, -174.53014713868808, 335.99453710576626, -82.1604755018409, 12, 17.067047764319714, 22.16836315086152, 16.688905806447433, 13.437352839165916, -0.8607668099346912, 0.10247156597425006, 0.49857805515449655, 0.5084482047567742, 0.21867893208374495, 0.8328625023029468, 0.02368379180936019, -0.9704015162959598, 0.24033305052787254
63, -315.64339040923727, -169.1786638501093, 218.64471031645124, 25, 20.701344483506386, 26.92068207478168, 19.861111823254642, 16.592278980727198, -0.7681128276163505, -0.5402177779919353, 0.34375490744521886, -0.6318038618039796, 0.7266631543468483, -0.2697861010583503, 0.1040507773195014, 0.4244118429734792, 0.8994709685604434
64, 245.12698890814366, 332.66145934245696, -154.46857713024633, 19, 15.059474272498917, 18.914525764921702, 14.931156025394255, 12.093180692205431, 0.6579978118464748, 0.03961365236076449, -0.7519771526794493, 0.5866913960643817, 0.5990400490161036, 0.5449258898775239, -0.47205093516407637, 0.7997385686719279, -0.37092605245425553
65, -176.52440074431303, 156.65665502542168, -311.03598083221954, 26, 19.582649695023537, 35.76364773395791, 15.991872626106046, 13.130257244863996, -0.5383573578103366, -0.4398052102049005, 0.7188481984175077, -0.8424773220746324, 0.3012115375254091, -0.4466582266694918, 0.020082755822583, 0.8460750479349942, 0.5326853632120631
66, -338.54373140636153, -98.53511777059492, 178.72384211342143, 44, 21.794904348242703, 24.90230580133697, 22.419727783057564, 18.543640747294575, -0.8278581903304246, 0.5468510019856664, 0.12491916718465135, 0.28227361668367734, 0.2136853297403135, 0.9352326903921236, -0.48473954039994527, -0.8095014277202027, 0.331262760496563
67, -121.01856458823684, 41.26058885020786, 348.6444945764802, 28, 20.713881523590278, 28.380200256561633, 19.87094556902254, 15.759791748191528, -0.10685540373822902, -0.8760357891094984, -0.47025867231901053, -0.9934371013856746, 0.11347710241119453, 0.014341297667504364, -0.04080010149949042, -0.4687048574824648, 0.882412096636245
68, -337.37737503403815, 333.11531296859204, 322.96340867002385, 82, 34.16780546838792, 48.023637166620944, 33.87870432966571, 24.517117905834976, 0.3886243123142243, 0.8604040241383564, -0.329660521028556, 0.7769521461456347, -0.1136829434514935, 0.6192104254354065, -0.49529436346276706, 0.4967706750752575, 0.7126727088273307
69, -120.12918705713882, 264.4323443367319, 348.4346833958875, 76, 29.471942178910833, 55.080285159930305, 31.13093272168221, 14.929248827427122, -0.6413321696737907, 0.7672282769164882, -0.0073361598445412166, 0.7449405155542788, 0.6203551252133259, -0.2454040482699582, 0.1837299007435453, 0.16285051342048515, 0.9693931265753082
70, -85.58989539502541, 4.047619052329487, -315.19328430256434, 7, 9.364450979700013, 14.784698766803231, 11.36263735400359, 4.888271682217143, -0.75995652533719, 0.5490102221463383, -0.34792794595469506, 0.5521861743172005, 0.8277058267273992, 0.09996746117835927, -0.3428651462169333, 0.11615007697087788, 0.9321762983091236
71, -131.22515546043633, -224.99150514300695, -137.94013511021822, 79, 31.785187209022187, 48.92091757647108, 34.75117767751935, 18.889053642434686, 0.11643665601078347, -0.9008329375044595, -0.41826131047960113, 0.6219767470278307, 0.39445941772155346, -0.6764219791871424, 0.774330311490971, -0.18138849599095336, 0.6062266756160074
72, -122.95281012945667, 231.9661947902657, 280.1727435821996, 12, 12.077860943652375, 14.701930963175503, 12.567618486605069, 9.535483256266286, 0.39529282395720655, 0.8841787874385557, 0.24894066596605352, 0.769629455849927, -0.17087059676335667, -0.6152021942824, -0.5014120900178635, 0.4347770819689321, -0.7480339597762244
73, 342.99377299356064, -254.0163670660456, 109.56830389298806, 89, 32.18912356955937, 47.0590377470573, 30.243636481708297, 23.434214688415196, -0.05807734122595455, -0.9902358766818604, -0.1267277829374101, 0.2150189451638882, -0.13637033801821524, 0.9670418729969279, -0.9748814674906545, 0.028914346627668654, 0.22083950032175553
74, 259.74339858126956, 202.07313678252123, 302.1749679506968, 59, 27.248306775572935, 37.22398204451934, 25.65209523481791, 21.18716685754888, 0.14537877956099657, 0.09290939328289227, -0.9850039873488635, -0.8315651180248687, 0.5509003096850593, -0.07076936677116853, -0.5360638627417826, -0.8293833211662214, -0.15734942527269583
75, -252.26909163428988, 232.2446227643031, -328.9441945641001, 11, 12.174206468237726, 16.771327480544496, 11.223122034529942, 9.586075921567234, -0.1175487430644277, -0.9501885684422419, 0.28865892919786185, -0.22837469672362565, 0.30874883801758074, 0.9233196374599566, -0.9664508735059246, 0.04261266741799227, -0.2532920639798229
76, -345.3059990581451, -1.8486283812913513, 1.135258591692399, 39, 22.23607283033942, 46.26390129877705, 17.954843514431097, 13.235805797196807, -0.30810389952736067, 0.7644796078708647, -0.5662534028556852, 0.25814722931937517, 0.6400584639394911, 0.7236609501238472, 0.9156593226144557, 0.0767860136289686, -0.3945528013082762
77, -100.26103240550681, 46.282412061098476, -39.377468383811305, 170, 41.562473529464896, 63.244834023746634, 39.6047939025696, 28.66364017597188, -0.6803457576162254, 0.544972927915422, 0.4900348537939896, 0.7161064447399875, 0.3520352981881869, 0.6027127911629299, -0.15595258861416586, -0.7609702074778264, 0.6297643475425507
78, -23.316588449441426, 224.44036871893562, -159.9147487260816, 27, 19.492361935101986, 26.407944681825946, 17.92696208442128, 15.64415458914165, -0.021119009110443034, 0.7142708711585976, -0.6995506486799445, 0.9996288362866653, 0.0030413258457317694, -0.02707286466681093, 0.01720979716209304, 0.699862752939059, 0.7140699895179753
79, -263.2697087974283, -333.64153206635507, -212.801774794072, 91, 33.32783968545544, 50.26275069235357, 29.909342343277814, 24.624554080414107, -0.16938412562737157, -0.5971802974309963, -0.7840183099556269, -0.9631505723054253, -0.06833687309618887, 0.2601365926646362, 0.20892580753268092, -0.7991906932238777, 0.5635993637426812
80, -61.828940205058295, 325.3040437311195, 100.2381694883672, 14, 13.81770399978612, 19.64458074945632, 12.72751819383467, 10.551669118910322, 0.2891699307691515, -0.8295656038099577, -0.4777045740982434, -0.8448653946908179, 0.013466374560133894, -0.5348094255060718, -0.45009245271709636, -0.5582468680894019, 0.696977200685562
81, 293.88516031967, -140.39276470605586, -46.301367061756316, 91, 32.57341112553393, 39.85318679937075, 32.54441238971852, 26.647117258629102, 0.2461544257552471, 0.927359884948327, -0.2818007141043654, 0.31864473264904253, 0.19715531137642517, 0.9271436337219197, 0.9153543210342785, -0.3180148219575466, -0.24696769015234613
82, -72.90424304833175, 235.84815282613985, -292.61838661018044, 40, 22.354125558212502, 30.826389925629066, 20.907374660694046, 17.33208811958487, -0.9665729756736108, 0.19546655008095226, 0.16592019315596276, 0.25296656683458746, 0.6216229805248169, 0.7413452543500669, -0.041768394287830864, -0.7585365501298501, 0.6502904761379499
83, -90.23959269202265, 124.44133603140631, -250.24040106165617, 9, 11.885287540689825, 14.294456162837715, 13.194031141889255, 8.901925129333026, -0.3632631015331184, -0.8215750558797673, -0.4393795018212576, 0.5894952073038915, -0.5678744813562978, 0.574468427322214, -0.7214813369937455, -0.05032892786928247, 0.6906024032605491
84, -176.02635302658544, -124.00670328028441, -216.38462247786939, 65, 31.472346849085977, 41.81755154500162, 32.87010257830265, 22.6791997574395, 0.8296082704128843, -0.19483362455471218, 0.5232494399475418, 0.255965262730082, 0.965576778054311, -0.04629546368464086, -0.49621759535315035, 0.1723407799249171, 0.8509211206902837
85, 346.5583146537084, 330.97505587326367, -178.54827744105523, 10, 14.07036958941149, 18.106431030957356, 14.699312912057362, 10.46614208054574, 0.009356369206925896, 0.05210582604170851, 0.9985977374537631, -0.8821024914076132, -0.4699152758104073, 0.03278457278218424, 0.4709645984654744, -0.8811722966892115, 0.041565978151786205
86, -119.65572694969458, 310.99845634352835, 329.7492442125361, 14, 17.14107187791845, 21.430930753802244, 17.802751052229613, 13.200360025384743, -0.6736379475056861, -0.6888782994294121, 0.26769124799957095, -0.712853782981982, 0.5100312398120198, -0.48136017544463655, -0.19506767996929666, 0.5150871994051638, 0.8346458993132004
87, -76.89180135548493, 326.3154723731201, 66.13284023566182, 5, 4.130868113057155, 6.856737594025809, 4.504802733175833, 2.282079033633646, -0.23961925403158804, 0.670304236616033, 0.7023352785329402, 0.9524429503616988, 0.022035538784106228, 0.30391916908414385, -0.18824197035636772, -0.7417591694108617, 0.6437066841281524
88, 31.366537893273854, -2.3691376944159614, 301.9527058385469, 6, 9.337770925807439, 14.906635815266737, 9.375949580571122, 5.825520599074754, -0.9811793711705853, -0.0037637701901025978, -0.1930618440377353, -0.011801054310568363, -0.9967723771575626, 0.07940757679730974, -0.1927375850903341, 0.0801914095749517, 0.9779680777632409
89, 215.26732477421965, 30.147687900311894, 310.0742731684897, 11, 11.432266177085575, 14.177461256826174, 11.547632974637544, 9.126526970621423, 0.4194775929145568, 0.8119615181111308, 0.4059027496202471, 0.834109897885379, -0.16832674329058306, -0.5252873363625175, 0.3581888151411924, -0.5589137684829871, 0.7478744360572132
90, 3.1339720973945853, -234.8934576184541, -60.88654887715698, 7, 12.346528206818652, 19.245421703967235, 11.749343209420484, 8.323261450188632, -0.9927218290154823, 0.040272507305263265, -0.11349667550859388, 0.09640078600688226, 0.8305984026857135, -0.5484643852732797, -0.07218212142498184, 0.5554137364265403, 0.8284354668501939
91, -107.7224436369963, 273.75410368293757, 80.96571802449472, 90, 29.015663879655655, 35.451825682180434, 31.32652274842932, 21.996153366773814, -0.6080084184614638, 0.776585260633706, -0.16504876869116178, -0.6091805164639857, -0.3230136877875865, 0.7242660118095665, -0.5091412981095339, -0.5409043265387536, -0.6694756516042953
92, -347.4851147002857, -337.7086840500657, 233.18916226195478, 25, 18.217951984191423, 23.073579146444683, 16.92738847362823, 15.480811807931994, -0.09373449551581159, -0.6510436568390016, -0.7532303772685331, -0.9849763098264316, -0.04957283868450516, 0.16542128867067127, 0.14503624867977474, -0.7574197584922513, 0.6366158936238069
93, 315.088995295113, -286.35779733563453, -138.5379172743653, 106, 35.77710050486658, 53.09215680329381, 34.93942583725267, 24.68705534571728, -0.16694440901083615, 0.8272958250363622, 0.5363871569840457, 0.9503371063474577, -0.00990891082208439, 0.31106461995132306, -0.26265747390692057, -0.5616791177921117, 0.7845556831972542
94, 307.4839711930359, -251.07853826365263, 237.53672086808157, 7, 10.205676191523688, 17.92110764816389, 9.343660902327446, 6.348095287906914, 0.5338759216826047, 0.6705026926636356, -0.5151724365475734, 0.7826801835359463, -0.16130124075208466, 0.6011602448864825, -0.3199816097023202, 0.7241602370074267, 0.6109040191303865
95, -156.93804659824858, -211.04555899210555, -175.92904402059915, 20, 18.671760693173976, 27.69464735620692, 16.312314078596255, 14.40935043366608, -0.683552407816462, 0.5467847170450096, 0.48351068134460673, 0.2888446207207785, -0.4057166456906381, 0.8671578797947965, 0.6703170077276777, 0.7324073160581789, 0.11939276584227129
96, 53.21363965987175, -98.55757301302948, -88.52076264821476, 106, 33.30438024864884, 46.24633193721434, 34.94161103250538, 22.86040142746731, -0.4774753192182947, -0.7414040766352208, 0.47152657898157047, -0.878625600935038, 0.40646735268178874, -0.2506019644484084, 0.005862842222894571, 0.5339515767862609, 0.8454947313428601
97, -95.17548973395361, 161.56464789905795, 160.92527453069505, 9, 12.713649822689222, 18.082343742204422, 13.85060714364826, 8.20516282834842, 0.43492782147037173, -0.7875555384335, 0.43657080066554654, -0.8029820218541298, -0.5586180696264412, -0.20776362738911325, -0.4075017333583878, 0.2601963223597674, 0.8753514786303622
98, -312.13438010143926, 155.71852222221028, 354.58637226748345, 8, 14.205002240160054, 19.14135023035564, 14.083301556742054, 10.632781058813775, -0.7566291383204742, -0.6445645975613234, 0.10976714724828181, -0.6428046545036272, 0.7640162803533507, 0.055509454181271935, 0.11964331654083116, 0.02855876267696477, 0.9924061033072455
99, 355.11408712401595, 66.22736578344998, -110.44968127040056, 6, 10.22537694194141, 15.493685508501146, 13.978412687329905, 4.936570971773302, -0.31750579649453653, 0.4772859140403802, 0.819382832045564, -0.17738330333303545, -0.8787357562259174, 0.4431237236130846, -0.9315177040137406, 0.00465048263122269, -0.36366624825554833
100, -74.40507802994625, -271.25546609468694, -336.90217258957347, 9, 14.117389254257745, 23.10477581336598, 16.800332594575828, 7.248423007873884, 0.8664925720594292, -0.2784639923210671, -0.41430475202011335, -0.3953337255114762, -0.8895526272853895, -0.228926557574428, -0.3047980774858203, 0.3621518027985965, -0.8808769515038263
101, -133.16543877426915, -5.74195251774705, -232.30256406097638, 52, 24.069775041579028, 30.198383951319585, 26.423930401320934, 17.475715852519578, -0.9647189940424792, -0.2627755402105218, -0.016318026864030763, -0.024951008781163856, 0.02954952903538468, 0.9992518563878625, 0.26209675636006896, -0.9644043969211541, 0.03506350673671316
102, -313.52293403781925, -347.6335464370394, 97.04977705419164, 9, 9.524150428229664, 15.13631527541339, 9.399482745866717, 6.072319559705883, -0.03852153217950768, -0.4720225114181927, 0.8807444806940349, -0.7227503282531608, -0.5954862161818318, -0.3507536590648669, 0.690034821272443, -0.6500699308935202, -0.31821538363127805
103, -309.16496656282027, -183.11512138622226, 298.67221904521074, 10, 11.646382616316123, 19.399630920847557, 10.020900606043664, 8.12592742748747, 0.1569712683479622, -0.9342104431323844, -0.3203293131382547, -0.9174560062525146, -0.25799637764859235, 0.3028404624738757, 0.36556052509046877, -0.2463508008158262, 0.897595000784308
104, -213.93246501730124, 164.07992913683384, -74.48666859744705, 5, 5.631856737537249, 10.392263915216509, 4.886405527960889, 3.5176702213183164, -0.28117019205758165, 0.8698975333538089, -0.4052426489934907, 0.9483412786925425, 0.18720659073185497, -0.256129872358437, 0.14694264944561336, 0.4563244173299457, 0.8775966521827604
105, -263.9567600325342, -253.6638906612174, 28.722924603053592, 75, 27.32099483979315, 38.14221003983649, 27.83375208023543, 19.209316837952965, 0.12241024935186379, -0.6470762997917134, 0.7525343800129528, 0.6857758918471519, -0.4929692568907844, -0.535436959801797, 0.7174448808200234, 0.5816129073605683, 0.38340483692401356
106, -303.5188017064326, 323.92387018044775, -234.57711040001487, 37, 20.936940900201762, 27.744515844522063, 22.330572610991357, 14.81367018755138, -0.9852974784535029, 0.15915790936368615, -0.062109893255018755, -0.08534169234133072, -0.14356455060686574, 0.9859543677865453, 0.14800565699150434, 0.9767589158518233, 0.1550365950428601
107, 224.5357130723022, -23.855721810325225, 241.97789710538, 22, 17.009758630822173, 24.09832532335095, 15.759329932806553, 12.958950833020294, -0.7803904584362035, 0.4559070058996656, 0.427948050998406, -0.14902874799039834, -0.8002844326362899, 0.5808056982781986, 0.6072735501025438, 0.3894786628964583, 0.6924775855536699
108, 131.91441352152222, -294.5526205497103, 138.36819443007425, 12, 12.58621959865183, 19.438771628098518, 12.050649924738742, 8.511510254762676, -0.1293090166085752, -0.9611581228987897, 0.24383240352627103, -0.990566969858498, 0.1364524262978467, 0.012562387622756766, 0.04534596397781123, 0.23990789512457839, 0.9697360184131646
109, -345.38328288573666, -242.22883699606217, 19.374308279226, 19, 20.734652473415508, 27.593491918866278, 20.011618539313464, 16.14363771952255, 0.12151475244216736, -0.9620604668946063, -0.24428226087346339, -0.4187700093301502, -0.272820362999907, 0.8661412868685022, -0.8999254659273428, -0.0029508593885954485, -0.4360337695687386
110, -64.52541018267004, -9.008921950853432, 348.47323349396663, 10, 15.923038720647789, 24.640042845728637, 14.661158328579026, 11.175529546746958, 0.43127243005153676, -0.8844588066171689, 0.1781480016019702, 0.5772327420961471, 0.4222453113420853, 0.6989358042780385, -0.6934020857551605, -0.19859888329736192, 0.6926413437150817
111, 324.0414362054719, 84.22545638743539, 252.34126105109013, 18, 17.8118883371474, 25.086744111975843, 15.952865294329941, 14.120396556923483, 0.39006232685895736, -0.7371259405939992, 0.5518122224713657, -0.49352026537014726, 0.33857054481710797, 0.8011290369542389, -0.7773603597009274, -0.5848207707372054, -0.23172297529590302
112, 84.31489051412821, -7.220174966189677, 241.55352711059803, 12, 18.284932567285995, 24.526264494308606, 19.127294511541603, 13.031521856519316, -0.6773349367944987, 0.17949223730068717, 0.7134423033058708, 0.7346897494855426, 0.21520478462989762, 0.6433644944145349, 0.0380572647265079, -0.9599319962482723, 0.2776368260522071
113, -332.1510297496058, -61.348071534353686, 31.08906858859189, 31, 22.304682039090018, 29.399605576546968, 21.10015099360431, 17.88796937575565, 0.1318373682049678, -0.6508330858684512, 0.7476865671414303, 0.7335054556744909, -0.44330592287145815, -0.5152180171954805, 0.6667748156915834, 0.6163571635716049, 0.4189453330369262
114, -41.29236711436861, 59.75076479430969, 128.9383464916604, 50, 23.9984883350014, 32.034820150638055, 24.3917290613683, 17.68832794827964, 0.4415180207483958, 0.543260480134209, -0.7140937530036008, 0.7888842023748665, 0.1441213057375984, 0.5974033515773581, -0.42746175571364253, 0.8271016261360138, 0.364937456895523
115, -166.93202482176585, -273.02354450757974, 320.1889220147974, 11, 15.693039547586832, 22.387045441796793, 13.993327349879735, 12.336825816372043, 0.5766019026710406, 0.35030242034670683, 0.738118188459934, 0.3450931266902495, -0.9232995398875355, 0.1686081064320823, 0.7405680115609116, 0.15749975854808237, -0.6532632289590569
116, -285.68241262710006, 181.66080491612493, 262.88565854017946, 192, 42.07958831244924, 56.509981129530416, 37.13393168122439, 35.50735729990653, 0.9721196060807569, 0.2156692001382052, 0.09203405665915648, 0.15498820881400438, -0.8855136424243987, 0.438000278777195, -0.1759605825235317, 0.41152446487665884, 0.8942513562785124
117, 294.8210848894349, -181.4710764627817, -281.4250158884727, 7, 10.467708478138704, 15.324082310283778, 13.586257577698278, 5.509098501652275, 0.3538697210557977, 0.10363590666490757, 0.9295352706431502, 0.7401361657388034, 0.5765824327240974, -0.3460507974841618, -0.5718169957996647, 0.810439570309659, 0.12733038204192032
118, 273.3124037419684, 79.27561014630739, 323.94425041146775, 15, 15.015029656393263, 22.040136973530103, 12.931212731285756, 11.877499953645957, -0.836541016859932, 0.5153188894255332, -0.18613320314276655, 0.5468446668414, 0.7641500381538555, -0.3421047055165705, 0.03405932263080439, 0.38797056768612914, 0.9210422363557675
119, 180.8560557286669, -93.03240129585159, -84.34850469513725, 18, 15.791785086533496, 20.86599212705377, 16.272130006800015, 11.59872443025947, -0.9000680867959596, -0.1390583136783198, -0.41296516139791145, -0.3896368749520839, 0.6811422533095983, 0.6198615461809975, -0.19509111924697004, -0.718824050900681, 0.6672566515499863
120, 151.47716225643427, -223.29176826643558, 290.7618212101931, 81, 29.673434916609885, 40.2524033600935, 28.326380167253003, 22.915037401963772, 0.21351606918911503, -0.9486444842532643, 0.23341921663369375, -0.40124659628766224, 0.13269154128071048, 0.9063079630236708, -0.8907368057768781, -0.2871699799220096, -0.3523085940847836
