# Void_ID, X_c, Y_c, Z_c, N_particles, R=(abc)^(-1/3), a, b, c, vector_a, vector_b, vector_c 

0, 187.3056547168644, -192.71080382582315, 76.46835608398129, 13, 10.012646820433481, 14.104879789008663, 10.020908711577325, 7.1018287751215965, 0.34909299768355145, -0.9370880581250175, 0.000224249405433443, 0.5239795926745757, 0.19539627171615412, 0.8290148873572852, -0.7769037684481245, -0.28928579003972993, 0.5592264892261384
1, -52.784088962508896, -242.24368137905694, -161.63813353402628, 10, 12.806052291771191, 15.826518467324282, 14.848106555319541, 8.936950412762512, -0.2926621774424921, -0.8910860359672554, 0.3468638441792147, 0.9561360309845223, -0.2773939538161083, 0.09410889776971881, 0.012358808509860437, 0.3591911342035469, 0.9331821842286672
2, 60.055519918550516, 165.33338028564836, -226.4129412823249, 67, 28.126281633240083, 42.51184343121136, 25.390101268428882, 20.61401523552508, 0.58006246294317, 0.5892331821025771, -0.5624338149449895, 0.7027406741340148, -0.7111571070045377, -0.0202759481802168, 0.4119260661841794, 0.3834838018302841, 0.8265936666414875
3, -265.60367341649385, -59.68689694824939, 169.54893347801394, 147, 35.12900380691942, 43.531941755681466, 33.414800006191896, 29.802355915945196, -0.5178833160543714, 0.8097999306022361, 0.2757189571812968, -0.050449707211467076, -0.3506591951552055, 0.9351432809443592, 0.8539623516261154, 0.4703851626589824, 0.2224547161906835
5, -115.36430618589489, -317.09045060105814, 4.11017192329453, 67, 29.156574519891986, 39.73026648554595, 29.861696725431887, 20.89168837925614, -0.1184316715718091, -0.7285582583053748, 0.6746679208497658, -0.35173901729829576, -0.6046112512580257, -0.7146501931450334, 0.9285761158239728, -0.32194424844566355, -0.18465724468327932
6, 110.25722437439417, -89.88143624943703, -350.94050444123303, 49, 24.794148354428206, 48.82119500542629, 21.839063363033823, 14.295691662644101, -0.8630994196166725, -0.5040521238208096, -0.03147774339266496, -0.49900685051398863, 0.8607414446980041, -0.10057996082372778, -0.0777917411906495, 0.07110289622036611, 0.9944309041615725
7, 10.14743970697368, -287.43584962277635, 119.8058180357333, 7, 10.181490678556251, 14.470789948853518, 10.33658630535421, 7.056100036318639, 0.5297642331531162, -0.8474191382677226, 0.03508078347587128, -0.6497994531305145, -0.3789452563089595, 0.6589090706859493, 0.5450784603916904, 0.37186193246758525, 0.7514041357342249
8, -220.47642729875528, 248.02817471954265, 182.21946114121613, 87, 30.224554212226284, 40.57795122587597, 36.64111129350426, 18.57038721902234, -0.38446753603865474, -0.6436255506109552, -0.6617634504361135, -0.9229008299946158, 0.2842536054634244, 0.2597189746173605, -0.02094687870817028, -0.7105955519012123, 0.7032888381672191
9, 312.0051346712712, 256.3037824452645, 237.86813373404541, 35, 22.281167477859896, 26.61203977317444, 21.5917752711598, 19.25073492096619, -0.4034357427937068, 0.9049484850252897, 0.13530647023303535, 0.8694231687773006, 0.4252149442010623, -0.25158617772311104, 0.28520686357401775, -0.016139723619723077, 0.9583300862916444
10, -140.09849369121218, 23.7816491485639, 280.3558985274513, 8, 10.804580404552892, 17.56143445196278, 10.783426108961374, 6.660502005581051, 0.08285872028450834, 0.9964562280102442, 0.014471286480817722, -0.7793103969800104, 0.05573786875547284, 0.6241543039549243, 0.6211358447486924, -0.06299425089795077, 0.7811670671003318
11, -350.0869106497752, 152.116914040728, -235.64766757849148, 17, 16.46620547982411, 25.08513592772061, 17.989840154915566, 9.893200907640528, 0.023013215702058762, -0.347753698025137, 0.9373034500165315, -0.4674577496527798, -0.8324918100210351, -0.297389708190213, 0.8837158164209858, -0.43130586798436094, -0.18171847470647423
12, 339.42048346091747, 155.78236719352824, -259.48759116720976, 155, 39.91338349761308, 66.11928028802912, 34.57085635161978, 27.817454068235232, -0.03277287816078549, 0.779359858962674, 0.6257189054957017, 0.15933694033785514, -0.6139740939207574, 0.7730766788863546, 0.9866801294750135, 0.12503608371932354, -0.10405911717531109
13, -245.18764132125037, -307.3968572412099, 289.15065119181867, 24, 21.058532080496715, 24.472106919595085, 22.837332815196483, 16.709657246852455, 0.29628324735139894, -0.9510119508989865, 0.08827517536778763, 0.1721454968758806, 0.14408437631719664, 0.9744771010170739, 0.9394584425317953, 0.27352506603342214, -0.20640221173026652
14, -286.380482922772, -226.04314680359374, -169.38423363371132, 11, 12.862894108456686, 15.731252476419499, 12.387511218014748, 10.921158777504074, 0.5934474105461326, -0.5607770242247111, 0.5773640965783791, -0.6224794395606952, -0.7745161887688116, -0.11244563423822797, -0.5102347677690093, 0.2926667087946808, 0.8087067944088231
15, 245.8429525184946, 344.1862530106205, -25.224192008964952, 136, 36.512233590171896, 47.960048986906294, 44.592219431847525, 22.760222171104658, 0.9174726122939447, 0.06192678508600802, 0.3929492066150996, -0.37999008729648814, -0.15582032943367005, 0.9117716591842443, -0.11769256241127958, 0.9858423292921104, 0.11942932022318938
16, -107.71185828678496, -218.64677467949187, -41.869178878901714, 6, 7.500608820244073, 15.892748800545455, 7.648463508065392, 3.4714932953569555, -0.8347012648125982, 0.5340502543881345, 0.13440284337847067, 0.05326298799520923, -0.1646231134072216, 0.984917399908203, 0.5481212025000228, 0.8292704964727021, 0.10896600869008241
17, -277.30611423531053, 93.31188551366897, -322.584261872976, 42, 25.537897899486083, 35.59531227571179, 25.973650895660974, 18.014807785035163, -0.7383457060849788, 0.010061439178198779, -0.6743473776530442, -0.040839225028885345, -0.9987208276168341, 0.029813858914704113, -0.6731848007827524, 0.04955275901510652, 0.7378121360272388
18, -225.31536972156434, 56.019476704005235, 6.843251332792375, 31, 19.627577017528665, 27.240197026993908, 18.869895085219262, 14.710259718579406, -0.9560314554298464, -0.13800861325160177, -0.2587614323987626, -0.12233196157718192, -0.6142443300276227, 0.7795760349097424, -0.2665309501828417, 0.7769540048788521, 0.5703540364522234
19, -235.42183316924942, 19.381653825754377, -1.4528609650165538, 13, 14.80496927931893, 19.070244898842954, 14.169212423279344, 12.009378982388833, 0.184124096003016, 0.5685871078575198, 0.8017524668183399, -0.4477460206306907, -0.6776299526077183, 0.5833876484279065, 0.8749981818726564, -0.4663971999348642, 0.1298146124766548
20, -353.2461363454237, 349.8439828687965, -333.2313834768678, 5, 7.918191001461624, 14.33909982634007, 9.986099367771743, 3.4670503532272083, 0.04860288180447337, -0.8690507932518492, 0.49232964427163234, -0.9260888460775447, -0.2238563373588168, -0.3037232118147332, 0.37416200909641023, -0.4411791687881773, -0.8156983094112129
21, -265.9245656086896, 348.9138128379399, 261.4130591880525, 17, 16.4229212578229, 22.435318247304863, 18.244655352661145, 10.821397085798823, -0.641824485607234, 0.33794592477257396, 0.6883704537562745, 0.599420418330318, -0.3387771778817951, 0.7252069951642448, -0.47828494829308227, -0.8780789119868759, -0.014863800329251265
22, -219.82885210152395, -270.64504111636, -355.44662724505184, 5, 9.639472611880558, 15.597894336533873, 11.028640461164652, 5.206811656624462, -0.06050138835998939, 0.9969656179938121, -0.04898100187552266, 0.9981664333491954, 0.06051842470544864, -0.0011364885027677074, -0.0018312131114965944, 0.048959951076233306, 0.9987990638006992
23, -345.08074256391586, 181.30091853431983, -93.00009249179914, 59, 27.53302840723986, 44.515898078058704, 28.153622100029587, 16.65376884279444, -0.06463707247515191, 0.39606334005401567, 0.9159453474564402, 0.5081343446190961, -0.7768961137164558, 0.3717955302458452, 0.8588489603419004, 0.4894550634711271, -0.15103709531804313
24, -239.1047776792227, 165.48683612774997, -118.8603766674613, 7, 11.086301783473392, 17.071728037797648, 11.213607074935098, 7.117660539855746, -0.4789133816350321, 0.686590249825008, -0.5470244982961288, 0.15442157026188297, 0.6793045369387911, 0.7174254837488202, 0.864173565627156, 0.25911228249468965, -0.4313523774498521
25, 297.91087853418753, 23.977939957871342, -306.1119631239884, 6, 7.793418392385592, 10.44202092757747, 10.05975828490257, 4.506214611234247, 0.13379468949921366, -0.15040954436069318, 0.9795284324750444, -0.9443512441589613, -0.3190630889745251, 0.07999670561626826, 0.30049909936176283, -0.935722028285774, -0.1847283872704098
26, -165.47224105685237, 64.7594331905647, -349.5369949918696, 21, 16.872858140185485, 25.179477156298457, 18.544058697862532, 10.287609345913202, -0.5196709664518441, 0.8479358033190026, 0.10462772135894022, 0.8325940869288159, 0.5300863745241757, -0.16060984389191887, 0.19164856649132028, -0.0036481493352959788, 0.9814568344905695
27, 274.2800305087593, 344.44257512740694, -114.36713338332187, 74, 29.917099682520316, 43.384926213278455, 29.97949326932715, 20.587106653694278, -0.6486922494737892, -0.06909098357034373, -0.7579081748219357, -0.7371832535467389, -0.19040383782810374, 0.6483110590068427, 0.18910107393370446, -0.979271573430788, -0.07258077781002611
28, 349.17175736260594, 114.90482891538356, 167.5611386581018, 10, 12.759330198782457, 18.080693174382287, 11.27981908585282, 10.185126317081874, -0.06814999148819881, 0.9911338291560547, 0.11405836822704053, 0.05688115850530663, -0.11027819308941628, 0.9922717641533632, 0.9960522639235617, 0.07411108440301045, -0.048861382515818966
29, 133.95601878080242, -285.28152369432877, 350.5016115507501, 6, 8.048632985647991, 12.562160756662982, 7.8145856429520055, 5.31124176490863, 0.501422098927059, 0.0962714246053924, 0.85983003640954, 0.775851904089179, 0.3898014075763737, -0.49609342423849256, 0.3829225791576902, -0.9158529769869866, -0.12076267186219561
30, -171.80794678696648, -317.08528230257247, 345.69106674312593, 6, 8.921260681347318, 12.216284864677213, 9.323962333265722, 6.233601388405779, 0.784195136367545, -0.44195777348577414, -0.4355586235548374, 0.14156325783955417, -0.5559965873779602, 0.8190406820506013, -0.6041505045328847, -0.7039468170817735, -0.3734448374165865
31, 109.15215526084383, -127.32234461915067, 295.7091460593475, 197, 42.91158630924189, 59.07596234950016, 38.00247867448457, 35.196621599424425, -0.2423578951544611, -0.5420269810869834, 0.804654834342049, 0.1933229687482153, 0.7857682249659451, 0.5875325747464939, -0.950730708671323, 0.29795141954284937, -0.08565086795663505
32, 209.64246510223393, 166.05227952026115, 67.38462458131161, 10, 11.59888565211721, 15.021011493500419, 13.157755011155977, 7.89528527284314, 0.657565496548305, -0.3010987104330211, -0.6906136288292846, 0.5720129086787856, 0.7960997937292931, 0.19755088136733878, -0.4903150518330198, 0.5249425539997199, -0.6957201053198293
33, -2.845432181866881, -12.941539080166613, -354.4354752794815, 12, 15.604802599607309, 20.961611871773943, 18.368723816159974, 9.86895521244785, -0.7969187238490342, 0.5982494667692694, 0.08377423881547019, 0.6028354482409661, 0.7786632274900438, 0.17399138053047833, -0.03885833144823202, -0.18915906974045024, 0.9811772910193074
34, -275.6091077097528, 57.07320000119101, 307.4424770202081, 135, 38.37491144156614, 68.62130896326828, 32.67080329626874, 25.207126906704236, 0.12232910320705977, 0.9921526714789874, 0.025858595972424816, 0.5169046427285761, -0.08593107106585277, 0.8517191094199534, 0.8472574466088801, -0.09082360652706963, -0.5233601930441564
35, 93.004319265381, 75.50771065206622, 252.6856340446385, 43, 24.05541339405148, 32.536262044644275, 21.911383231462565, 19.52544866599513, -0.8332907347891398, -0.5176842290495837, 0.19398347947161246, -0.5522231623143773, 0.7629402053818698, -0.33611281144190175, -0.026002505996226232, 0.3872018620890243, 0.9216282263888776
36, 293.7017618608171, 163.58005928474182, -334.04898933106614, 7, 11.386442762745652, 15.05007458912741, 13.431725785235324, 7.302872743831335, 0.01234849719324756, 0.24668359503923662, 0.9690173984792978, -0.5366607120914579, -0.8160571807899849, 0.21458321877209088, 0.8437077661812518, -0.522683347371637, 0.12230831396852292
37, -89.11846059639925, -286.75284351139777, 131.80868745554451, 9, 9.626814401535507, 15.81504151664571, 9.911758233219071, 5.691500265152409, -0.28841429765392657, 0.20907709299921615, 0.9344003221809106, -0.9430049635409292, -0.231215557255173, -0.2393345040322239, -0.16600852883500591, 0.9501716346356467, -0.2638466090133813
38, -115.37839837996482, -65.70644183901574, 288.1026760454293, 60, 24.45526473940827, 33.20215312792376, 21.50761480604969, 20.481351352353848, -0.5166611890406795, -0.1566625248112173, 0.841735153750184, -0.8534332344680391, 0.015404365283070875, -0.5209744905805337, -0.06865078327661929, 0.9875320545936729, 0.14165984295313136
39, 88.1107641823111, 313.51028707055224, -40.91482355006508, 41, 22.577756281792524, 41.99993701360097, 17.63311319275095, 15.540489976532479, 0.12653886380392723, 0.1116310790330258, -0.9856603969629365, 0.5602330301040475, 0.8119617207373174, 0.1638814084566395, 0.8186127704401187, -0.5729368780687968, 0.04020529593392482
40, 70.16930442414092, 221.9469645938347, 57.9147667685075, 7, 10.099383862646063, 14.793356703757564, 10.73558721949915, 6.486226411516146, -0.8031310219308035, -0.5547159778523592, 0.21741836520331995, -0.5932421463190143, 0.7107401750619482, -0.37803724602705535, -0.055175333648220436, 0.432595177352004, 0.8998983804233652
41, -66.69114508428846, 139.4821362970785, -129.07866985797634, 49, 24.941962323242212, 29.96751239413958, 24.962919696003645, 20.74176852585593, 0.7761818315642323, 0.609845164827671, 0.16009571913672332, 0.2174679834786996, -0.4972717268946032, 0.8398979139115462, 0.5918187564713556, -0.6170978079426064, -0.5185950779954708
42, 202.5476308276645, -19.246532845890588, 213.98463904015975, 34, 21.79945991668625, 25.651401217025704, 22.211893459132426, 18.181952837440363, 0.3776245294514053, 0.3443825283193649, 0.859534984130935, -0.4840751053944461, 0.8647370270711734, -0.13379524038419613, -0.78934847000166, -0.3655551233404753, 0.4932529216391611
43, 169.06714133124404, 167.74269223329676, -14.075188506259057, 7, 10.276450345140763, 17.482781488815824, 9.314865637813776, 6.664111579778291, -0.8424621008257206, -0.02777393783039878, 0.538039233745743, -0.12689700363699602, 0.9808025759779685, -0.14806571994534573, -0.5235978983344621, -0.19301532408690816, -0.8298134281435557
44, 140.55382572112396, -305.81876124225323, 100.04772406562029, 43, 22.454327433589135, 37.515342178021385, 18.916120696517964, 15.953617141760128, 0.11480962941872017, -0.7515515216010598, -0.6496068498498674, 0.6518409325744713, -0.43646363445018904, 0.6201636029492342, -0.749614666087302, -0.4946410882464832, 0.4397818165922252
45, 100.1186928185129, 277.06681830538355, 134.892935321744, 155, 41.72374827024988, 77.9697557389375, 33.470744753511845, 27.832896204551, -0.8737514839568183, 0.022346136678795557, 0.48585902735134046, 0.4826234759901634, 0.1636287811361461, 0.8604069981160494, 0.06027374807019939, -0.9862688640322333, 0.15375566049462366
46, -259.3792583091403, -214.66902954749594, -136.4099997353469, 6, 9.115411501427959, 13.319155161621676, 7.6809289563682785, 7.403522669782965, -0.7821861849922891, 0.10515838887545671, -0.6141062491591555, 0.6142089514226204, -0.03526212442791026, -0.7883552159865218, 0.10455685534451144, 0.9938301141693932, 0.03700767718349777
47, 296.56243326159625, 326.1975040527639, -208.9119290723684, 8, 12.775048816826182, 16.50727975057791, 13.079954382186722, 9.656193597509018, -0.8350124480717295, 0.5181562135177367, 0.1851171249728641, 0.0658226765084735, -0.23995189828097566, 0.9685507017026095, 0.5462797697357261, 0.8209367971435549, 0.166256393179823
48, -34.11029822719978, 60.76061721877643, -10.457806145961216, 8, 14.141548542534698, 17.451784432368154, 14.113372442821051, 11.48207194036749, -0.16915022020230455, -0.068804773271359, 0.9831856926240276, 0.9850052509379792, -0.04616763018528867, 0.16623238417252825, -0.03395377195718455, -0.9965613142692985, -0.07558232777394527
49, 246.37075532743592, -116.10214822327582, 205.15877582567677, 8, 10.069797191446085, 12.63753515620051, 10.89135820376539, 7.4185282190435204, 0.6523843843318018, -0.5291684801388991, 0.5425636688053334, -0.7041163628921475, -0.6880316831052381, 0.17559200024746763, -0.28038324234438466, 0.496581436091665, 0.8214573115759514
50, 15.923724643951637, -310.07305070992885, -291.55715881214337, 36, 22.265666073064736, 32.51354686944783, 21.387282693764153, 15.874027040363432, -0.8013772193779759, -0.23234046072805953, -0.5511918564081809, -0.5927018890973829, 0.18424369664398146, 0.7840655144229685, 0.08061651767731325, -0.9550246963066628, 0.28535733129175117
51, -48.67616958510637, -134.76488230708185, -321.9868631255851, 114, 32.32253235608559, 48.415053398624075, 34.63819166091601, 20.136338834879147, 0.1425795205527818, -0.6877830941509163, 0.7117762961205795, 0.7668800374595685, -0.37787435754065274, -0.5187542559432643, 0.6257524178658438, 0.6198107657288888, 0.47356998027917574
52, 246.67613211727357, -141.16497242295605, 277.39652179010307, 5, 5.758252876350914, 12.194442480986133, 6.699899865047018, 2.336909737277268, -0.26806989661810193, -0.38382997289711523, 0.8836362840178983, -0.9632311927701587, 0.12392584885366022, -0.23838635292414959, 0.018005549192893423, 0.9150502368130939, 0.40293779210513714
53, -155.6280867301462, 136.80254021259995, 16.634376055931988, 10, 12.03513416338379, 15.681146226093277, 10.868706357723282, 10.22815139870275, -0.6751082908562719, -0.7294924699095888, 0.10986142162893646, -0.0059756708116663615, 0.15432313998759453, 0.9880023582070642, -0.737694440114248, 0.6663520877205812, -0.10854403813636743
54, -314.32289915899395, -35.3211556007924, -220.79413201948816, 46, 24.79874625701167, 30.791650872211854, 25.58817862289433, 19.356054087375593, -0.8113892106659356, -0.2891553420941904, -0.5079731655838736, -0.5837986741332865, 0.35815956507607555, 0.7286294216024585, 0.028751641607513274, -0.8877561118251495, 0.4594153121326778
55, 250.964001628896, 325.45581291725557, 111.71823384355645, 8, 13.919101150900389, 20.313366557709813, 12.815241781793105, 10.359167679345314, -0.017857433705844087, 0.5677072393494997, 0.8230368171908298, 0.6787610017536841, -0.5975353799720554, 0.4268898829674775, 0.7341420942568109, 0.566268452301399, -0.3746670860489377
56, -257.58417295277917, 21.353645821038175, -195.0660496186125, 9, 13.716915057607036, 16.326763268621676, 14.100215930841475, 11.210977697064859, -0.8372122185410296, -0.26757384546795726, 0.4769485699182848, -0.0490344012689178, 0.9053449122590669, 0.42183671881288504, -0.5446754341971056, 0.3297799676573944, -0.7710861458449907
58, 24.188617646856457, -325.28702676885996, 291.0078456840406, 42, 20.816094858515502, 36.9285410819743, 17.877620916270047, 13.662365522462398, 0.45325669745875674, 0.7907327492283325, 0.41146091613491587, 0.7468942145134024, -0.08495812234744296, -0.6594931006262343, 0.486525845701118, -0.6062374425462351, 0.6291015535824181
59, 347.0442587755906, 162.2794614579451, 345.7736836401589, 9, 13.655040828636453, 16.757300159099582, 15.099805307867923, 10.062447153118422, -0.6393351300789858, -0.5316067278309021, 0.5555581683062608, -0.09325172315120356, 0.7707818024070207, 0.630237676759741, 0.7632527154070382, -0.35112633054658116, 0.5423611273134128
60, 265.22881076007445, -128.24157587902863, -248.89440753389187, 10, 11.155048220787691, 14.265772193603546, 13.004742313434539, 7.481993390113965, -0.3371686359079987, -0.9155989846603171, 0.21907946103853726, -0.9371711297225596, 0.30427755544827445, -0.1706617791567983, -0.08959678886255625, 0.2628567452804256, 0.9606657831348526
61, -242.40488928664064, 244.23404297754993, -15.260188688897353, 184, 42.36861780173039, 64.83650514386431, 40.90084449982589, 28.680123433850863, 0.19955192743580566, -0.11359486990173524, 0.9732806552010898, -0.41980228558716676, -0.9073988515781479, -0.019833435669323076, 0.8854067253372578, -0.40462764325570477, -0.22876057580118073
62, -232.29987077312578, 163.7848000200255, -336.23651111645233, 15, 15.53022619810435, 20.471516868753593, 16.08357614452702, 11.376291215324954, 0.09517771021060206, 0.24033999060270841, 0.9660113314015301, -0.6315561133821932, -0.7355291280907651, 0.24522189416856185, 0.7694661000516166, -0.6334300203235788, 0.08178221215047975
63, 288.28519684840177, -229.26459192666934, 315.7976674896858, 106, 32.47578681508303, 45.27377867535073, 33.70363958096554, 22.446854951206824, 0.18155150610177945, -0.9669446436781871, 0.17904498511334868, 0.7232162925279573, 0.007918551894904077, -0.6905762019922231, 0.6663311825618637, 0.2548633998791342, 0.70074774530337
64, -137.08941616803654, -332.4302567738322, 258.05906521641225, 35, 23.028163119881647, 29.764089009309735, 26.56585042012866, 15.44406332628168, 0.7685121007593109, 0.5883853924891513, -0.2513797543397204, 0.609466945154517, -0.5535706994232024, 0.56754693506716, -0.19477985971483439, 0.5893743382990941, 0.7840272288664307
65, 73.48673220639166, -260.17267284850004, -2.703319007862795, 31, 19.80207028779847, 28.730385370987136, 18.72685110848208, 14.431968896171917, 0.3879286722048815, -0.6682362001480308, 0.6348005404007455, -0.7039602616720652, 0.22975655965417843, 0.6720504990567848, 0.5949380600263843, 0.707582012283803, 0.3812825731979453
66, -67.31786189028276, -303.93446058706047, -328.6174862087168, 33, 24.054109098346494, 27.07627961433944, 24.988115820662557, 20.570522759558283, -0.5320451733537823, 0.30680954880417804, -0.7891741469875458, 0.20715438137672293, 0.9508830790139642, 0.23001833040292743, -0.8209841629333491, 0.04110073974393405, 0.5694696948961637
67, 195.372195195127, -334.69241171290895, 121.30903595813737, 6, 6.994285365730527, 11.994680268177127, 7.517434035836643, 3.79465013796158, -0.8704419511635496, 0.4762061278831174, -0.12473385034208138, 0.4486432365638667, 0.6631221256716124, -0.5991563174416679, 0.20260813394355873, 0.5774917923324369, 0.790855975414347
68, -234.6409952905979, -42.78603085402889, 110.5675050831475, 16, 13.884121483272557, 17.062970592860623, 13.672648757722198, 11.472231854989477, -0.8826681422520897, -0.45635921925124334, -0.11239756962514934, -0.44911409293486576, 0.7484834376642886, 0.48792322661412785, 0.1385405434540272, -0.4811536205274186, 0.8656198422360821
69, -40.38149189022552, -74.22290998853317, 342.4438761211086, 33, 20.523630467000753, 22.855508616996186, 20.889796716636567, 18.10662283777858, 0.42572978260914857, 0.8220685855573064, -0.37809706801213944, 0.5340517393360519, -0.5655961986200465, -0.6284024823460601, -0.7304402041999761, 0.0656062553904931, -0.6798183046534821
70, 60.21380138674874, 237.7248374062595, -9.374946612593765, 103, 30.603591865154982, 51.99318707348281, 30.937887745540667, 17.81886779218295, -0.03761592289946281, 0.9974720463159188, 0.06028730515419645, 0.9179496688415272, 0.010649278664873727, 0.39655390344522945, 0.39490941723153794, 0.07025745285911947, -0.9160297170395705
71, -172.35663344095823, 139.5355923158393, -9.473654765140349, 12, 12.899842812161824, 17.599755025092474, 14.24208435404205, 8.563929402731686, -0.10547038672986664, -0.9923013232288567, -0.06491595675419587, -0.5956581396621476, 0.11531489747475943, -0.7949175146357106, 0.7962834785283959, -0.045172539652380335, -0.6032346670111658
72, -351.54257624597346, -80.28416656801858, 189.9964464493542, 16, 15.114796322745397, 27.80163800857038, 12.23029581220748, 10.15545888337448, 0.20465770410055045, 0.5856156935518954, 0.7843274084322339, 0.7788164844872293, 0.3879550220285822, -0.492885163474978, 0.5929250438657863, -0.7117198608641854, 0.37668917160998927
73, -83.4514931729907, 116.08808289403532, 230.11641976274242, 47, 23.41262104373593, 31.68247277837946, 23.648994442974903, 17.12846156446749, -0.08880436697414838, 0.5455231278833819, 0.8333776462988747, 0.7328865295411586, -0.5308200635227874, 0.42556714508850463, 0.6745302952599221, 0.6485634719177414, -0.35266741226057097
74, -173.52049629853502, -76.13129721100869, -100.06317313907186, 53, 23.98812176672282, 28.589417349145158, 26.19966584096357, 18.42840199542462, -0.7253316868183766, 0.5819068571633481, 0.36780205774775543, -0.4424909599644749, -0.8033953448234563, 0.3984440616519679, -0.5273477926823307, -0.12625501773107378, -0.8402166244789492
75, 166.11740164346034, 116.14343107942597, -54.19826889477601, 34, 20.682843773393778, 24.013087576240327, 21.03307782449446, 17.51781441676542, 0.04662207322955911, 0.6008368584732546, 0.798010934629199, 0.17524752584566308, -0.7914091285218997, 0.5856277793762696, 0.9834198935209474, 0.11254626067620793, -0.1421923072288083
76, 101.3949331135429, 161.08468734368049, 279.69000581850605, 16, 13.606345283631237, 16.641526600321125, 14.290671274661182, 10.592017027313664, 0.6042894445844317, 0.1583726219900514, -0.780866428890265, -0.15546726704239153, 0.9846456292974612, 0.07939089106299457, -0.781450059851689, -0.07342409215920143, -0.6196327191557826
77, -45.57234766345891, 1.6398205001507082, -335.3237308078292, 8, 10.959927323500336, 15.278212727313205, 15.1577040412794, 5.684824307898269, 0.5971915635409458, -0.05710129297595045, 0.8000635467111318, -0.07311500730662104, 0.9894347494012631, 0.125192141861271, 0.7987593080159211, 0.1332603430047178, -0.5867071235635303
78, -204.89424662442016, 61.027809340459356, 42.247749211983525, 6, 8.050998326083363, 13.776937326839835, 9.903165227560557, 3.824921278481464, -0.904156433970468, -0.341202370376299, -0.2570643603446456, -0.16478046124601392, -0.276629722924997, 0.9467435745681035, -0.39414279455719786, 0.8983634781334526, 0.19389305984126382
79, -124.36624739413494, 266.5400104287281, 206.25410458505104, 7, 11.225289917814216, 14.487334089661601, 11.212565237360197, 8.707615444407981, 0.43017758344624996, 0.8994035019515486, 0.07759244407566607, -0.44065964697570065, 0.134190944793007, 0.8875876665788067, 0.7878872522306702, -0.4160121765199314, 0.45405676601010325
80, 245.4223260693058, 90.55332387637469, -116.07538286284709, 9, 12.328765200475546, 17.35064881954001, 13.974929188867012, 7.728467929562783, -0.2666669133788968, 0.00798344575605324, 0.9637556857953327, 0.4594338693959149, 0.8800912410844287, 0.11983291291780986, -0.8472362580537202, 0.4747374768862575, -0.23835908012660315
81, -12.276984176139566, -193.9950616074577, 55.02949912659, 16, 17.633008403799625, 22.008354027151366, 16.194180394905707, 15.382704847459419, -0.901475797822735, -0.38726354008830244, -0.19330891458528066, -0.35734110804569896, 0.9179119529537318, -0.1724673277039399, -0.2442308711865414, 0.08639790010725776, 0.9658605926408423
82, -134.33640000123208, 186.14335472856152, -223.13062950916205, 15, 13.971081352256842, 20.177005992729317, 15.47192193165983, 8.735526312039207, 0.43643321748001934, -0.34150640877578187, -0.8324058021452679, 0.10769788342733971, -0.8986856316704934, 0.4251650283528475, 0.893267716076938, 0.27520448432769895, 0.3554367443309935
83, 29.21506275886618, -326.12431599184686, -247.97425952553212, 152, 39.83260060079529, 64.02557101978556, 33.65000435224265, 29.33441284156899, -0.12502243620106085, -0.3587428747362523, -0.9250259132977418, -0.9907340122968149, -0.004721609184927774, 0.1357343850502138, 0.05306135434199343, -0.9334244780552277, 0.35482846058725226
84, 349.52240073752773, 53.015881572317454, -193.45139489783332, 22, 19.393004138721587, 24.92769080444723, 17.54668133430631, 16.67470780224388, 0.22958333527765454, -0.6377771488198973, -0.7352086782716528, -0.7518011938391284, -0.595948112832338, 0.28220703703776834, 0.6181314238128064, -0.4879407292435618, 0.6163013772825872
85, -157.8505985771374, -78.43058914556697, -218.819300067753, 12, 13.392492913210148, 17.68253530019505, 14.480853317609405, 9.380923352242826, 0.9357446651273351, -0.11397239435476547, 0.3337547228291658, -0.2779785190807702, 0.3440586063342284, 0.8968565204853061, -0.21704806982646357, -0.932005348017054, 0.2902691279695731
86, 254.99604649431868, -157.23239032678057, 329.0664143685969, 14, 13.597450304703388, 16.21988668316194, 15.527808805229318, 9.981928392940851, 0.54266942092122, -0.6103812061421847, 0.5770135897753533, 0.6588807431343571, 0.7354087646717816, 0.15827228175091654, -0.5209472774895219, 0.2942936153441584, 0.8012522711630337
87, 126.5742201780016, -109.14363090605357, -249.19184113500083, 41, 22.043403261001302, 25.05511565045061, 22.564164027941942, 18.94611971757683, 0.6131525479445474, -0.37060903759000435, 0.6976337822996533, -0.596131029991851, -0.7965354569029032, 0.10079216724199533, -0.5183355554367879, 0.47768211935668425, 0.7093292922310082
88, 354.6828090261474, 231.4306023691081, 0.6983947935492363, 10, 16.384542377219752, 21.957786763254152, 17.33270323149241, 11.557079042053017, -0.022206975231047914, -0.5650260081931017, 0.8247741874697926, 0.46691260828712705, -0.7353418868944479, -0.4911872612365116, 0.8840245847676406, 0.37418968377533135, 0.2801474863041217
89, 180.07142940748864, 221.25035243042734, 262.51107638750403, 6, 8.931995192278153, 12.4952571116898, 11.165428189029234, 5.10769389786913, -0.08177940689314757, -0.5542838917606284, 0.8283003657749385, -0.12925594682607236, -0.8181667429092018, -0.5602642956743215, 0.9882332866374723, -0.15288082983827486, -0.00473529826514742
90, 260.33303298283045, -274.56927278292073, 109.87662820687368, 34, 20.707044102063037, 34.84135641003648, 18.335464973016233, 13.898481181831922, -0.9361315234231216, 0.19621385557091425, 0.291818254630347, 0.34981422883834545, 0.4349301756608491, 0.8297383609318401, -0.03588559816610749, -0.8788264135661934, 0.4757902464980159
91, 214.1174664827931, -17.022164917492116, -215.3560572386175, 12, 12.536853907971034, 16.37955522576425, 11.587688679319395, 10.381659287631658, -0.49840286589203425, 0.8527406747553034, 0.15629435334802394, 0.14176304658933683, -0.09769149181493293, 0.9850683281116506, 0.855276459334826, 0.5131176415256476, -0.07219739651012799
92, 254.54765404998426, 45.91868852150681, 311.7856879461246, 141, 37.26097693720993, 56.6316948892091, 36.095921098537794, 25.307254000669225, -0.456468615234451, -0.7824455092136952, -0.42357458424374805, 0.10342083036476914, -0.5194990881522139, 0.8481891470984995, -0.8837083993900956, 0.3433652902090415, 0.31805619366246585
93, -78.25151284179984, 338.2128888456657, 281.6500668221304, 75, 29.70294738253388, 42.47367160669665, 26.538158648381746, 23.24920178108489, 0.7890878585744784, -0.6019373684624212, -0.12252247099564767, -0.4192907979612795, -0.673553784687552, 0.6087039722870785, -0.44892714129949507, -0.4289483693658353, -0.7838799131391582
94, -252.280464382618, 147.46788675169512, 263.2293010811189, 10, 9.74877578059689, 12.635630298535972, 10.196602025158905, 7.191142021104591, 0.6470789972167478, -0.5340346012441587, -0.5441468699119387, -0.45484856822166614, -0.8431836585126102, 0.28662536175989434, -0.6118836093144415, 0.06203517301726634, -0.7885113099766228
95, 59.21466622570517, -339.1272981357394, 333.43963756146394, 13, 11.946150035536146, 16.64827457243468, 13.5962777352824, 7.531728169128864, -0.6309942290020617, 0.6784213661853301, -0.37628544068210223, 0.527128358013836, 0.7308054780568715, 0.4336577537871365, -0.5691941471446545, -0.07528481351041107, 0.8187491799757555
96, 8.883167356530182, -5.7201476481501485, -76.67232845795029, 12, 11.283052548668307, 12.710173450873274, 11.19539191604039, 10.094598582156602, 0.428487989279634, 0.1174081395613468, -0.8958869190962884, 0.24458964253373214, 0.9394301246517287, 0.24009778770754728, 0.8698125946480174, -0.3220036795777052, 0.37381771029487393
97, 292.48543651071464, -124.58999139943795, 2.4059043479578515, 13, 15.472819497778511, 18.725925271785552, 15.483302673087643, 12.776193714419218, 0.8689430406424047, -0.39221591405110784, -0.301835499708345, -0.2529221118244311, -0.876144958313543, 0.4103661991100509, -0.42540380518914267, -0.28024398082173696, -0.8605201413934387
98, -115.32163687595397, -117.57396870795203, 16.69592791106662, 6, 6.388568410240976, 9.22627534518955, 6.0180763595627855, 4.695983299397553, -0.24120216108671336, 0.947026594035837, 0.21204279680286506, -0.04680342908038861, -0.2295910869455876, 0.97216118613194, 0.9693456331533229, 0.22456304901747637, 0.0997019583687215
99, 128.97721618919184, 261.42626562110377, 63.83193965830179, 38, 21.989856760094348, 26.157437808005795, 21.993780774700614, 18.482984868553274, 0.3329020650079464, -0.9052045327108638, 0.2641608772569317, -0.9030108243330585, -0.22535510807223766, 0.36576840541944067, 0.27156521546540996, 0.3603051890071221, 0.8924306721105945
100, 166.18669973318612, -279.16739503376516, -136.7349297375604, 25, 14.283739885214308, 17.032338901289776, 14.347944157413316, 11.925094545414673, 0.05331426933923637, -0.972316430661865, 0.22750460951328916, 0.9342066477787951, -0.03190973632629822, -0.35530227690445854, 0.3527258537883632, 0.2314789998953619, 0.9066432289918199
101, -111.71983098577779, -71.99880019775291, -299.18148284724157, 15, 15.608354940839458, 20.64264230788903, 14.848584405982004, 12.405693820997975, 0.3130872843646067, 0.9136633290458187, 0.2592212829343069, 0.8386902704086864, -0.39405272824224064, 0.3759269579142356, -0.44561752960470546, -0.09970841750704483, 0.8896534430817655
102, -201.98479190905948, -341.62747920470724, -108.98611265923098, 65, 29.279056695744714, 47.87505956165768, 25.9981861859711, 20.165958309006335, -0.8844348665357799, -0.4092464204993718, 0.22425952413284148, 0.04710283973703997, 0.39981796313114415, 0.9153834818513877, -0.4642803994834843, 0.8201603280250237, -0.33433627830276175
103, -349.06264113128475, 125.4546790540054, 68.63177926690254, 76, 28.352536612903826, 46.00101431556963, 30.311547818447558, 16.34557634089614, 0.05373938357205715, -0.9951987510042035, 0.08180173991406797, -0.0564008384721963, 0.07876420662075227, 0.9952965111839971, 0.9969608939536838, 0.058100307702085026, 0.05189730409177825
104, -207.08970549065486, -287.486282635198, 41.88331193385952, 113, 31.90620715079093, 39.71078186802785, 35.25814787801918, 23.198377357815293, -0.3988252306746686, 0.3643999295622017, 0.8415171577052721, 0.37853587740616307, 0.9012476567756698, -0.21086310884721077, -0.8352538685295886, 0.23444690761753947, -0.49737875167213347
105, -3.6391180694635716, -193.0767003144392, -107.93204729614095, 43, 22.47516047958996, 30.62407661522272, 22.39802277413241, 16.551437549579617, -0.37908344139651334, 0.6220521849298306, -0.6850889166254259, 0.18913466773949805, 0.7768020662544668, 0.6006718133239318, 0.9058276999065802, 0.09813067352675775, -0.41212443387299824
106, 293.1710274954741, -329.9003765839276, -157.8467789372919, 10, 13.480226798727244, 22.626686440995307, 14.113683340719243, 7.670616485742605, -0.8843995436203573, 0.08301905854658027, -0.4592877999273911, 0.45519018976758485, 0.37089682796389145, -0.8094673768260668, -0.10314716856731394, 0.9249558794474267, 0.3658104463956482
107, 8.444438598696598, 165.06992743611966, -334.14184580678653, 76, 30.352277071216246, 38.93670379129461, 30.454739093977338, 23.580866931372693, 0.10343266767368653, 0.3345262333539721, 0.9366930566924838, -0.8529242820309441, -0.4546440165151866, 0.2565521143333988, 0.5116853060035074, -0.8254641224456352, 0.23830050393390761
108, -117.4573818798376, -126.729946707286, 221.99489079647847, 34, 20.3219300185366, 26.355011610064047, 20.383780425781104, 15.622369664929177, -0.386029274765844, -0.8686375562004691, 0.3105643169809332, -0.9215859461469995, 0.3482679874671937, -0.17143148126843694, -0.040752213290768356, 0.35238928029045913, 0.9349658027159475
109, -267.504799781029, -47.438187953269946, 71.75726645536344, 31, 21.143676500995717, 34.479029318032495, 18.20716075606376, 15.057201382722068, 0.785174842729204, -0.5575175202626264, 0.26958241957772716, 0.3549290674488561, 0.7618628165034322, 0.5418398341847365, -0.5074700221934849, -0.32975636980909057, 0.7960746906825227
110, 172.5936815706199, 354.84781863587045, -89.3306218348334, 5, 5.257090659811115, 10.225239431940912, 4.676992465478102, 3.03805927732275, 0.12884314607841585, 0.33682961667395905, 0.9327085573960872, -0.8435721388065642, 0.5316851904651559, -0.07547784356584095, 0.5213305001032806, 0.7770821498215634, -0.35264407281387916
111, 146.77002049570524, 129.00925667834184, 231.66313022855607, 9, 12.73323129333076, 19.264417237344418, 12.5236038017838, 8.557180407504, 0.3851436295458384, 0.5876868153150612, 0.7115395925211042, 0.7925325305210982, -0.605653318539051, 0.07124777756856318, -0.4728176949798752, -0.5364776461768705, 0.699024436244143
112, 82.01838292913922, -288.31671510346143, -162.62422474504342, 57, 26.79256263261033, 33.047465143451475, 28.094172227662593, 20.715163728401965, -0.07324354613152435, -0.9916826447734073, 0.1058343753479905, -0.431711654526338, -0.06413556739214385, -0.8997286681780343, 0.8990330529497853, -0.11158925150079489, -0.4234234389512241
113, 293.5928650642599, 341.65887092777524, 122.60449675332944, 95, 31.332634776314418, 48.26077474033045, 30.97318735089399, 20.578350516180404, -0.5740561748672495, 0.29673232318983034, -0.7631575436770236, 0.7932261914677463, -0.029654729999567614, -0.6082045759102992, 0.20310518768942354, 0.9545001442446296, 0.21835236973897357
114, 169.4791226617249, 95.30500899350952, -301.4609889065545, 56, 25.81147966863368, 32.309307904588835, 25.463900974157134, 20.901916719656864, -0.11367100909762246, 0.8120348027748951, 0.5724319879016768, -0.6538418529773778, -0.4949523580451661, 0.5722875104007064, 0.7480439378711903, -0.30922749287194196, 0.5872040741226989
115, -130.62402503992615, 55.00122568178954, 296.40158354090687, 15, 16.12564070058032, 23.312196113097954, 15.563411571672198, 11.557474568363508, -0.28358978554098424, -0.6392632801645922, 0.7147861863312867, 0.22618052161701235, 0.679767290798389, 0.6976810173723194, -0.9318901250565299, 0.35952592256167687, -0.04818615805706118
116, -353.5057633551108, 253.83634434896715, -310.37630110425766, 17, 14.400687051429935, 19.25479201192074, 18.07265583550145, 8.582006276753894, -0.18361931016334876, -0.9167878524126283, -0.35466037642197473, -0.05257108582976555, -0.35111987560112035, 0.9348535253677622, 0.9815906630922154, -0.19030204052109972, -0.016275856465647828
117, -236.25782183130494, 41.077892181623376, -106.32552630251375, 6, 9.693875477780374, 17.933430546091905, 10.429517775678782, 4.8704008477119975, 0.7387519776454569, 0.05824712182792739, -0.6714557232786752, 0.37833190467565814, -0.8603264258852942, 0.34161880924200333, -0.5577727901479369, -0.5064046936218097, -0.6576045930864431
118, 137.45079222193579, 170.65842417373918, 291.37657217179964, 11, 13.68157953658924, 16.185257720426552, 15.045496556787642, 10.516774788003849, 0.9453233875203343, -0.31501316908896504, -0.0844416739981327, -0.20146114344767974, -0.767647017772999, 0.6083843059982516, 0.2564704674769263, 0.5581081968621744, 0.7891375925067943
119, 197.67008911263304, 65.0218655686868, -351.29721522655615, 32, 22.93444059880739, 33.43287134937769, 26.93250491909526, 13.397199659992854, -0.8260545978481458, -0.5355577135139278, 0.17553272307370998, -0.5355349570930626, 0.8429346566062379, 0.051608859931754444, 0.17560213866940627, 0.05137217328338146, 0.9831199259026707
120, -286.6130265777786, 246.63223173993697, 146.58638114755857, 7, 10.509965620006396, 15.007688148201328, 9.57717441565706, 8.07704853780328, -0.8924194626093316, 0.23831331130078892, -0.3831374014801022, -0.09029459534360676, 0.7376375837463488, 0.6691320356227033, 0.4420796181773215, 0.6317416882727469, -0.6367637320784635
121, -202.24212763289628, 62.64202918105747, -291.3749531551939, 117, 33.487697349388014, 48.3310634183944, 34.1486541083697, 22.753903686200363, 0.8124961323619998, 0.46451567559892837, 0.3522431291305241, 0.509708297032848, -0.8592956013161833, -0.042526715068685675, -0.28292664567457376, -0.21409403700600987, 0.9349418465796702
