# Void_ID, X_c, Y_c, Z_c, N_particles, R=(abc)^(-1/3), a, b, c, vector_a, vector_b, vector_c 

0, 130.13892752810094, -317.026619819694, -37.04050061760462, 153, 38.82083144059417, 68.98597910113551, 31.2888296960764, 27.104683840974808, 0.29801095301727926, 0.6755443213741239, -0.6744103659797255, 0.6480629512659708, 0.37555203268862275, 0.6625519465973092, 0.7008593889491493, -0.6345081091701015, -0.3258766274515676
1, 189.19002506934922, -7.4207928427356515, -300.97825958552903, 42, 23.888449092760908, 30.76204866442142, 22.51302484688333, 19.684063596163426, 0.12548461247652995, 0.1256140445378113, -0.9841111338901047, 0.3461152511038478, 0.924084693489279, 0.16208550895174353, 0.9297622518606229, -0.3609551094993354, 0.07248147309062032
2, 96.514683820009, 353.54128890271073, 184.80728706364596, 18, 16.66451959094031, 27.216616353239953, 16.517848643643553, 10.294156842347386, -0.2414912951542581, 0.020021907837521943, 0.9701964118523962, 0.9702130138987636, -0.014800362935406552, 0.24180086211272683, -0.01920057359029912, -0.9996899881780981, 0.015851356733020874
3, -149.60838132452997, -49.65695675691507, -1.499645521127568, 7, 9.620318773373459, 11.873243501116827, 10.418884838223226, 7.197435408907223, 0.06278112656494454, -0.15924720610681883, 0.9852405074368435, -0.9746528759337049, -0.22218377856119978, 0.026194273771684023, 0.21473309381973393, -0.9619120000766391, -0.16915969533894662
4, -29.19841808277114, -146.66420069457612, 48.47179657786632, 24, 19.185931305394327, 24.205372343201827, 23.974072233126883, 12.170126104591725, -0.32217681011883254, 0.7125897932730022, -0.62323181044038, 0.26803069347447417, 0.7000584097369755, 0.661874436968319, -0.907943638326328, -0.046195340453964326, 0.41653852179971623
5, -312.4437245057916, 273.7696719101045, 186.73521856168952, 142, 38.17803353660769, 55.169104183782224, 41.2415239746038, 24.457385449450587, -0.9722840445449011, -0.1528719140882602, 0.1769008609543786, 0.10085624113994725, 0.4083705598071948, 0.9072273719999188, -0.2109306884892041, 0.8999242544602015, -0.3816340929315942
6, -114.90578208554409, 57.65431451011072, 70.34749137861989, 5, 6.986719433711248, 16.042888953798776, 6.653184398731189, 3.195271552928115, -0.4691846171743751, -0.810025016573211, 0.3517460270315847, -0.8496297811178386, 0.3054305670675261, -0.42993185941316714, -0.24082157304649582, 0.5005713148257488, 0.8315247012140002
7, -95.92788308877297, -9.299713030847421, 125.55448220495803, 11, 13.610301121754524, 17.296728668141363, 13.087329610661548, 11.137512088703085, 0.7411744656348446, -0.6435436849276279, -0.19108096995952406, -0.19819113959064893, -0.48171570757656695, 0.8536218420716326, -0.641389650429957, -0.5948121574613099, -0.48458003844314473
8, -130.00678479256146, 29.361537151063978, -39.32056347213421, 295, 50.84022935014935, 86.2880574595234, 44.69845968570786, 34.07055855880123, 0.9005933713910986, 0.43465527355565653, 0.002524396298540263, -0.18755295578966638, 0.38335204595092903, 0.9043589429202302, 0.39211665124166073, -0.814933127339596, 0.4267651927975519
9, 181.974988383705, 186.28144136987672, 350.0009111854267, 26, 19.81348724161497, 31.206302734197752, 20.454910263604397, 12.185486219449261, -0.4743997756860734, 0.8779489470860831, 0.06442436759054312, 0.8624174048471448, 0.44883147339120294, 0.2340652223424015, -0.17658163167702123, -0.16660118488150086, 0.9700840028318996
10, -169.09732453049625, 99.83055876638144, 351.572197731101, 20, 16.210409095603495, 27.516110611829838, 15.837503763269892, 9.774806019936708, -0.3112915872516241, 0.8749298404528199, 0.37093843423345574, 0.9206773013112076, 0.3743811572493886, -0.11041764327733387, 0.23548005129241115, -0.3071425131462784, 0.9220697490220096
11, 302.4556575210539, -18.645468051337264, 308.24245007002855, 33, 23.771747269977944, 29.518436323115875, 25.335334628500096, 17.962356865560206, -0.9543935822040932, -0.18018755237649428, 0.23804481976343658, 0.20179488754191927, 0.19828328084617206, 0.9591467895472632, 0.2200266202294241, -0.963439767969667, 0.15287936382969058
12, 177.415920521509, -350.88010401381956, 337.30913903863535, 36, 22.143126617376378, 31.812434969759092, 25.32522634870645, 13.47617315811844, -0.9824410214376621, 0.05707570299349047, -0.17762883640986357, 0.1718763029257298, -0.09350812081440564, -0.98067057049467, 0.07258220091114652, 0.9939811846657648, -0.08205625290821358
13, 319.58372358596415, 241.21186002341204, 306.0569323709928, 37, 21.547696891273894, 25.216525318341933, 22.631642725153412, 17.53078047743548, -0.3288427384854773, -0.08128797855853401, 0.940879757401146, -0.8520035485753341, 0.4552983169786284, -0.2584441830869227, -0.40737256481065565, -0.8866203850004208, -0.21897919157146783
14, 172.08038216148086, -4.848279014068281, -40.16106104476374, 15, 15.988764290178338, 18.832557062137187, 15.274396696130143, 14.209256128340558, 0.7874516142010158, 0.5983220139931528, -0.1480902524253102, -0.35065946352003713, 0.6324530380874622, 0.6906816164179981, 0.5069101458207895, -0.49194910527931296, 0.7078334421873761
15, 65.49517409550464, 127.29872684756346, -273.2446842840928, 9, 10.582210585004999, 19.425592934209153, 9.227121205689002, 6.611327787106728, -0.6651330269163248, 0.3968273756338655, -0.632555207434629, 0.1396011976800182, 0.898252143054372, 0.4167188417920799, 0.733559515043893, 0.1888680000576238, -0.6528547437545368
16, -344.07343385909377, 176.9321130818146, -104.33053628290342, 47, 27.682007145620446, 54.612661454792885, 21.452410081002483, 18.106032572224322, -0.12978625436202906, 0.5561107125150353, -0.8209119341346515, -0.38790581173759436, 0.7334522051156699, 0.5581907774508275, 0.9125155392643342, 0.3908820004003463, 0.12052656289857923
18, -339.7780954131729, 307.9059711923515, 3.8683255211984373, 6, 9.619221210830913, 18.15299145123878, 11.285444808286037, 4.344630556357178, 0.3384519266785582, 0.09998791295153261, 0.935656299391592, -0.37467058039011547, -0.8977991203957515, 0.23147072300130908, 0.8631756770887984, -0.4289046009081876, -0.26639931269070977
19, 178.79404562575266, -113.0015136631822, 58.45396040921614, 17, 16.241002000115184, 22.12606810278054, 17.438395258970086, 11.10267679772185, -0.7030301086926929, 0.7101219686945532, 0.03841166292823429, -0.5317246795781775, -0.5607459278314301, 0.6346911607608485, -0.4722473201607665, -0.42578256657341, -0.7718106468578508
20, 37.495250207151706, 206.33893151113557, -210.36854343811348, 10, 12.933529658514157, 17.502313945553215, 14.486221516181123, 8.532977458250391, 0.8511653642913332, -0.37998576021089653, 0.36211647942029523, 0.12077034762587273, 0.8131439207399246, 0.5693957211799445, 0.5108150798137495, 0.44091698334340734, -0.7380109538714328
21, 335.0886663500397, 102.57657655096284, -292.82248754773366, 20, 16.986868734463172, 27.32834327262518, 14.11084257250818, 12.710825058387897, 0.004122344235248612, -0.8377418923640964, 0.5460508475006967, -0.49031479445587517, -0.4776041854140169, -0.7290306196674502, 0.8715356611267836, -0.2647314938824542, -0.4127260926220494
22, -240.05029521997434, 90.97447747492015, -309.1451186393395, 5, 2.4021966797895464, 11.232387972743268, 5.631834818573565, 0.2191309304647027, -0.6230397063427056, -0.780791359279313, 0.04675871678263036, 0.012222996154006868, 0.05005331719895441, 0.9986717497768725, -0.7820947018650714, 0.6227836853291386, -0.02164159426756199
23, -73.12024299704727, -154.3618980824588, -228.32607718655552, 49, 27.03846081833391, 54.35403344453184, 19.5755672991726, 18.578034388277263, -0.5079410658386252, -0.8534551351486582, -0.11666278722500628, -0.8436392381577688, 0.5202436392625417, -0.13273805651525056, -0.17397904895504554, -0.030998195032160145, 0.9842613486414298
24, -15.963643591848973, -240.39386677295403, -19.473702813908165, 5, 10.477990840080663, 14.566629793748207, 13.971199021077847, 5.652509242960058, -0.6163283716429376, 0.4870472031000619, 0.6188088236768866, 0.7796625947649146, 0.4879113496872507, 0.392515927282965, -0.11075006380317473, 0.7243807954375738, -0.6804460938008392
25, -79.33425046245442, 275.3994963739234, -221.77487770849743, 49, 24.546373495048933, 33.36834482295299, 25.015600729424047, 17.718069992737544, 0.6642978549875281, 0.7472825324157134, -0.016648621724555977, 0.5526233380453593, -0.5060092643787619, -0.6622401910262382, 0.503304883849315, -0.4307243214739816, 0.7491066364571908
26, -177.6193804079898, -36.36121695483488, -89.76749365041663, 91, 32.997809297695945, 39.97962671795895, 33.38410216852392, 26.920113663466193, 0.6172894933148314, 0.6045905066408477, -0.5034123565456868, 0.5880422725814908, 0.07051462726766805, 0.8057505650004209, -0.5226470770035099, 0.7934091041959784, 0.311996836968938
27, 203.8919064825698, -121.60584513006597, -38.77693081924137, 10, 13.436780811555954, 17.72122164586273, 16.45812504409683, 8.3178614705143, 0.5081837230286426, 0.6601643373334216, 0.5531115180159173, 0.760101147312437, -0.04180968622884184, -0.6484583224786021, -0.40496363972962474, 0.7499566639817067, -0.5230386722283202
28, 269.52242465483636, 15.9833407064775, 210.54836049035742, 51, 25.295574763306202, 45.705485065607, 22.482837777692435, 15.751220320620144, 0.7964838793218821, -0.21184590716105445, 0.5663344785543922, -0.4481402669763048, 0.4219752098555404, 0.7881035613304757, 0.4059356243233298, 0.8815090662531403, -0.24115977073041286
29, -350.24706280026186, -258.9848515410173, 85.49043709130142, 10, 12.463659967470637, 15.796065440292129, 12.39147998326769, 9.891557328172219, -0.24566600636220323, 0.552581081448619, 0.7964310150559938, -0.7452717000318902, 0.41770908435259807, -0.5197010813736008, -0.6198534556244917, -0.7212303857120749, 0.3092061194025566
30, -221.23696970699106, 103.71643498965885, -154.29394385032975, 33, 20.16915954848395, 27.393241849545483, 19.059266740010074, 15.714978256326052, -0.3979765667028618, 0.5713553911595046, -0.7177518159840295, 0.010108233652400895, 0.7850633806334956, 0.6193329573022381, 0.9173398911896458, 0.23922480093267304, -0.31821222266105975
31, 316.26416640327733, 267.6010394698847, 96.7924631291241, 79, 29.588774806990042, 41.614718701904856, 28.962857887641427, 21.492778897356892, 0.02058942450276755, -0.2512015081925543, 0.9677158042940246, -0.2295408145565506, -0.9432531648571302, -0.2399676674881906, 0.9730812350730847, -0.21718947780404468, -0.07708203863317542
32, -139.5306726996914, 239.95714840463825, -166.90756330721402, 9, 14.461695089728039, 16.528060231714633, 15.365081525550927, 11.909700663686593, -0.1546330603440167, 0.5597270496633365, 0.8141217639418691, -0.5551883027193362, -0.7308480100276491, 0.3970228390939848, 0.817223693472152, -0.39059802369418584, 0.4237671751255995
33, 239.67969458250883, -131.31948779958475, -144.13089475369117, 55, 22.753050630231826, 30.603714884641285, 22.022078406702995, 17.477787220830493, -0.3683373217223807, -0.900744658383323, 0.2301883529205908, 0.14025081544065304, 0.19092649464522904, 0.9715332122015785, -0.9190524066638502, 0.3901360455487247, 0.05600481915860759
34, -48.07134388709754, 131.42530128438196, 272.23002278656116, 7, 9.392170096714906, 11.205187395893885, 9.1266619281245, 8.101524693852069, 0.7922770178394053, -0.08724913695537179, 0.6038913106710853, -0.4704833925864186, 0.5428388670058029, 0.6956804882762129, 0.3885131970781321, 0.8352924952185311, -0.38902948876367793
35, 11.109601155799524, -326.4160022467659, -257.23622762043806, 158, 40.65224632012107, 52.27306876230674, 43.713892441121004, 29.40059835211922, 0.03936238063826541, 0.9486555768251834, 0.3138521937934587, -0.851609823819706, -0.13245431781607475, 0.5071652212698026, 0.5226961937533678, -0.28724284194798716, 0.8026706913706178
36, 182.4394214414349, -98.10839350788197, -266.104008047215, 5, 5.8837023928790035, 11.330189415266307, 6.371165039853203, 2.8216040256044823, 0.8746685299009643, -0.18512651255488694, 0.447976714964239, -0.22996163603681638, 0.6550835526510846, 0.7197104869301992, -0.4266996704383034, -0.7325255718371192, 0.5304089722587134
37, 27.378906757610928, 107.05947709344318, 259.0374013460755, 71, 28.389319328730654, 33.02349285710308, 29.554177114823396, 23.443533010208863, -0.7115610842512298, 0.6927886708363006, 0.117152383416157, 0.6896977000508878, 0.6568569022857171, 0.30472297659370395, -0.13415627426150806, -0.29762874101888187, 0.945208562485437
38, 0.8557372952813577, -7.14062547013878, 245.929191150164, 18, 16.0846802405291, 26.80725495733221, 13.255734382573452, 11.71065419921287, -0.7849073321041776, -0.5068895976621876, -0.3563473246580757, -0.12985965518410683, -0.42776485772388134, 0.8945131058022193, -0.6058522509362878, 0.7483850361133195, 0.26993126487515084
39, -129.17426710752258, 132.22810178768694, -275.8049195728075, 37, 22.32885429500892, 28.99128019819671, 22.469260773808838, 17.09004244460513, -0.018654679313344198, 0.8875572744023136, 0.4603195494384877, 0.8471031917823842, -0.23053079030782275, 0.4788232838868092, 0.5311009182931364, 0.398870454377843, -0.7475521220708296
40, 40.07877269560875, 350.54933561870524, 351.1103555191185, 5, 11.638630692490608, 19.051081057333896, 9.546060392047012, 8.668857435912955, 0.7749445218619384, 0.6049848321028839, -0.18290527865979397, 0.49596387251574925, -0.7614728740226648, -0.41734745630810366, 0.39176628899811317, -0.23270671467129508, 0.8901498524133673
41, 251.75072247965917, -125.4889757042231, 294.2341811594342, 6, 10.571223571385957, 15.623113767243328, 11.888521674483622, 6.360339887151402, -0.5991849073738346, 0.29299322551284646, -0.7450720881760283, 0.7880422453912413, 0.38008858880840346, -0.48427480229345704, -0.14130416219680106, 0.8773184339002656, 0.45863438519658045
42, -216.16809207907627, 8.137920327884967, 142.43820181766284, 7, 10.154328513060824, 15.49897877905677, 10.14130290762968, 6.661266215269368, -0.5676271020494715, 0.5877128654120671, -0.5765353942717277, 0.8171199861445057, 0.3166279746668073, -0.4817277798732377, 0.10057037964590798, 0.7445403370453029, 0.659958548130369
44, -149.28923755339073, -185.64623094534252, 40.0875535457698, 35, 22.47932102493674, 46.16716676480058, 17.58690328445538, 13.990298153197076, 0.301910896249237, -0.8263931104155403, 0.47531488277110684, 0.5779130587811543, 0.5551754196469624, 0.5981611404212324, -0.7581993848693045, 0.09409931178041685, 0.6451968787170784
45, 0.13268615862780386, -5.298030816857242, -106.3840304791116, 9, 12.490947985193293, 16.636351579854956, 11.9448011903705, 9.807293760786534, 0.786103796836788, 0.5486981337255568, -0.284554350950529, 0.4506517303644793, -0.8238808518906425, -0.3437053386368181, 0.4230293589318426, -0.1419531610568783, 0.8949276292235446
46, -221.72886468852465, 281.179671928929, 281.79129910331665, 11, 11.115595799433773, 15.121096822861116, 11.107751112551782, 8.176902203323202, 0.6587528208183575, 0.654650206965889, -0.37078002586894526, -0.4479834647224757, 0.7372398825566204, 0.5057550502992005, 0.6044464710783773, -0.16706424538906908, 0.778931320151833
48, 52.26734018054935, 100.89998978176163, -93.35706298645295, 30, 20.511495071434133, 27.866879943373316, 19.81737494077528, 15.626347509644729, 0.83387519239269, 0.41753247135650423, -0.36099695133752036, 0.16261945747863657, 0.4391560905398231, 0.8835705066326809, 0.5274533870982424, -0.7954926545887824, 0.29830246551760825
49, 146.79275641343742, 106.95447215090742, -59.42830566747752, 5, 9.901120952758605, 21.088321766818023, 8.99220875250041, 5.118523456783754, 0.5832019614792248, -0.8121639724232759, -0.016283550731621837, -0.5968898845970798, -0.44204164715455796, 0.6695682548079546, 0.5509972212202783, 0.380774032831191, 0.742572015449682
50, 251.35666299014684, 146.09100707535777, -45.68103713220813, 99, 29.666524189921446, 46.143618200922276, 27.699906170170298, 20.42725711318168, 0.12248591199242237, 0.316946371625955, 0.9405010360847703, -0.6810967305616893, -0.6624217985427364, 0.3119368596905212, 0.7218756437098853, -0.6787800515104649, 0.1347337993596607
51, -220.35744827129386, -137.16334210973162, -173.14512678488433, 32, 19.134422905875788, 23.110808677997436, 18.553392295021094, 16.338328944047987, -0.3449729621956599, 0.758947243626827, 0.5522614749782873, 0.1546029539543151, -0.5343987525837136, 0.8309728634952952, 0.9257924076068852, 0.37204442561099044, 0.0670176349122767
52, 356.66573030995846, 161.82581486197245, 68.2417753490079, 5, 7.766825282393442, 17.696577654242013, 8.790772461926737, 3.0117178416597676, 0.06694136006473374, 0.13221100860549537, 0.9889585954508922, -0.2935078477212018, 0.9499352439342499, -0.10712691378754975, -0.9536099819311626, -0.28309588752769677, 0.10239492578323175
53, 185.9381495840507, -294.5478468270457, 91.95364822458892, 28, 17.04812284111629, 19.63127831476566, 16.904592486796457, 14.930570831682354, 0.127867579177072, 0.6170258872831549, 0.776484988018333, -0.9074773132321733, -0.24310176788222304, 0.34261706965861116, 0.400168474725721, -0.7484521259739826, 0.5288521598336494
54, -193.07614633828703, 180.4923451847309, 195.57865838111158, 24, 16.80904150018771, 19.34019132135676, 18.71339018467961, 13.12247062674872, -0.3788008090600194, -0.2724777237473907, 0.8844579340573046, 0.9043892426744548, 0.09386892113603261, 0.4162555986163834, -0.19644349006826245, 0.9575721986911473, 0.2108682989536418
55, 13.702513731462883, -25.72300999323299, 271.58534658236596, 15, 12.766247044264734, 19.9114624867301, 12.601818285903322, 8.291886718472526, -0.5319148455252021, 0.3453605064022165, 0.773170561860386, -0.2331685281313825, -0.9374908621589132, 0.2583472873044775, 0.8140632866054979, -0.042860284485083514, 0.5791925080790606
56, -8.79348482560425, -274.1423213173053, 21.518227157378515, 51, 25.92530726422711, 34.16474037257725, 28.494386916202792, 17.899227790418287, -0.5541343448869706, -0.6802661726297833, -0.4797635482113181, -0.8025168930775364, 0.28346400379306835, 0.5249902807469689, 0.221137432701627, -0.6759334974161504, 0.7030022353655103
57, -136.07865018738664, 318.5647260766925, 156.79390023961045, 72, 27.13611018851456, 34.08744320495751, 28.764442972477962, 20.37944659759439, -0.5447757200716069, 0.8385609362690482, -0.005913626978389925, 0.2878746024334559, 0.19363341159222197, 0.937888221052454, -0.7876215005281674, -0.5092363479551852, 0.346887177374753
58, 288.5695264930984, -252.14852202245595, 190.35178379601675, 6, 7.180616958902752, 9.56760367382127, 6.857828863298845, 5.642810441705837, 0.23378576130526332, -0.19644229133596233, -0.9522366533512535, 0.5712782631410482, 0.8202454647936626, -0.028957271072665252, 0.786756229002012, -0.5372223037627019, 0.3039849214458327
59, -315.92833278295063, -58.31353785594176, 241.86210948315232, 13, 16.328126166829836, 18.880782168814356, 17.2978791657114, 13.328958069381803, 0.6789508988650786, 0.7156344740295137, -0.16399078178605966, 0.491284864493232, -0.27685996048108485, 0.8258254925844073, -0.5455867106612556, 0.6412611495037832, 0.5395547046286576
60, -139.2995812091957, 119.32630295538547, -93.7659527313872, 18, 14.253244692256061, 19.972154892497958, 13.92581161872263, 10.411079944164888, 0.0354217809373369, 0.051078132383426796, 0.9980662912990541, 0.475099198753894, -0.8794819208460772, 0.028147864009590077, 0.8792189993276048, 0.47318344782665006, -0.055419995707769495
61, -151.0204391206348, 42.33102306180862, -317.8860431714228, 26, 20.409158813729505, 26.943993606308553, 21.53824124021839, 14.648835824138187, 0.6203582643284906, -0.74209663312151, 0.2538665219934712, -0.742495725760644, -0.45137901791621143, 0.494931388590551, 0.25269689571998444, 0.4955295846815972, 0.8310202823028853
62, 184.7475826494536, 352.5228249815899, 3.7818630233658954, 11, 12.08897633331728, 17.148258732183166, 13.478509571208432, 7.643753675462631, -0.9499158281859913, 0.02895040409194393, 0.3111620051751747, 0.2022276981629016, -0.7021665412792332, 0.6826903444488526, 0.23825171029282613, 0.7114239400040399, 0.6611445380033564
63, -300.2109431777471, -132.7279123551318, 238.1242847830374, 7, 10.462328923063216, 13.014877906657274, 11.012994289186363, 7.989867853579824, -0.2663741222292332, 0.4643823330281831, 0.8446264711562782, 0.60711846192422, 0.761444223346279, -0.22717805334880295, -0.7486334217742185, 0.45227396951834764, -0.4847641243932371
64, -51.87307193420551, -3.3068924257203642, -165.10619605159633, 13, 13.310008769824929, 17.166306920883716, 13.927509383562498, 9.862447219445038, -0.11697461871456605, 0.2386490443024045, 0.9640350472001166, -0.6245239950249667, -0.7724273505247283, 0.11543728946663592, 0.77219603612984, -0.5885597861006964, 0.23939644936896043
65, -352.0783542316167, 13.252058369867385, -175.58647208189961, 8, 11.34534975318179, 14.137205373822168, 12.66519234521723, 8.156020515734253, -0.09275890370956624, 0.10700453705375351, -0.9899221256404521, -0.12214691407412236, -0.9879220042918773, -0.09534277538486659, 0.9881679599970689, -0.11207204149934921, -0.10470883606171805
66, -353.4898224117723, -209.36136515330855, -49.94543540234381, 11, 11.210314823343653, 18.765318878880382, 10.924467613780386, 6.872222266967441, 0.36688467156743615, 0.7849874740242895, -0.49918964672138366, 0.6541627540214084, 0.1638228402346788, 0.7383990576027092, 0.6614126767911092, -0.597458569812509, -0.45340547894529337
67, -283.41240580539466, 283.66001732393966, -23.002652977484807, 15, 14.736416452867337, 21.337487951545945, 12.72501538018127, 11.786206717894071, -0.03566294777338135, -0.15584221603668721, 0.9871379629296443, -0.7818732388083285, -0.6108424376958321, -0.12468261605046645, 0.6224165748045983, -0.7762633058509126, -0.1000644162423604
68, -298.7902829176475, -295.2982645674449, -250.55767593513448, 15, 14.638836308283068, 19.910460192986125, 13.804858143741289, 11.413173445245933, -0.6307416124409945, -0.2637860343616904, -0.729782122561979, -0.738181946685692, 0.4939473224291158, 0.45945996153356955, -0.23927480419521055, -0.8285125048789794, 0.5062752189634635
69, 346.04664713952627, -243.91243043344758, 113.53615090778675, 63, 29.540055274541213, 41.242667224738526, 29.34697763529525, 21.2972625948344, -0.14128977298745662, -0.23229308258105963, 0.9623290101800642, -0.07494104460390395, 0.9718010783904392, 0.2235766174555275, -0.9871276715211811, -0.040528851749940364, -0.15471384001763588
70, 69.45973942140064, -67.07154732011404, -297.48487229860194, 7, 9.93723331276013, 12.275441246068617, 10.926880985849095, 7.315822080236818, 0.5074655365609059, -0.33867414536695417, 0.7923247771355602, -0.3547525045008749, -0.9200919467796176, -0.16607669921349605, -0.7852575308478794, 0.19680099779029694, 0.5870604547365077
71, -111.69270366911442, -233.32298656476195, 208.36402762435532, 5, 7.651140886299352, 15.691120583514616, 13.035138313829599, 2.189822901865691, -0.8046302247935432, -0.5933275368681057, 0.02307889387988208, 0.07554921964276809, -0.0637478011403726, 0.9951022727645316, 0.5889503516936392, -0.8024329578499338, -0.09611883996462317
72, 149.68030290325672, -314.42367907729283, 99.50425800891934, 18, 14.38983555439687, 17.927245385655326, 15.941772056723154, 10.425990731311249, -0.8601344863081175, 0.4413251093311901, 0.255735827246172, 0.36856365216295434, 0.19115648552258305, 0.9097362432853597, -0.35260388507186907, -0.8767504467728928, 0.3270766795657509
73, 60.51162899395909, 171.3510472053205, -230.96182893983465, 90, 31.365708149241403, 41.42102594902861, 28.85506178015842, 25.81799017826602, -0.38349857941149756, 0.6244498531985966, -0.680434582035345, 0.9226579584600414, 0.22683393469437782, -0.3118471705201368, 0.04038726630649586, 0.7474013292143104, 0.6631441184305038
74, 217.27606043519143, 289.3969552268608, 174.83733498139082, 13, 13.998918321101948, 17.43924442082172, 14.459657839175266, 10.879219966816834, -0.9290041531287765, -0.23629551753829145, -0.28480820188469924, -0.3651236248368647, 0.4598568638165151, 0.8094543862299023, 0.06029943660991605, -0.8559766896312944, 0.5134860122266015
75, -167.06351543399794, 221.2658171619074, 102.08899582858629, 11, 13.14161300542308, 18.368256251373353, 12.344272277130084, 10.009504978168062, 0.6559873787032275, 0.6171932878795181, -0.43445713756196785, 0.3404679047189802, 0.27175382788108554, 0.9001285813083842, 0.6736187087947719, -0.7383916998642711, -0.03186742432667622
76, -309.6799099945206, 2.0473597813752673, 152.79105778060529, 7, 9.370884347113204, 11.535601751809935, 9.262536791073282, 7.70143285857251, 0.10070538049066498, 0.37740662592021673, 0.9205556284395572, -0.49274576890229976, -0.7848928031691459, 0.37569255350906505, 0.8643263466822659, -0.49143415250142847, 0.10692258969034614
77, -150.4859391505438, -152.75871570971805, 121.49025756806, 39, 22.65775306208764, 29.845740035912115, 22.488244584508053, 17.330560546706057, 0.12617762353133244, -0.92174950911213, -0.3666838553461721, 0.8787079350354019, 0.2753965633376767, -0.3899090891574818, 0.46038198512301115, -0.2730102110788978, 0.8446974916624597
78, 238.48480114586098, -89.71040225404361, 37.31994775041713, 34, 22.026543009142276, 25.400425249000108, 21.72359938540754, 19.367173877678184, -0.38814757735457545, -0.1569291740538536, 0.9081380360520911, -0.9209633781081754, 0.10258868923685774, -0.37590160550899665, 0.03417476228667334, 0.9822671709730706, 0.1843455734516294
79, 277.4399954603458, -330.73284799222404, 40.11187002990066, 8, 8.49648294505236, 13.272334248861053, 8.775833434275228, 5.2660125269437215, -0.7381535098313228, 0.617698967410486, 0.27125150982753704, 0.654870668848458, 0.5594561837646272, 0.5080877734501122, -0.16209195848551997, -0.5526814309414958, 0.817477481577804
80, 294.08791299632185, -154.95810888925462, -269.64111230645346, 17, 16.18408075389443, 18.93499912991084, 15.224025551634837, 14.705145183019402, -0.8097799014674898, -0.5022840523398141, -0.30326101289878576, -0.21653777166387272, -0.22453651199924238, 0.9501024935353336, -0.5453145006527401, 0.8350413675646908, 0.07306168512663619
81, 244.29333540175966, 44.68968063492148, 214.74854398130248, 5, 4.51868879759421, 7.584075162343857, 5.164994678294506, 2.3554006500677183, -0.9841933108603556, -0.00598930951919284, 0.17699620060672133, -0.15616228010664085, -0.44202801089775834, -0.883303220787554, -0.08352765487924627, 0.8969812516174761, -0.4341057073077012
82, -13.499285687253588, 328.9626017849477, 270.26683790500596, 6, 8.51784826642358, 13.905735893540317, 7.838126762293068, 5.670004959920698, 0.6350359795794337, 0.2577075369984275, 0.728228075546249, -0.3285323110162652, -0.7631055075096895, 0.5565397605083499, 0.6991393460948265, -0.5926692245954599, -0.3999342007874731
83, -16.17087384838172, 131.0863172963661, 266.1384996523696, 48, 26.826361056111367, 33.874297961858076, 25.644992405185313, 22.223497996876226, 0.18023631251268785, -0.14524281265469088, 0.9728408898807569, -0.5148079800570515, 0.8288300533903427, 0.21911979889215846, -0.8381453425996042, -0.5403195979872607, 0.07461311352220336
84, 169.23081867318092, -12.831019981296366, 260.19362812733357, 7, 10.12891466987168, 12.677769511770554, 9.729047927108388, 8.425109281688592, 0.2198536915012484, 0.3081056360552797, -0.9255999521198375, 0.32999439145565973, -0.9163694904510316, -0.22665096200617704, -0.9180239952970093, -0.25561274225180597, -0.30314034712889776
85, 94.41317644823445, -149.42410052763998, 316.4546297350465, 57, 28.14416117292554, 34.80424860004617, 28.923740691177922, 22.145128576524893, 0.44603474885179273, -0.8627600403291835, -0.2381136611534582, 0.6257472226451527, 0.1103893635786177, 0.7721752403182749, -0.6399167259640864, -0.4934159515255798, 0.589107191104905
86, 82.31565839835966, -344.7257189816198, -208.8783962417554, 19, 15.79657800737559, 20.484507298397016, 15.031000989713503, 12.801935166870026, -0.08511976596136447, 0.804746774559132, 0.5874838332068006, 0.7989195651901182, -0.29720599007605303, 0.5228729557161523, 0.5953840389186755, 0.5138591521998868, -0.6176298389013425
87, -75.1150445227533, -142.4403324561745, 235.6990739880073, 18, 16.618391440972392, 22.81698180361929, 16.220162317051237, 12.400910162147357, -0.7767260108527283, 0.47227979132709164, 0.4167115342402297, 0.6054213163126347, 0.3774093906846013, 0.7007333170167911, -0.17367133850778022, -0.7965638395804296, 0.5790719434179138
88, -295.9001082959653, 353.0218635784996, -134.05456476118187, 27, 16.481104132741763, 25.193827723113188, 21.95585661017012, 8.093089982164937, -0.6543234841073398, -0.038178073686745334, 0.7552504305428771, -0.7475414092816415, -0.11817325252771911, -0.6536183319003815, -0.11420428868851262, 0.9922587954140739, -0.04878384331478615
89, 22.130519946920405, -61.44236519592378, -281.7580203307163, 15, 16.006433019006128, 17.679437414957782, 16.875752868378175, 13.74523239252622, -0.643565814622182, 0.7373818568734153, 0.20516100848748334, -0.4900554629673732, -0.6028769235615824, 0.6295911834299744, -0.587935953540452, -0.30464308984586735, -0.7493489856826672
90, -287.1100599758008, 137.31176990606141, 247.60790145903295, 120, 33.45574480878807, 42.39865240094313, 31.171268118574595, 28.333849614339517, 0.3589073982878992, 0.3263523088192162, -0.8744596331349882, 0.8162626298779577, 0.34461499241852583, 0.4636332883487765, -0.4526596939411883, 0.8801901371458027, 0.14270432352358045
91, 141.9363541709984, -289.66657312131224, 3.963476197619768, 20, 13.06894202370823, 16.53501135503096, 12.177864499995575, 11.085254265959875, -0.6662718758233013, -0.4428907644355941, -0.5999412956819645, 0.2666813101338035, -0.8928337740561332, 0.3629448039716232, -0.6963927529147744, 0.08182678462665731, 0.7129807227446228
92, 305.503380066739, 231.89552701216883, 340.2865806950709, 30, 16.85253074280048, 20.64277995896064, 18.75554421080932, 12.362250249571145, -0.5186742153340015, -0.5754634691985048, -0.6323123073020793, -0.854970782448314, 0.3478788361427588, 0.38471453900740116, 0.0014210937253128911, -0.7401500597730035, 0.672440234898718
93, 74.21101716828164, 220.98513297400345, -274.0605110760271, 7, 8.81620271868507, 15.188458620182008, 7.133527718451429, 6.324506565972363, 0.3635955440206225, -0.27446679212073455, -0.8902057404843563, 0.5722341942035036, -0.6882574378595223, 0.44592569584552166, -0.7350825173765293, -0.6715427605551251, -0.09318805391994466
94, -92.97447498560955, -51.36793059272604, 336.2523738036738, 10, 10.462929089375859, 12.900053267848762, 11.98928638576306, 7.405851647053948, -0.14127926788656783, -0.7647738327180535, 0.6286184480709853, 0.7742857065409164, -0.48103274360413617, -0.4112045041425388, 0.6168645014197759, 0.4286356079123804, 0.6601134012559624
95, -289.05066397649847, 190.245289339689, -190.27001159210752, 318, 56.89093779190052, 82.92120643031689, 55.230091623450846, 40.205725430923266, 0.7663539751263063, 0.4366887927827672, 0.47117351694045584, 0.2064962778337854, -0.861961573355809, 0.46301353468205486, 0.6083262874879741, -0.25753668537881635, -0.7507422884287197
96, -45.82439911873073, -251.97529262812859, 55.67409105309813, 10, 15.657470206431029, 20.962316577360273, 13.740652586307322, 13.326562709021234, -0.820194223903637, -0.47954505074223536, 0.3119582975074351, -0.5591453772216632, 0.7872919511353321, -0.259861176032831, 0.12098711587088846, 0.38756667553615065, 0.9138677091390747
97, 288.75314812102874, 131.96778068250217, 67.81369821127845, 8, 11.443789981856913, 16.734234658125953, 10.701749700234574, 8.368526449129233, -0.43996186938126425, 0.8906647906322833, -0.1146725085558619, -0.16598963294937077, 0.044838025998017186, 0.9851076048726526, 0.8825423475640568, 0.45244423098604314, 0.12811409994052744
98, 157.63373196362164, 288.4803219599216, 227.79413874673637, 80, 29.732535614551924, 35.38326179648625, 30.043649077595884, 24.725512199963067, -0.1628063690208284, 0.7941583819233262, 0.5854968408344985, 0.9311563685265877, -0.07255095172798555, 0.3573292274020436, 0.3262543540837902, 0.603364586153586, -0.7276738779268366
99, 153.26656725909345, 216.95622124052593, 272.11045240232187, 6, 13.811524419854887, 26.04576101964554, 15.499961799315097, 6.526151743812422, -0.9861519495430291, 0.157158897699005, -0.05296615227214975, 0.14976909345258857, 0.9810932679976611, 0.12257739651362898, -0.07122886394484086, -0.11294724593235221, 0.9910445845558231
100, 193.49413888982542, 343.8597386689887, -41.94481082803765, 19, 20.16910550982458, 24.000310692545206, 20.895121256580143, 16.360559591942312, -0.547976000021341, 0.6206577176684437, -0.5608086134317213, -0.4027453464597909, 0.3918476967672126, 0.8271950002527901, -0.7331565244240785, -0.6791460667903697, -0.03524387404324793
101, -338.28279694496786, -243.57018843123925, 37.801218725434225, 102, 33.5004754884729, 60.62792134532735, 26.313562230417197, 23.566798577865356, -0.15090530189146398, 0.6794095612757453, -0.7180739780190794, 0.16040493330782266, 0.733594957192517, 0.6603852634275102, 0.975447511264219, -0.015526971012031807, -0.21968401384632602
102, -196.32032301116536, -30.37775361842923, 173.3425888682913, 69, 29.827320515722803, 32.7587588147257, 30.635163790689425, 26.442047310056264, 0.3473683724123885, 0.9340638013689354, -0.08282529094293703, 0.6401906839632666, -0.30076173214943563, -0.7068933926987265, -0.6851942075165364, 0.192528427632612, -0.7024540572443865
103, 7.809984972411163, -81.85778115386337, 104.20011120994633, 64, 25.098898069053927, 30.42501201948617, 27.98921127453117, 18.567034552785163, -0.1822234489389022, 0.9059692793295074, 0.38211814870270705, -0.5742906020625419, -0.4135134420179689, 0.7065387021622347, 0.7981133497439157, -0.09069894256068352, 0.5956414884634212
104, 121.90435139808321, -287.0204430404182, -59.70428693830155, 8, 12.533338671705497, 16.201525774834085, 13.612672367942483, 8.926907148064151, -0.3210886326089371, -0.7512951994947417, 0.5765913745673615, -0.9469689424271723, 0.24677487581614693, -0.20579597358619053, -0.012325262175129323, 0.6120928719418983, 0.7906898279541941
105, -9.73133846250468, 66.20512796613076, 319.3043904406195, 10, 16.46491137592265, 20.963479112309198, 15.929914995694405, 13.36599744678894, -0.5656682322732419, -0.5299520255245114, 0.6317992573906156, 0.03716746094623055, 0.7489948294362796, 0.6615325580230568, -0.8237948961019821, 0.39769032691302275, -0.40398560993695976
106, 264.9626777714867, -353.2536647488889, -59.416995783103474, 8, 12.628422884087668, 25.94744864715355, 16.2178499550277, 4.78585361228648, -0.15376027148878108, 0.38534685030595545, 0.9098711908127303, 0.9643019898377166, -0.14239051672125536, 0.22326355086057792, -0.2155909351218556, -0.9117196639906003, 0.34969673001924184
107, 52.297136006471305, -121.44531864963398, -140.71055076662984, 9, 12.723165198869287, 18.86717885631306, 12.126127039328146, 9.002360869812316, -0.0036494895481460543, 0.9188433243315395, 0.3946056595607864, 0.22013404235199444, -0.38419008313422015, 0.8966264458619828, 0.9754628053512898, 0.09013836781685584, -0.20086659758034725
108, 344.068428370821, 202.94956971188702, -64.47512340425756, 110, 34.06388474478809, 65.34106643364642, 28.8945529063677, 20.935354862791357, 0.055842239289665606, -0.25930984882349917, -0.9641784309007589, -0.7789534850118959, 0.5927854738701217, -0.20454058315258006, -0.6245903557524223, -0.7624721531123021, 0.16888784215967975
109, -21.88171680865861, -71.7761556622712, -119.0909260928498, 28, 17.16968510624685, 23.677884927986494, 17.748123358336038, 12.044579609321321, -0.7586019825611489, -0.4367693787421303, 0.48348272135362585, -0.6210372612047086, 0.26027307236162256, -0.7393041647378947, -0.19706788741357356, 0.8610983901951363, 0.4686937274529028
110, -142.82562776905016, -260.19976003262485, -292.95177487565996, 7, 8.776215964047319, 10.37041809999166, 9.59614983667845, 6.79248391632184, -0.6666521619890634, -0.31138891544499553, -0.6772088586642209, -0.7338372014734644, 0.11499531230157947, 0.6695215006870625, 0.13060572977056198, -0.9432990095863831, 0.3051706438444684
111, -332.42011115062746, -43.01032877902463, -195.50822745150808, 177, 38.33280430686829, 48.42897185029632, 42.75429584320845, 27.20362434077148, -0.36218760742468403, -0.9315171334547686, -0.033105393944098734, -0.1281403712306476, 0.01458043863019601, 0.9916488572424328, 0.9232552097274376, -0.3634050644797921, 0.1246458054712759
112, -93.09847550020093, 240.07836084230203, -284.33136170029854, 37, 17.781700919902136, 26.156668363758286, 17.673378662993372, 12.162361153365362, 0.3627413650532072, 0.5419252054551825, 0.7581132987698437, 0.8087062289958045, -0.5872937048369478, 0.032868517494366443, -0.46304744601684333, -0.601168176096548, 0.6512940094811469
113, 261.6018208251303, 347.1429086345249, 113.52950812868241, 20, 17.99374860926553, 24.329586729063177, 19.086324348841657, 12.546076004926013, 0.6970136862047301, -0.5640851623530313, 0.4426961157006556, -0.21959695608945995, 0.41979416711077483, 0.8806531860704387, -0.6826046426149893, -0.7110420429713882, 0.1687308952371712
114, -214.3104363231813, 206.23112493113277, 180.35868851224265, 9, 12.931034927761429, 14.763817038681463, 12.712416684201584, 11.520546472500538, 0.8363755408488539, -0.547425913938166, 0.028298823628390386, -0.14935545373987397, -0.17790991829227168, 0.9726463948482992, -0.5274172002389983, -0.8177242381892569, -0.23056054989927485
115, 35.92726943989064, 202.04316941463557, -148.81631958517906, 24, 16.483363760899095, 24.802672931713516, 17.004877359004333, 10.618557870230468, 0.19977905377036684, -0.1280413800774284, -0.9714390020286834, 0.9120380149535889, 0.3866890402569039, 0.1365951881462577, -0.3581549789604133, 0.9132781564961805, -0.19403097668363173
116, -211.91672558473027, -77.52137995509253, -183.2108734995349, 8, 10.024744423439154, 13.572903251126528, 10.464402585252714, 7.093045324639629, 0.31051218151195054, 0.006910850425079224, 0.9505442784421416, -0.8766088506842181, 0.3888005830887127, 0.28353311886263194, 0.3676127147349285, 0.921296014718548, -0.12678542987637423
117, 106.41987956406614, 49.593488168900976, 285.1168182729289, 14, 16.30309948128014, 19.823500210897656, 15.666674238660843, 13.952543428482317, -0.09455420724430583, -0.5136424099156811, -0.8527783865861119, -0.9939478364711827, 0.0968273403906366, 0.05188607257377397, -0.05592137575789818, -0.8525232787958856, 0.5196891944657465
118, 31.969647064614236, -27.557572312564957, 138.61758174915212, 16, 16.093412387387975, 25.194767488021565, 16.44440052715009, 10.060417853554702, -0.34876930780426363, 0.9077997161821184, 0.23293699842103183, 0.9287347646952552, 0.30142383394918465, 0.21585969789153214, -0.12574460934840812, -0.29162192583384317, 0.9482325377209837
119, -308.6656125017056, 90.43770171525469, 122.04616116416938, 34, 20.9963531692602, 28.1642859548479, 21.379189722737635, 15.37239804097326, -0.8359180207199718, -0.529886158008478, 0.14304447625343367, -0.5383005837015867, 0.7406475387248217, -0.40208668837378203, -0.10711463122344844, 0.41311243376577095, 0.9043586527733266
120, 1.0666222725231467, -58.93586962290544, -238.00875061461176, 224, 45.1925571377296, 61.24577039595347, 52.13370470426575, 28.907202033206822, 0.5375801002913945, -0.767560393677167, -0.3490826232123947, -0.6382547888860807, -0.6409444486346217, 0.42640478213599525, -0.5510339919049271, -0.006423069563172679, -0.8344580780019494
121, 36.91478995162898, 330.78448607144344, -244.76134107893168, 21, 20.517021804330437, 26.065254092495756, 19.554441424248388, 16.94476625347325, 0.11802062416558017, -0.14553297440133608, 0.9822887995052508, 0.6896818014189116, -0.6996763307457985, -0.18652625816667504, 0.7144299441254768, 0.6994806541685027, 0.017795206682463153
122, -329.62512632145325, 168.39156910539668, 309.6459045083905, 14, 16.058828865323246, 22.889808015657685, 14.073119076271531, 12.856095723453889, 0.8335092372746504, 0.49377238744865265, 0.24789348674599782, 0.46870884206217694, -0.3943725428282267, -0.7904317293959876, 0.29253097742044976, -0.775022017014005, 0.5601486413381539
