# Void_ID, X_c, Y_c, Z_c, N_particles, R=(abc)^(-1/3), a, b, c, vector_a, vector_b, vector_c 

0, 163.50874637804225, -24.034521015593697, -40.4570403246203, 9, 9.168136263889746, 10.472857452287625, 8.969138964895699, 8.204029876487082, 0.6212522843213277, 0.5987073828103062, 0.5055641096774626, 0.7272721552623518, -0.2003221787808519, -0.6564649547908449, 0.29175471102552314, -0.7755130524091308, 0.5598738198357611
1, 81.89621957835494, -345.30904961210734, -149.40135926189822, 35, 23.47209056508755, 40.113988788497274, 18.925185663405482, 17.034104962486886, -0.7791925706086152, -0.31503540616723197, 0.5418594197477655, -0.5611262939359057, 0.7358135435882348, -0.379098550941415, 0.27927803379802696, 0.5994423424593708, 0.7501150964383603
2, -25.99428918067436, -139.88165051186598, 1.9708283895308087, 31, 20.150864066336673, 29.98052704857583, 17.92017368053741, 15.22998733786096, -0.3883423654100852, -0.25985358572156675, -0.88411895196028, -0.9171297544601972, 0.20247453183217545, 0.3433323134269767, -0.08979543814403065, -0.9441822800428874, 0.31694889389542913
3, 301.60996673674026, 133.36306877349338, -349.5977856859791, 5, 7.238872591103813, 9.826669280811155, 7.815935618139783, 4.938846007729984, 0.2021645512583161, -0.9600736515306467, -0.1933599696191896, 0.4992992490930834, 0.27089031444575634, -0.8229937407991401, 0.8425139488872615, 0.06983567266153817, 0.5341284721434568
4, -9.518325274708237, -139.20245622727435, 80.3433435424247, 10, 14.09249658130696, 15.339720211572844, 14.390301874125647, 12.67875096465305, 0.1000512324760906, 0.839340067188875, 0.5343201310931397, -0.7459162816586464, -0.2921246549788506, 0.5985583402727143, 0.6584820814847996, -0.4584445850534825, 0.5968499901973577
5, 118.81242908147068, -212.68457326356946, 191.38158625146596, 29, 21.404555684744583, 29.995542519725348, 18.574832053797024, 17.600987501630502, -0.10047478424785306, 0.8211517839640191, -0.5617958396277566, 0.9949193441054058, 0.07931947697072768, -0.06199934917367632, 0.006349524014968279, 0.5651709195153258, 0.8249494016477522
6, 328.9363458591981, -10.815680756237995, -48.38492001243953, 6, 9.692666975071184, 17.570832811192343, 13.266964990241304, 3.9063031555043017, -0.8701633119210348, -0.4058057399224778, 0.27953087849571523, -0.48311018052998705, 0.5908333628280276, -0.6461582552576479, -0.09705855992595104, 0.6973074205938833, 0.7101704000659318
7, 172.56736019867432, -253.18242342101976, -23.031571288728685, 6, 7.620334725223681, 12.013234465458664, 6.655976796993495, 5.534143192683921, -0.5039660584429883, 0.86009695041153, -0.07906609785631703, 0.3053173193311143, 0.2630297689850467, 0.9152030786356301, 0.8079601143954452, 0.4370910391674239, -0.39516057119307885
8, -290.0125862029257, 201.07838988747778, 284.02430942486524, 5, 6.821572805109157, 12.218847918642695, 7.482115419566777, 3.4721533119677885, 0.9199197328778387, 0.27856514182575864, 0.2759513486496506, 0.3208136594361557, -0.1300739421293887, -0.9381680902152358, 0.22544684735242668, -0.9515683009319484, 0.20902508863850844
9, -313.61261400950417, -82.18909876967011, -170.6557510335931, 9, 12.484143255654123, 15.361334898232192, 13.181304237935725, 9.609236651043892, -0.9703273839653711, -0.1655776564006975, 0.17620671845242467, -0.24035526058093085, 0.7399144164316953, -0.6282961125676464, 0.02634609341045027, 0.6520051349931191, 0.757756680805001
10, 300.8642071843212, -152.71964693847997, -126.92433557302192, 101, 35.297084810667855, 52.6367595999036, 34.024807221586634, 24.554534004309787, -0.8448039428294983, -0.1943892677753095, 0.49851691120112723, -0.5307395440916933, 0.4227978746720104, -0.7345457735976514, 0.06798407546679652, 0.8851298038969252, 0.460351382898233
11, 144.0415463755102, 64.36981795743488, -171.17665777091162, 47, 25.822372485391867, 33.966917791343654, 26.087166065928177, 19.43145769961356, 0.3876923445589526, -0.06601195739337493, -0.9194221377862717, 0.7570141388470021, 0.5919121221337124, 0.27671218487247184, -0.5259507957557572, 0.803294753594383, -0.2794517834826345
12, 208.26803932947664, 203.6111105253203, -118.58796155717711, 14, 15.234493379147565, 19.298126727107533, 14.353985551703362, 12.76428199979353, -0.07328933446703972, -0.3498836137936993, -0.9339219080051822, -0.2070445825656745, 0.9213760713757783, -0.3289356714106003, 0.9755824999883831, 0.1692559951517206, -0.13996854582947282
13, -139.49974367662435, 155.6829100382051, 325.0433858487914, 6, 13.778824846519328, 19.744687057083198, 18.778533255890096, 7.055448337510784, -0.8083198509003431, -0.4004337296192192, -0.43159222284894017, -0.5563103846646916, 0.7594464183365531, 0.33728310599554784, -0.19271163575318764, -0.5127318654609095, 0.8366410577937868
14, -198.4740396812407, 107.59188164565799, -51.039627919081966, 101, 33.72785100534077, 51.98369440795487, 28.50734284926871, 25.890601020046567, -0.027335785332748743, -0.5040809681450616, 0.863223686186946, 0.27686422949949896, 0.8259458896622415, 0.4910800197256014, -0.9605201472451772, 0.25241981876227715, 0.11698410931456492
16, -16.55877813245282, 281.47557253772675, 333.20227067864175, 121, 40.99210046561707, 71.4038154791204, 38.53855719020047, 25.031313925901625, 0.8988771209674343, 0.1608467172909771, 0.4076128738619684, -0.1794912732805548, -0.7134339886927709, 0.6773439499944236, 0.3997534292753741, -0.6820119334107281, -0.6124189076669163
17, 334.4588846534549, -313.7430432191712, 142.66485231363234, 90, 34.546868509524536, 43.82821326501392, 37.15735037731969, 25.317892825411842, 0.670066973598608, -0.5499419978597229, -0.49857201072910096, -0.6732630747738818, -0.16739403411432074, -0.7202055744639526, -0.3126133123179827, -0.8182560945895792, 0.4824208542637737
18, -179.23216290184416, -25.501551511052448, -49.093263539657315, 43, 23.071149205649455, 31.34296791359863, 24.576375656425526, 15.94225416703526, -0.8522975926327917, 0.4278157573605328, 0.300936025338246, 0.48268547465731776, 0.8649455067748347, 0.1374190775142384, 0.20150321622045406, -0.2623793971790819, 0.9436914250901905
19, -288.9230111072304, 71.45472974873019, -51.57711022798205, 9, 11.672196042038134, 18.477619868031656, 10.408459527221254, 8.268471493767361, 0.7154591928632931, 0.6843712021422033, -0.14054963900999837, 0.5726345438523663, -0.45916800154509113, 0.6791571434830673, -0.40025969386686644, 0.5663928001268398, 0.7204105589384985
20, 337.7614353056066, -33.714297492714316, 279.34466377875185, 5, 10.487951959042128, 15.875039995595772, 10.975633388627093, 6.621061895319432, 0.7456444059465291, 0.33632692556934624, 0.5752378803744753, 0.5550213739049292, 0.16423356214962978, -0.8154622073231403, 0.36873526328428663, -0.9273141518389092, 0.0642087954251778
21, 265.7009964800785, -230.64106164419636, 133.73640344877438, 5, 7.249244531456844, 11.011737179707385, 6.391904999631565, 5.412427597816279, -0.5305805668400098, -0.7960819206359925, -0.2910976429451866, -0.78051515310517, 0.3249180748162924, 0.5340639853340491, 0.33057579745793336, -0.5105700934192914, 0.7937492184820515
22, -5.530405127881846, -17.185741229235276, 352.5721702933736, 12, 14.478521389828117, 20.937696003410075, 12.99012207539629, 11.159134544427477, -0.9361588279961693, -0.33282353711442675, 0.11329228529551587, -0.33873685554117283, 0.7675625996834501, -0.5441553071185306, -0.09414877302927134, 0.5477920670380559, 0.8313001021455829
24, 236.16601284504046, 154.18597265927005, -120.42127846786795, 36, 24.72944308830856, 33.09039330050408, 23.847546855644918, 19.164494500725986, -0.10212214278133842, 0.8093976802078732, -0.5783134645050739, 0.99336961756647, 0.11383163740624767, -0.016098485060958435, -0.05280029213549166, 0.5761230368589039, 0.8156557947755173
25, -64.69162819311587, 114.49556492050303, -7.526956682643911, 7, 11.294111497985561, 16.49928121897977, 11.768271120132871, 7.419566344255094, -0.14022014937436733, 0.9842594403631711, 0.10757166804232098, 0.9804576701694103, 0.15317126289506117, -0.12345574603518475, 0.1379893717479792, -0.08815848387483355, 0.9865024151037283
26, -307.5730456204256, 350.2619656480381, 179.5508412552797, 24, 19.609968830079758, 27.491273092027985, 20.47645515314021, 13.39618336638249, -0.030675898829310152, 0.0818112483333375, 0.9961756415799147, 0.8794359518576979, -0.4714476830985354, 0.06579885015080188, 0.47502778425178305, 0.8780911124405962, -0.05748567162065186
27, 309.10872539376913, 338.99944946243926, -348.63443658295813, 6, 13.037166058308566, 15.784550004855829, 14.504687613445215, 9.678521223845843, 0.8207816792774422, 0.5494905421771692, -0.1561332092168189, -0.5483052524500084, 0.8344998387567092, 0.0545102673884386, -0.16024601429749893, -0.04086762989051251, -0.986230729458831
28, 280.88310135316567, -36.20975932522553, 196.95251510336124, 9, 12.033328509271826, 17.44357692210174, 11.323398113687, 8.821551986192409, 0.4163688065690122, 0.6058609524363988, 0.6779155723459643, 0.8514653492730444, 0.0016191639032111487, -0.524408368826802, 0.3188162102271914, -0.7955689062684101, 0.515195438135138
29, 34.53673883181528, -57.28826308334168, -283.77799554120503, 6, 13.069380100855021, 18.00545555187186, 15.99696814716287, 7.750383146310267, -0.10704501369073842, -0.6053192584641651, 0.7887521539598754, 0.6587078405742183, -0.6374050389671331, -0.3997734321654677, 0.7447451549422796, 0.4767634755638266, 0.46695957272369987
30, -164.8715294613615, 18.197496266213538, -49.169279146267456, 156, 42.94157511664986, 77.63582681805254, 34.638650496857046, 29.444946201412563, -0.6031329314040146, 0.44960735837454685, -0.6588504309412433, -0.1176210699125292, 0.766836845516101, 0.6309726905909221, 0.7889207507529713, 0.45805510111162123, -0.4096212560121734
31, 27.35132050774794, -160.40310215679963, 209.9760464013459, 48, 25.37770273832006, 43.20576715859585, 23.80824830295448, 15.888677637058203, 0.08660919010003001, -0.7848167815403531, -0.6136460442330404, -0.4630615023840738, -0.5770918343331638, 0.6727102346150152, -0.8820844025375464, 0.2258929705825888, -0.4133998943412464
32, -9.32499410583228, 119.32117940285427, -257.40720370815757, 49, 23.55963684767344, 31.068471740372726, 25.766754024440083, 16.33526458515337, 0.9391399801126158, -0.01744132279058709, -0.3430916758147743, 0.23705524233290975, 0.7557324413506313, 0.6104697283016578, -0.24863811018538706, 0.6546482088492487, -0.7138731069412195
33, 135.6837771206375, 262.6195552378896, -216.04366658376765, 17, 17.7978435800174, 27.01411694908299, 16.491951642993694, 12.654335026165972, -0.9017164288193329, 0.29776759184373025, -0.31343570831176, 0.37690939545008817, 0.8965792491461612, -0.2325617286269498, -0.2117706061254905, 0.3278415947498008, 0.920691641720044
34, 254.51137830325968, -262.13637454604043, 257.37975818354755, 8, 13.086819148200005, 17.479668702011764, 12.015218078568317, 10.671794347773668, -0.9646145598787387, -0.06288088112237816, 0.25605613771050395, -0.2561798760452389, -0.006223709967337844, -0.966609091899972, -0.06237485053603881, 0.9980016333771784, 0.010105335080589946
35, -220.23243946250253, -55.01455978512422, -237.79859317834982, 22, 20.894842164832454, 29.24260796092476, 19.506527130715078, 15.992679235614023, -0.6125029985406252, 0.7669937714520263, 0.19120834535275844, 0.0452300670928422, -0.20748996796475874, 0.9771909507485016, 0.7891731861952228, 0.6071807537692383, 0.09239704780294573
36, 14.440706700894513, -301.7305464874475, -43.03694521635258, 28, 22.430255028037447, 28.2504380911106, 22.348859979935643, 17.87401313792176, -0.6497670371522859, 0.37764389246645624, -0.6596877199956989, 0.08262486905292767, 0.8978046399107047, 0.4325736464104077, 0.7556294915130871, 0.2265654850977819, -0.6145666379800323
37, -124.91759736819272, -221.15286783560552, 212.58470648335336, 94, 34.95129479091059, 47.892462658942414, 33.861065515076746, 26.32825149822957, 0.24896124612557197, -0.9582177458645507, -0.1408440607120575, -0.8865422992750398, -0.16691632698802591, -0.4314877650420141, -0.38995006029455664, -0.23228794909569872, 0.8910562603905466
38, -347.79677737067414, 341.2198944330591, 283.44252420809306, 7, 9.43615162863607, 16.93700537143615, 10.881851771609304, 4.558745017328509, -0.5997858007404935, 0.6610251090460921, 0.45089111594783843, 0.7922880951663722, 0.41176648555251244, 0.45025319058655633, -0.11196681422513724, -0.6272911338336724, 0.7706940157584845
39, 246.2884636463326, 344.87076687547585, -29.149501149567445, 108, 37.53645815949637, 49.624273162299666, 48.44514071822837, 21.99963591639188, -0.9243491873535232, -0.14077234827844878, 0.35462899740299353, 0.3573377730266451, 0.0064076621396356075, 0.9339532417815477, 0.13374713382813447, -0.9900212562496198, -0.04438036014594401
40, -228.27699914100214, -281.0935009338175, 46.72741767268397, 158, 42.481366361134846, 77.88345223896029, 36.46939237238177, 26.991169928554804, 0.7285482955576854, -0.6833556354534018, -0.04735458303130384, -0.41710783943690705, -0.49740445344535034, 0.7606640914181553, -0.5433584740484565, -0.5344285594790099, -0.6474161594314148
41, 341.893050789538, -82.23474730720247, 45.530356111236536, 8, 11.912943346333323, 20.217658284913192, 10.397465005816787, 8.042645195612106, 0.5044268977716756, -0.028723967011008787, -0.862976499404007, 0.7697780267799326, 0.4677106844602805, 0.4343829015148838, -0.39114612907612517, 0.8834147663248823, -0.25803692826399255
42, 346.06793361035, -268.02188598453876, -43.687047843548676, 13, 14.552290139827987, 17.535627882822084, 15.234095174015717, 11.53602130899675, -0.9930742399529845, 0.11601865736218245, -0.018526334922983653, -0.06445112590530613, -0.40611707642099065, 0.9115453760558525, 0.09823240967898748, 0.9064262746540085, 0.41078194009171776
43, 222.99266009387702, -19.93635258512055, 149.08187114925474, 7, 11.657572085686633, 16.875004881321342, 10.60981637080597, 8.848559068295758, 0.4146564073103155, -0.18531317058128474, 0.8909091382883068, -0.6294262400152189, -0.765465778848275, 0.13373387675719178, 0.6571778087069043, -0.6162151979798228, -0.4340462619604958
44, -38.17871413137691, -139.20151747599482, -341.09991251710676, 16, 17.18502273366093, 26.233522991171906, 16.635726234648473, 11.629256530448341, 0.5506766799460256, -0.6534134230291286, 0.5194286214379982, 0.5498166116271143, 0.7521523739922448, 0.36327468928719653, -0.6280580289610996, 0.08554358481608532, 0.7734503263651206
45, -238.8139559035697, 213.66766299651732, -96.87728649237287, 15, 17.53697481887669, 27.366543571939847, 15.759420722107361, 12.505579929442884, 0.5870282296029098, 0.7006738725494781, -0.40552926155308616, 0.7030856658156539, -0.6895694064729259, -0.17367953299434943, 0.40133328316230066, 0.18316702209484945, 0.8974304640712134
46, -303.05578975880786, 146.0897691746998, 250.16021294614967, 232, 49.762685314765285, 57.04146911177669, 52.9879100001278, 40.77030227658265, 0.12402365305541786, -0.012189650271146851, 0.9922043871647901, 0.4983303609756729, -0.8639165869752458, -0.07290392361799403, 0.8580705010735684, 0.5034873813466528, -0.10107161823205073
47, 69.46759523932386, -207.01684322911873, -107.4573409947165, 18, 15.912409060617309, 18.645623197559278, 15.728145647182219, 13.738944790973695, -0.9523219585959021, -0.11535506902143505, -0.2824466236780413, -0.3042708339173947, 0.42709209497533324, 0.8514761312196568, -0.022408632338416272, -0.896819686704435, 0.4418283634354869
48, 282.7431500404739, 343.51733072828114, 140.59538163576428, 25, 20.173828018139414, 26.847151382497746, 18.200908036124957, 16.80249115601741, 0.8485784654719103, -0.15394969501029088, 0.50617593714397, 0.3046906140819581, 0.9243471100402926, -0.22966508191390045, -0.43252539535580675, 0.34911589990488495, 0.8312880793118024
49, -44.9969921393874, -143.69593435701353, -43.71683892710243, 13, 17.88146181251624, 21.773885248709945, 17.541316029034956, 14.969626199353874, 0.06507265789924575, 0.21724036063104954, 0.9739467002391964, 0.772767940293167, -0.6284808496626617, 0.0885524255023821, 0.6313440105433681, 0.7468724438083052, -0.20877330535972602
51, -275.5926443232066, -126.19890297683472, -273.43167636695705, 5, 7.642527784511987, 10.96012433602638, 10.137098100893013, 4.01774110719073, 0.6391607661703494, 0.20907606245849789, 0.7401085833142204, 0.7363692587987812, 0.11127643192326903, -0.6673663689417978, -0.2218869750225686, 0.9715476086148718, -0.08283365566035239
52, -271.3566151807934, 314.35672045940004, 244.29287307423147, 39, 24.17986757903473, 26.994350340277002, 25.207126916183277, 20.776171727528066, 0.5624310320149525, 0.574028414075215, 0.5951157148495485, -0.42495075658405956, -0.4167381909797518, 0.8035833090959263, -0.7092870989276714, 0.7048550631251906, -0.009547318029224065
53, 293.2101818369556, -236.5194054770975, 326.3087756295927, 81, 29.706068099438422, 44.81780663999363, 27.08390327404738, 21.596017177923684, -0.29755694886517786, 0.29744967525183946, -0.9071844095191568, -0.1243404654684823, 0.9300580388428442, 0.34573326862031034, 0.9465724012610589, 0.21567506827720687, -0.23976020123134498
54, -113.960302697584, -116.30575753013022, 153.12127592904383, 12, 10.8477150134993, 13.97489290496976, 10.237578560486408, 8.922140652747865, 0.6277026274439551, 0.5336701246451526, 0.5667323967810403, 0.6841571946816745, -0.7255120546304208, -0.07457339707460507, -0.3713735915022176, -0.43454396399809, 0.8205200782964246
55, 193.2864496531478, -10.861621838177456, 202.422007909597, 36, 24.6390634220111, 31.645730737217583, 23.557105849471878, 20.064831845810826, 0.31509329781256595, 0.7553484556140178, -0.5745997948791141, -0.38598255447315116, 0.6550994509266066, 0.6495091816425997, 0.8670257673887104, 0.01712950662388218, 0.49796877280291385
56, 201.567336590132, 21.809503027828168, 125.0621603993869, 15, 17.565838642837324, 20.539727606841176, 18.779686321220503, 14.05153124728143, 0.13328268851548156, -0.2544038546194589, 0.9578697216724446, 0.19931250622290164, -0.9398661731694379, -0.27735555050328803, 0.9708296708512936, 0.22788210830733782, -0.07456202054780887
57, 130.39193756906135, 249.53027374072963, -5.644040382943613, 70, 26.522935072493425, 35.770853266895024, 25.124416955077482, 20.760578661303832, 0.5237968008555122, 0.22659573194965088, -0.8211524131826764, 0.6592969053205849, -0.7182529913120715, 0.22235159344147065, 0.5394112550255418, 0.6578502981176366, 0.5256124838874232
58, -153.79133139002136, 353.4645759476867, 281.00112988528474, 9, 15.065777700898687, 19.00075412315163, 15.894312755772942, 11.323014736925137, -0.6392652510746794, -0.005801765769316091, 0.7689644193864792, 0.6003141437619213, -0.628707731181244, 0.49431722360476554, -0.4805859627244829, -0.7776200410656156, -0.40539388767628476
59, 187.09339145481567, -106.71117285991332, -82.88359424527044, 29, 22.340950372349855, 31.443285844347706, 19.811989943333867, 17.899830101396688, -0.3130227461100362, 0.8173461806142301, 0.4836961664651296, 0.9483916418834474, 0.2961867020077512, 0.11325515952657697, 0.05069570024519496, -0.49418484253273354, 0.8678774610436354
60, -37.41702866300702, -149.42626085031705, 196.12283052976412, 9, 8.416487647015447, 11.439697106018004, 8.351037734188594, 6.240763133618283, -0.5430615545768346, 0.20206508127380865, 0.8150176997282949, 0.08277855521929245, -0.9530031022284391, 0.29143232136943525, 0.8356026919154811, 0.22573167715847997, 0.5008126907246077
61, 346.3156989536432, 109.1290554528073, 176.53228773971486, 12, 15.675022345032797, 24.168696977583124, 16.38863859739924, 9.723629239002308, -0.21315490554138938, -0.44599533004388053, 0.8692831252375095, -0.6936168546941792, -0.5575325299047933, -0.45612842158992334, 0.6880847659466063, -0.7001754377847104, -0.19050908428522037
62, 235.06066638751625, -211.67732583749225, 34.18228170922117, 55, 25.976584190083504, 32.71103474014049, 24.136069422367502, 22.201652421572025, 0.4453713476374302, -0.6619654755224709, 0.6028648869522326, -0.7785559667044685, -0.6188402625021147, -0.10434239893343746, -0.44214813062195213, 0.4228929400245715, 0.7909908924032484
63, 41.038031639316145, 262.3141500773876, -179.9545767374306, 46, 26.262248887859826, 38.44926027562736, 23.224943219840156, 20.283976034480048, -0.03458407561578603, -0.9980181492893664, 0.052571050996050465, -0.5166927251360142, -0.02717164206014027, -0.855739638943572, 0.8554721325124048, -0.056758043983063756, -0.5147290111679104
64, 53.997025208191324, -111.15757916228891, -124.28922544664414, 9, 13.230362885539341, 15.926703109022101, 15.283116088255536, 9.514313828523656, 0.48176676943632835, -0.7656260887154661, 0.42628332379432915, 0.7075862743276771, 0.6268472664570681, 0.3261658610559643, -0.5169356287294994, 0.14449635571029779, 0.8437406941332629
65, -211.08524665711218, 80.5597662134818, -251.2865610515655, 54, 27.191572517879298, 32.64976961271939, 28.835871566847636, 21.354517763454787, -0.8465340350625427, 0.3436252275994276, -0.4065732780667848, -0.37108336922382984, 0.16668431486585036, 0.9135170892015063, -0.3816769059901599, -0.9241958894817393, 0.013590338437122202
66, -10.858331389923304, -39.799817921715075, 113.3543822938118, 58, 26.8296550807467, 38.29869230740503, 29.785242280299528, 16.93012582728145, -0.8980739885585084, 0.24119539405390295, 0.3678150254704052, 0.12531561907479008, -0.6612708056221751, 0.7396059202357035, 0.42161487958860555, 0.7103138063693978, 0.563644559798552
67, -307.44782022478637, -20.41510039185017, -327.7526974516469, 33, 24.308136443807218, 40.77611631856255, 21.596809521140113, 16.31020947764372, 0.35160375245834236, -0.9124291533062903, 0.20939876182532435, -0.5414364921397031, -0.015729061029152856, 0.8405945048705674, -0.7636892864487926, -0.4089323132694542, -0.4995528369726539
68, 32.0581327510794, 322.7310846631096, -327.8323059968717, 15, 15.295491446303073, 17.18598912484461, 16.8301924077144, 12.371623442838597, 0.6877267886299125, -0.6901684096713068, -0.2251653403447491, 0.09002121869581506, -0.2266907770800046, 0.9697976447545044, 0.7203666041574304, 0.6872254781937602, 0.09377151878928726
69, 95.39875806919214, -343.1443992104505, 291.13739229424954, 6, 10.345093576596161, 18.001451339104573, 15.051313091479688, 4.086216372694849, 0.9047647681783836, 0.28722911577670407, -0.314483941264492, 0.3246449954197767, 0.012865485125915795, 0.9457484370811129, -0.2756924757986858, 0.9577755031021661, 0.08160725730830314
70, 4.803010922722245, 158.4681939566361, 231.17404983096745, 9, 15.44346565509122, 18.98120450461663, 14.508644042571898, 13.374689414757855, 0.11314515433679402, 0.15704106856598954, -0.9810893317296623, 0.31312381081791324, 0.9314774913560743, 0.18521112870414244, 0.9429483830777643, -0.32815817204611447, 0.05621886667643239
71, 87.17250251418625, 330.74493875736334, 151.87973939182956, 8, 11.474763530033698, 14.682836474631625, 11.526784375517565, 8.927155550047592, 0.1614867381415121, 0.9865385213518255, -0.025763914558318415, -0.7798298017494543, 0.14356287646853785, 0.6093071317517024, 0.6048036984905285, -0.07830355285063953, 0.7925156401631107
72, 61.78846748554296, -91.97632262062301, -87.60601370855964, 70, 31.76086501651616, 38.33884698414068, 32.8941159640329, 25.405029258151245, -0.9619254712251836, 0.23867534554907513, -0.13316706512962595, 0.23572018189729224, 0.9710868613702202, 0.03776643377977871, 0.13833070394715732, 0.0049383297950245835, -0.9903737825913607
73, -264.08717830996085, 44.07363337984276, 95.76517101933167, 24, 16.82702363018078, 24.548197095181294, 15.965849866040527, 12.156548055152236, -0.3349626438192481, -0.5110159659319031, 0.7916203065916788, 0.22445254494796224, 0.7726937947531911, 0.5937721403167182, -0.9151071425314101, 0.3765726783936898, -0.14412472229079928
74, 10.28358952245506, -327.09816789248896, -239.469670321363, 326, 53.90535728455996, 71.54744026133092, 51.073126026297324, 42.86563340602594, 0.5238012625489873, 0.2402510853120075, -0.8172586208529644, 0.7774637540953412, 0.2572363297636295, 0.5739160058037377, -0.34811255136818153, 0.9360068838721971, 0.0520457964084975
75, -141.4981253280838, 53.60127439957371, -12.628113702742285, 107, 35.20041654468984, 39.75867846075751, 36.255754767183866, 30.25760277621313, -0.2688956711389635, -0.10615915863068776, 0.9573010765070469, 0.0741453316694988, 0.9886765468428684, 0.1304651505747084, 0.9603111932255848, -0.10606092004921523, 0.2579796375762389
76, 280.1813800965093, 319.484437526373, -81.26600714607346, 17, 17.95052847597958, 23.104629835188028, 17.440501918108524, 14.354025811176273, -0.6102800991731223, 0.24630350463923406, 0.752922827490092, 0.7667118168947664, -0.05544080955610667, 0.6395930788162811, -0.1992766679447709, -0.9676057566169161, 0.15500938479535667
77, -340.01230521649484, -117.72737042118919, 43.50637958997747, 34, 24.593983727479195, 29.743373473225226, 23.893105131648188, 20.932631379670614, -0.10478174245287195, -0.9944267451526039, -0.011671973857849951, 0.24853405361490627, -0.037548344121166796, 0.9678951110773839, -0.9629390482487892, 0.09851685327372614, 0.25108329091908793
78, 46.70719153975586, 140.82145092835015, -227.22012282707158, 9, 14.355997510947, 20.40293922983195, 14.339889885572752, 10.112570693219228, 0.20048355930021713, 0.9413221478670304, -0.2715123503366226, 0.8892675044185518, -0.05855490327283898, 0.453623884829612, -0.41110783018025504, 0.3323912412168963, 0.848826492710244
79, -188.8108260203774, 91.80271494831926, -318.19139371633565, 13, 14.781612107346623, 19.981225852489576, 16.014024702868646, 10.09352310972387, -0.22336595938054885, 0.01384972369339643, 0.9746362569408259, 0.22792720169748348, -0.9714359813264243, 0.06604032791197859, -0.9477113689918263, -0.23689727591929682, -0.2138290011800428
80, 241.1607459174197, -246.21544269429398, 241.4438221717404, 11, 12.448554227181402, 15.159918237455766, 13.142915232700693, 9.682069161070427, -0.37192683907718654, 0.853446792073566, -0.36510135506923547, 0.9281897618370549, 0.34683233420533455, -0.13480021502412515, -0.011584144117027077, 0.3890191576889476, 0.9211568284261142
81, 9.414689185631396, -171.62403924247306, -44.8475437429534, 72, 31.703321936368, 43.414417750688735, 32.001797070931566, 22.93538129985651, -0.9660466986967727, -0.2583188966333429, -0.00501234268573809, -0.2570092292900221, 0.9588004760383367, 0.12102852229291998, 0.026458117786718062, -0.11820742273982308, 0.9926363751205135
82, -89.29947872182636, -318.4100037048223, 159.6643440082165, 5, 5.972954601774998, 12.452758511980297, 5.8981499409818765, 2.9012574354143137, -0.5781717861204241, -0.7861896648121046, -0.2182273967148701, 0.13365127003584543, -0.3551079199104313, 0.9252219751144545, -0.8048942314069122, 0.5057708731822319, 0.3103886275113164
83, 85.75146171644478, -266.3595973915317, -3.1428073206478078, 15, 14.52103283685049, 22.821093433346423, 12.162842236047943, 11.031155329224397, 0.35316317192992813, 0.6051598527977072, 0.7134825341620138, 0.8380106013119961, 0.13444099880996488, -0.5288325348611654, 0.41594952347743164, -0.7846701029100289, 0.459650762555728
84, 27.182903527383687, 245.32871870075036, -264.0602492044116, 9, 14.524128629008207, 20.366568815289458, 19.485205417291176, 7.720535102151414, -0.8199848144298726, 0.38625934249908783, -0.422408125438633, -0.5573658811570127, -0.37087839423032154, 0.74282736299574, -0.13026196154854544, -0.8445430344424791, -0.519402430056132
85, -173.14257038338368, -236.23904252220348, -322.041346014851, 8, 10.552564908208092, 13.59722160005147, 12.084630059690472, 7.151391613223123, 0.97376089063735, -0.1888828407753866, 0.12693699352739932, -0.04833327869106871, 0.37340770219336145, 0.9264073521478797, 0.22238170346529565, 0.9082345294048746, -0.35448048967549584
86, 170.7258745699804, 347.35609008063693, 331.5780756349521, 46, 24.81108122777734, 39.80498212449726, 24.969647259216625, 15.366934184531946, -0.2538993673652575, -0.05088156704386799, 0.9658913900572272, -0.9670992917128975, 0.029811488012273162, -0.25264646277141084, 0.015939611661949078, 0.9982596562606617, 0.05677664539589989
87, 188.65142128711352, 157.92872835397145, -12.185289178881654, 18, 15.90077304015578, 24.90014649054494, 15.144851335310108, 10.66075099232622, 0.786066256780967, 0.14187155412349126, -0.6016413400697663, -0.26616757297679156, 0.9561376517881551, -0.1222931475131656, 0.5579020192166387, 0.2562679319845123, 0.7893491521439538
88, -234.89908724067442, -242.77384565521592, 97.49399635744885, 7, 9.437290448011924, 14.44008525649404, 8.022291587792004, 7.255607205483783, -0.7169620621541672, 0.09678131460106833, -0.6903613391375077, -0.25958764912017884, 0.8820293025518432, 0.39324109890011255, 0.6469773209749329, 0.4611482262613623, -0.6072583137019189
89, -256.3182357901444, 27.712230463460887, 352.84898517419515, 11, 13.393146325706883, 20.57901759779477, 16.665751513616105, 7.004841298567104, -0.37475650940951705, -0.8212892000442735, -0.43016462958480417, 0.8291726897623378, -0.5044723123620376, 0.24079106422869725, -0.4147652459012013, -0.2664427442261026, 0.8700448579480139
90, -332.9664220096596, -321.1374997702708, -161.5262999876557, 8, 11.308157201527193, 15.068020539180242, 12.217764705225854, 7.854662901758409, -0.8548445791992091, -0.13622081999055902, 0.5006841655323513, 0.49266788880395385, -0.5159131731692632, 0.7007937992675711, -0.16284685061487222, -0.8457407912306946, -0.5081372032170997
91, 334.5636131857574, 286.235426417374, 226.38780082193605, 11, 18.1246247859382, 20.484143562588358, 18.115583661317412, 16.044896941917365, 0.4762259767276489, 0.46315141591660447, -0.7474620960451716, 0.4045904502569039, 0.6393049605496465, 0.6539080477999416, 0.7807146640423204, -0.6138240247424821, 0.11706698936176486
92, -265.3036510534326, 352.02505854492, 219.4719942485517, 6, 8.83370977605027, 13.894497070653154, 9.499227944761689, 5.222737996761656, 0.1298035698995898, -0.12844875246141663, 0.9831845967225218, 0.8292538184386312, -0.5295444958547006, -0.17866373866831628, 0.5435891259455731, 0.8385007721529517, 0.03777985246968945
93, 170.0381344246588, 141.42428529523443, -124.78368972683117, 8, 13.038803463267179, 16.204878069027036, 14.012213900148986, 9.762492012748979, -0.5660712943716182, 0.33912527062445563, 0.7513703085112764, 0.7940243825552828, -0.020667724674391617, 0.607534464096059, -0.22155940421508336, -0.9405141657522619, 0.25757432795832746
94, 138.35506937101133, 153.86554027442347, 286.8641619247497, 12, 14.614899805151126, 19.39618741805996, 13.766060138662187, 11.691264678171345, -0.21638837885776846, -0.9677454219000581, 0.12901499093820576, 0.10118924785323347, 0.10920332432672844, 0.9888555860563706, -0.9710493322247866, 0.2270317870860151, 0.07429510103853691
95, 298.28770931820617, 167.8090636037513, 112.52582953253372, 38, 23.790698248518723, 30.81003273717939, 26.90401313868084, 16.244724098830478, -0.8783901789000119, 0.47775912701160606, 0.013300758215714607, -0.30899547446545206, -0.5888986088252945, 0.7468066853500328, -0.36462650804881863, -0.6518777838527259, -0.6649081624911698
96, 78.81745747610742, 0.42219837660619447, -56.6288243747285, 7, 14.89930989127768, 19.14328181213908, 13.98913738261476, 12.350687450086724, -0.2613040712105451, 0.022443187079304403, -0.9649955884471791, -0.23953694144696278, -0.9699651808395803, 0.04230368354026371, -0.9350626909737275, 0.24220621650272336, 0.2588318230751532
97, 327.68320328923096, 114.01128027421791, 332.4891746291155, 10, 16.2346376400214, 22.03738241303023, 16.599711453201593, 11.69680505236597, -0.42976273162264766, 0.20672320957030835, -0.8789593330371949, -0.062397805216149446, 0.9643131032452741, 0.2573067290485746, 0.900783274940453, 0.1654259759965752, -0.4015267588257758
98, 330.88616975758856, 37.10291124894891, 61.82935025264726, 59, 28.043780517998815, 39.74159634153098, 25.210604793795007, 22.013094917493177, -0.9031046845980462, -0.3625085228312568, 0.2301944819750544, 0.056530525857133626, 0.4310301642004569, 0.9005649877691466, -0.4256832487934888, 0.8263174743547582, -0.3687725630691557
99, 291.27752187312467, -206.48658962846358, -205.3252440127351, 85, 30.11625658163682, 40.72844926024147, 30.080369784412493, 22.295741487245973, 0.5698455661140195, -0.6590669502155193, 0.49082256051836776, 0.24355341948671114, 0.7059078211738268, 0.665113433830614, -0.7848297666605942, -0.25947042825577354, 0.5627764513767813
100, 37.71374887404794, 260.72973218590573, -272.7929265554185, 13, 15.39680008327746, 21.825703063039, 17.067027111420057, 9.79862848389417, 0.48201091274391233, -0.7576572750141828, 0.44002378755456356, 0.40684445775804035, 0.6383357779758759, 0.6534562125708956, -0.7759787801140872, -0.13595178621120177, 0.6159334741988268
101, 182.7380331081029, 161.042846483988, -70.68326185793724, 120, 37.71850172263253, 80.51500056947127, 27.984373564037885, 23.816114488205418, -0.793960227916866, -0.18550894987862285, -0.5789763259418546, -0.6035982476678606, 0.12652362098821596, 0.7871854474927229, 0.07277576449949005, -0.9744630330838416, 0.2124276000301153
102, -244.86971685916635, 316.1804940600329, 77.6957386326824, 23, 20.09167060116595, 27.458226055532673, 18.42312583921084, 16.03290995435668, 0.0026410413086149004, -0.43858092219478545, 0.8986878209854509, -0.07447607964124746, -0.8962813606056154, -0.43718764414404215, 0.9972193030933952, -0.06577611510053115, -0.03503090378801162
103, 210.36387082895249, 109.57778481972792, 350.6606031308955, 19, 16.638852802122567, 20.51084485121482, 17.78475439215685, 12.62812050885274, 0.5367867690527998, -0.8233701028550355, 0.18417827856276747, -0.7559580364297396, -0.37241235549203433, 0.5383646391008302, -0.37468308171993686, -0.42821806501053034, -0.822339271269157
104, -109.84447712018499, -291.03366822413636, -63.24646257318111, 25, 18.440107432304224, 25.326415032765542, 17.037000201390704, 14.531936542115373, 0.3605431264038286, 0.3415488558235412, 0.8679591194800493, -0.5485082008229607, -0.6750042032834442, 0.49346537789356737, 0.7544185891353098, -0.6539982451316767, -0.056025777386626854
105, -171.7836455203206, 306.1499346925353, 1.644025991935181, 236, 49.025020981082946, 79.9055932422437, 42.98724565169133, 34.30335242898241, 0.05033600649613604, -0.5956415195668168, 0.8016716700857991, 0.642591913737721, -0.5951624521673804, -0.48255288614721203, 0.7645534113774614, 0.5394375178815841, 0.3527963229015319
106, 310.3559211554516, 257.41923070719776, 116.3208200445317, 18, 18.657035529504956, 23.166263197213652, 19.14784993378251, 14.640365342246813, -0.3735394074281394, -0.5456822476492353, 0.7501327853778377, -0.9238558369840029, 0.14612723789097468, -0.35374739973170377, -0.08341884420694248, 0.8251531463594098, 0.5587160114802012
107, -153.55550753734823, 357.39993522618107, 356.7361308878754, 6, 4.928712345065514, 17.082532840712105, 4.684015782323482, 1.4963383349199593, -0.9802959373113157, -0.18239209183836627, 0.07584853410418685, 0.01349077924509047, 0.3212616960643071, 0.9468943560488916, -0.1970732710600026, 0.9292599461274063, -0.3124709240185412
108, -32.181710553676396, -347.40483531554565, 237.47307032968953, 29, 20.37982824000052, 28.406936002786452, 20.577701430552175, 14.480391504216179, 0.11852220478755622, 0.27472022152196296, 0.9541914309294652, 0.9116325629403453, -0.41097468114375313, 0.0050874006730297966, 0.393546130916204, 0.8692690097695386, -0.2991535249586269
109, -13.311646123577173, -205.54554722898328, 56.91881993291023, 8, 10.626594227310179, 13.741317748018876, 10.790574164182836, 8.09299657083953, 0.5730637978535299, -0.8089434392842078, 0.13118077461551192, -0.6991209828325331, -0.5660926060112902, -0.4367711217361091, -0.42758359995790374, -0.15858648573691114, 0.8899565110659373
110, 182.1524329850649, 343.5669164332965, 206.23605839926947, 11, 11.458450136286354, 14.922924803136631, 12.476858446119751, 8.080131691169441, -0.03610425825586709, -0.3961323074038189, 0.9174833391221444, -0.9908797929006234, -0.10507474640793746, -0.0843595500730369, 0.1298218724137472, -0.9121614400413086, -0.3887258529410605
111, 265.0467660264148, -16.186607969955105, 181.68693665902367, 15, 16.03963519553993, 19.68559900800218, 15.387490247352497, 13.62282050708804, 0.150615963611171, -0.9562426032908584, 0.25082845762991157, -0.5281260530375351, 0.13665428310595956, 0.8380981320894297, -0.8357019227023915, -0.25870000108294966, -0.48443431529073994
112, 265.5703252057759, 18.994003239396456, 210.46983015218171, 94, 33.367953045562075, 48.5184394029528, 30.978423708410592, 24.718525354266504, 0.7665180303094696, -0.17838012919419108, 0.6169527037943465, -0.422961706227848, 0.5826760821791878, 0.6939682833682963, -0.48327373638065285, -0.7928865699234535, 0.3711837590193081
113, 32.7987219098291, -234.14386869135765, -185.59360814103667, 33, 22.310019659126773, 30.506631099054562, 20.606348834654895, 17.66463064328294, -0.0148186578048281, -0.3256519031734579, 0.9453736009326514, 0.5475209935661856, -0.7937734545356692, -0.2648480025954641, 0.8366607251360376, 0.5136872013531336, 0.19006391077957135
114, 182.55789545936327, -181.56265276442446, 335.95751699097934, 8, 15.451866892112786, 20.883538145730935, 14.178602088264865, 12.459636735315307, 0.6063425566751147, -0.6674929108540868, -0.43220587446750797, 0.5096683343104595, -0.09099453993485994, 0.8555455468315201, -0.6103989621271366, -0.7390353223368837, 0.28502613805146493
115, 84.11679832347104, -161.5776975732992, 217.26199424777639, 16, 16.666964644386294, 24.782582739618583, 14.351916641540667, 13.01706502786785, -0.13390864491511237, -0.6840976624968818, 0.71699293091585, -0.9704888042370491, 0.23694425512053374, 0.04482076322328845, 0.20054913529492505, 0.6898317245036479, 0.6956380065815704
116, 307.2801372177753, -330.4968752114001, 210.46933163946042, 6, 7.415440562942344, 10.408203097382593, 7.222747143626872, 5.424162669172511, -0.30015461414110683, 0.8841742897641349, 0.3579707151847633, 0.945147297310294, 0.22497362026277945, 0.23681945986955047, -0.1288557099893136, -0.4094175075713625, 0.9032018105037231
117, -306.9722583430677, 264.92738733687264, -128.8863707251984, 24, 18.422994925700475, 24.880712517540424, 18.946130378341913, 13.264697873515502, 0.8279179484723097, -0.5601821513259386, -0.02734644278960213, 0.2645671433678421, 0.34709284686597414, 0.8997392857404043, -0.49452613403902285, -0.7521452738602541, 0.4355701892486468
118, -90.1715119144933, -210.277585788244, 47.57682098561463, 138, 38.2669500112769, 71.0513861172674, 32.28836519579089, 24.42603278400225, 0.7739490764976379, 0.1070674519096885, 0.6241309059244061, 0.4803368433817458, 0.542998940083907, -0.6887878250650296, 0.4126491777266895, -0.8328797703206156, -0.3688250863379088
119, 346.0558714786589, 253.12351002550756, -226.85370520072883, 22, 20.788975936036625, 27.714447142019115, 23.6284376588972, 13.7201248556692, -0.6048251136066765, -0.7747676820487359, 0.18417823107929945, 0.016463024293814583, 0.21906166239032687, 0.9755721177349667, 0.7961881378052376, -0.5930826476332076, 0.11973897567046601
120, 42.70855025307395, 329.2202092687404, -223.86965298856066, 40, 24.273664881152673, 31.59623560436136, 26.591261874823868, 17.022830111257793, 0.5341973078648318, -0.06731545632605886, -0.8426754212682249, -0.007836299723213695, -0.9971760282990647, 0.07468976497720982, 0.845323505337817, 0.03329561420543902, 0.5332162538764816
121, 210.5546112015827, -254.49636095379512, 157.01987270317125, 11, 12.454585866229724, 18.87269873647731, 10.436030592588226, 9.808859698157011, -0.2520151545437755, 0.9649328601449588, 0.07343662092407462, 0.8792057410181396, 0.19659650940353413, 0.43398972044403317, -0.40433355888551337, -0.17393788518553313, 0.8979198100365974
122, -257.1473004788293, -17.240829061542804, -136.86254607255393, 42, 22.56730338926862, 28.68810157176785, 21.46732145527292, 18.66204932961001, 0.3749336437270864, -0.3288752859100644, 0.8667559109225064, -0.5215581626587822, 0.698128431436631, 0.49050359446575376, -0.7664214544005973, -0.6359699203086588, 0.09022424672487735
