# Void_ID, X_c, Y_c, Z_c, N_particles, R=(abc)^(-1/3), a, b, c, vector_a, vector_b, vector_c 

0, -276.34066965693603, 305.2668030060074, -161.05371418027042, 6, 8.69401013896955, 10.99562682699194, 9.685990474902779, 6.170159590531962, -0.9455313587791243, -0.2783620907717886, -0.168774986258217, -0.030346901170016663, -0.4408298049037204, 0.8970775600236165, 0.32411342945746574, -0.8533367620873407, -0.4083709775628203
1, -61.20270066011476, 98.47674745354877, 15.222294757095138, 80, 31.867286494980295, 43.779777961062436, 29.646659963413835, 24.93365394396014, 0.2600905241034664, -0.957745323594855, 0.12278768017912309, 0.4590403494296775, 0.23451870166318045, 0.8569031078049, -0.8494909516098824, -0.16650787879978188, 0.5006398400352629
2, -64.13398396463522, 45.49764046655191, 55.44150465374034, 8, 9.615934359792771, 13.831236086493897, 11.773577800679282, 5.460155584365411, -0.6210108863646059, 0.6588135629534676, -0.424629448207733, 0.27545304600612514, 0.6906404005713622, 0.6686863663516518, -0.7338058997191247, -0.29829603813524724, 0.610367409983709
3, 142.38689240294534, 212.51684377096998, -353.4691697273848, 17, 20.15822178235949, 38.07503696796732, 24.240522164543837, 8.875122429165488, -0.9563991206073694, -0.29111525317648207, -0.02350811497000687, -0.29138429186267467, 0.9565647279962332, 0.008894695564206032, -0.019897652050887244, -0.015356774449238702, 0.9996840765568776
4, 304.3805348651333, -290.0283589241458, 52.141709326297494, 38, 23.88400333045302, 31.178932527715112, 25.520533028714585, 17.12262660572259, 0.64529291730543, 0.7036244253991571, 0.29750582995489866, 0.43253230056527747, -0.6575185303545052, 0.6169158704460116, -0.6296926709460379, 0.2694105607101508, 0.728632342086657
5, -216.26990018849958, 148.16801922396664, -149.80897559004862, 115, 38.46303830755873, 56.23450205309889, 38.42235650762765, 26.335642073271774, -0.10072462793832995, -0.5943235900501606, 0.7978934889047369, -0.906879014947563, -0.2749801474102768, -0.3193060769511916, 0.4091760031751887, -0.7557548470503587, -0.5112823188664621
6, 266.4655978255014, 169.45710530137592, -352.03248830904965, 10, 11.560236921294269, 15.61266346104999, 12.794493591895451, 7.733927650064227, 0.1512320255534158, -0.961386505353612, 0.2299235998565178, 0.02912891733687885, 0.23683212642454549, 0.9711138193167727, 0.9880690161227567, 0.14016608440417147, -0.06382075023854296
7, 338.9938307346037, -315.0947321273227, 160.18185428465443, 69, 34.90921930623656, 43.71081073467478, 37.17494874279325, 26.180694897613055, -0.05630926953491212, 0.7137894065774127, 0.6980930806291591, 0.8981386123636883, -0.26918753371237225, 0.3476853529777731, 0.43609207645389897, 0.6465622589911317, -0.6259240737520897
8, 288.28947587104716, 270.97237406502086, -349.7920459767729, 11, 14.275979236783622, 17.81015000742086, 14.81297388790937, 11.028282648425726, -0.9270690201861291, -0.3479822634791147, 0.13946819033415017, -0.36086188148311343, 0.9291441428616818, -0.08043546654491503, 0.10159593645219579, 0.12489798272903521, 0.9869542844562857
9, -56.088829055862774, -135.8849317721797, 352.61509303705526, 13, 14.443029737221838, 22.34584765759373, 14.168024077921928, 9.516314719460347, -0.9674980094156792, 0.10222449859012564, -0.2312958141962274, 0.09968169471670893, 0.9947607374873966, 0.022685565717778057, 0.2324030152883203, -0.0011077190655419376, -0.9726189446249588
10, 24.80740061940336, 343.06185194219927, -296.10756816844525, 92, 36.66699727850464, 59.48851822010924, 42.19378537862851, 19.640131809519048, 0.22222570916294498, -0.017410602975474643, 0.9748397843189704, 0.9096477505084476, -0.35617729808402254, -0.2137257642973499, 0.35093689487135343, 0.9342561764492625, -0.06331423682282762
11, -257.0319587928323, 7.689176279415517, 259.61862673168355, 8, 11.430912578991402, 14.844014255241225, 11.762722259061595, 8.554280851832608, 0.3990334693225808, -0.24838045714065224, 0.8826547676588993, -0.7397683034857173, 0.48155275133231296, 0.46994659786207954, 0.541770382651404, 0.8404844413758533, -0.008411675628019713
12, -22.08332290726799, 271.2610677135366, 349.7887333566189, 13, 20.32009955276597, 30.612324070936445, 20.842115201836837, 13.150413218740084, -0.7407951391579707, 0.5543911799539307, -0.37930592058286045, 0.6716597660192682, 0.6195504804877664, -0.4062392901213762, -0.009783685954928957, 0.555704617325307, 0.8313222346193259
13, -9.417162896636766, 69.37013989362073, -284.63516825094604, 50, 27.426148484685548, 44.09587802776649, 26.55034825568716, 17.62082557471554, -0.8234885669407969, -0.24236954934890143, -0.5129557307080245, 0.009669086629938532, -0.9100174834688016, 0.4144571009704771, -0.5672504639764837, 0.336340870739077, 0.7517324855219066
14, 331.09355344743454, -141.8195233705682, -233.5151249077635, 19, 16.348522364517624, 22.945939033412543, 16.28221627831732, 11.695429158354994, -0.038302959041098344, 0.10964017688841304, 0.9932330617436038, 0.8256636956285988, -0.5564009076426507, 0.0932603436373622, 0.5628608576279044, 0.823648627502233, -0.06921411246319405
15, -58.23676908146668, -173.83873206431693, 285.4414686014979, 14, 12.995442034760577, 19.066253228958814, 13.015970038733421, 8.84364441731763, 0.7110681222411186, -0.6219104823755943, -0.32803883526778516, -0.24062430200376164, -0.6536113721190194, 0.7175598368929904, -0.6606678975231741, -0.4312998100487038, -0.6144089867785633
16, -10.0840767176011, 152.03162960593212, 54.155627167454014, 24, 17.22741714817572, 20.292875850070747, 17.200304167327307, 14.648082740816907, 0.23387028796274378, -0.9614589754090712, 0.14457291244753354, -0.36591566817040894, 0.05072467044807129, 0.9292646187148943, -0.9007832215331423, -0.27022887783002253, -0.3399499101207424
17, -219.94772040990904, -284.5147851290639, 50.180347346874946, 123, 38.19223137970638, 54.38699239284519, 38.50536208715066, 26.60166644916508, 0.8764094026834974, -0.09679511715865415, -0.47173855490324057, -0.2444889752066445, -0.9333888257963194, -0.26269838385679706, -0.4148875750011804, 0.34556620953561207, -0.8416960822867298
18, 296.4071730587078, 92.36657008625937, 178.18131110950347, 13, 16.51608397756139, 18.70290631999338, 16.910427847885934, 14.244839259057041, -0.37137026386515914, -0.48500231308440306, 0.7917429402397604, 0.407598211478113, -0.8513256176947709, -0.330315592511859, -0.8342348740711845, -0.20004361764224277, -0.5138430946544278
19, 119.99305282967286, -89.71734412757762, -44.22764242860018, 6, 11.131619112058765, 19.49815320362789, 11.450621174953065, 6.178065207747282, -0.5868312266505561, 0.2086282493659289, -0.7823703502781223, 0.7916878026246241, -0.05488440550292612, -0.608455524428848, 0.16988094243675006, 0.9764537652132322, 0.13296055730066528
20, -297.4792472475625, 311.5987300088433, -18.960966078153582, 8, 9.776445071068137, 12.206994729887407, 10.571109467741213, 7.241250415000871, -0.7144690307726027, -0.18567311539915202, 0.6745809797828805, 0.055384106297374884, 0.9461118743061, 0.31906883593770125, 0.6974715799489606, -0.2653258666526345, 0.6656842942780979
21, 230.30904088276884, -330.32410640740045, -128.38321259821308, 20, 21.689259476964036, 27.19573742538455, 21.052853740781, 17.82060157373229, 0.6458730802553663, 0.5657782063771148, 0.5125846129080934, 0.2813376998968259, -0.8005454313865146, 0.5291276886564742, 0.7097161846951274, -0.19753995412289144, -0.6762254828878587
22, -65.65777025124606, 121.41041073318547, 146.23761295021407, 127, 37.24215861642116, 44.55722384629139, 39.027454824082945, 29.704085244266874, 0.12096857238814218, 0.9077178350567614, 0.40176477746841005, -0.5932449387945272, -0.25839684075830216, 0.7624247604064328, 0.7958813021355968, -0.3305743556387815, 0.5072411145648106
23, 316.03327237435866, 247.26576792789157, 307.48937442851656, 22, 19.85568266144082, 26.881938588172538, 19.85723497984669, 14.664765069924549, -0.9444333208478364, -0.03639349983827426, 0.32668213241903693, 0.30964873413630445, -0.43196545522164703, 0.8470675929009087, -0.11028764173792112, -0.9011555685144917, -0.4192317705222388
24, -98.14066185817786, -115.03135568201101, -210.41098536102194, 7, 12.404375495432344, 16.382076587735387, 12.754640918128807, 9.134557728102411, -0.33755094810814745, 0.35828045360756083, -0.870456474497175, 0.9118371807641991, -0.10512129745809826, -0.396865806787034, 0.23369277525693488, 0.9276770070361162, 0.29120964511709646
25, -327.2473593253145, 10.267519310088685, 100.56063528855162, 6, 8.419263704085738, 10.547627877255163, 8.494154644518536, 6.6611217956116215, 0.5288508214420736, -0.8369179444899374, 0.14101476110954486, -0.7311900308948246, -0.3649288732437516, 0.576357576677076, 0.43090364048133595, 0.4079157654023487, 0.8049389920709193
26, -71.66674011711198, -25.438539969489057, -216.4203013932354, 7, 11.648223096697174, 15.911405454077565, 13.244199865626484, 7.49971520113509, -0.9874736822633016, 0.13145855528576714, -0.08726038665703428, -0.06292414194044747, 0.179056102138213, 0.9818245589962231, 0.14469374277561065, 0.9750166975643282, -0.1685412717180474
27, -93.44007014889509, -187.8423019920808, -56.415699956879685, 27, 19.712581876688464, 33.48721661908494, 17.441952536536615, 13.114640155798261, 0.5074026674930381, 0.8615817797577316, -0.014811138053800056, 0.4371825458467107, -0.24257770774469872, 0.8660412676728033, 0.7425725248269954, -0.44590682041748003, -0.4997530919136314
28, 162.53824435884889, 85.53614023924547, -281.1272785179575, 24, 17.415463319368445, 21.52434426019524, 17.24137215290067, 14.23322592358568, -0.8755593233909932, -0.47788059926404075, 0.07089431620480943, -0.43018863962430626, 0.7044271617460603, -0.5645530162283953, -0.2198490517634661, 0.5247975863525214, 0.8223465740168635
29, -185.01572426131753, -256.4755918885756, 133.99758481138787, 20, 17.34805877188545, 23.6073972277433, 16.143734885775793, 13.699367925609955, 0.23081535685091228, 0.9663159633153564, 0.11383202573836924, -0.41770359454074085, -0.007254544771157894, 0.9085543895045072, 0.8787764096455535, -0.2572563519567164, 0.4019591909987785
30, 344.52517353182975, -172.30248931345656, -7.616855901200051, 13, 20.20531880994302, 25.105865216031024, 20.95709608439253, 15.678005937220806, -0.2763371022912563, -0.9610570284382669, -0.0026821608229623483, 0.6426444993458504, -0.1868561781608939, 0.7430294853797026, -0.7145948875816225, 0.2036029390075522, 0.6692533077017215
31, 334.52377114410183, -231.6474820492785, 291.9549104387251, 16, 15.520962988800624, 18.838720305398127, 14.996419207207502, 13.23478892950345, 0.8902198445898546, 0.3890004708086917, 0.23703852431415265, 0.2647499439359811, -0.8652712285343305, 0.42569140026148666, -0.3706967702642019, 0.31620299616117997, 0.873269471431575
32, 320.5075069424268, 330.9276294043554, 23.62755309208315, 14, 15.865355510927934, 20.224357810863523, 15.309693263351141, 12.897578947345545, -0.8849296058768432, -0.33330770277949506, -0.32527767816207515, -0.1445871826336877, -0.46730316946047684, 0.872193954593957, -0.4427122533437582, 0.8188612355460757, 0.3653383878806692
33, -310.48854479905145, 329.2668741954576, 101.61320367045512, 6, 12.209049002059109, 18.3461642551722, 13.56083405027308, 7.314991597853184, 0.6834405286535964, -0.6602428973698459, 0.31142954302115233, -0.17829073005766108, 0.262726699015831, 0.9482547638687353, -0.7078993285554089, -0.7036007377035046, 0.06184288587933864
34, -25.054452132195, 165.16539952907013, -257.90623303046823, 92, 34.462870976981144, 48.41551057336607, 32.58318199009544, 25.94635477608898, -0.10972183822732985, -0.9549223660910952, 0.27583399528520813, -0.9869824383315814, 0.137501868452155, 0.08342003714463425, 0.11758734898389998, 0.26309030942083544, 0.9575785630682151
35, 317.17032146362726, 271.6435699797247, -84.82868444555463, 144, 40.53126585260049, 56.231885340769125, 39.53295925882133, 29.952186637136535, 0.5742586848827628, -0.22999227165937153, -0.7857038359418145, -0.5094578124806415, -0.8516509703380168, -0.12305836836539795, -0.6408429605910944, 0.4709502942978984, -0.6062393258124749
36, 167.29956854322506, -273.10894536693974, 72.63293087606225, 11, 12.632955637667868, 17.000256229890155, 15.08165460426609, 7.863401581754608, 0.6014657268741861, 0.40286180000950794, 0.6898850262825004, -0.43698623678173504, -0.5570078760592311, 0.7062473043285347, -0.6687914534883387, 0.7262538096981546, 0.15897608511934103
37, 289.45522148976494, -270.81788492169125, -139.2245792389288, 184, 45.21001593700985, 76.58987545798506, 38.337188788778334, 31.471131203375656, -0.5927838169347263, 0.5643766992021716, 0.5745313636155632, 0.781527998655833, 0.2308479067529568, 0.5795888467394678, -0.19447707756264082, -0.7925832355944961, 0.5779190955118668
38, 335.677284779932, 167.5443334024635, -263.9648448458622, 88, 33.77542851950298, 54.81429638472472, 31.668027006903905, 22.19666629566329, -0.23819042065671694, -0.7233038709124466, -0.6481487744572592, -0.2384815539621645, -0.603366870033514, 0.7609697553554621, -0.9414838670562378, 0.33582723306639584, -0.028778422538439527
39, -302.0008717012671, 74.57408989259272, 293.34003941063537, 9, 12.767017635379057, 16.958141324808786, 13.978528727482773, 8.778668738183182, -0.20136662708267844, -0.6573321275386185, 0.7261996664849818, 0.8943624619799199, -0.4257316425447215, -0.13736213138048664, 0.3994587188916552, 0.6218255725215287, 0.6736213248255363
40, 17.068394103120667, -105.1703624836653, -45.418532447626106, 9, 16.475490049415033, 19.777545271057477, 17.75438734384234, 12.736114232575083, -0.8755297037893115, 0.2957454704491879, 0.3820763725898125, -0.33122191758200437, -0.9431075532331551, -0.028985933620833945, -0.3517666543262753, 0.15193011466908002, -0.9236760585620583
41, -291.4860912574092, 346.6880604837197, -166.17678598190642, 8, 13.04581304623929, 18.697404563667174, 12.694040490747675, 9.354751324571376, -0.284110396705539, 0.15385384703866653, -0.9463668824695969, 0.9583606353944109, 0.015979537541838194, -0.2851132176984613, 0.028743260257705603, 0.9879643961860932, 0.15198742335603385
42, 296.045752736649, 266.8600020729581, 352.2206133531461, 12, 15.34652248632, 21.98875018013147, 17.74865745086599, 9.261128015071792, 0.03129352985687273, 0.9703622349512128, 0.23962021611204767, 0.9735716561501351, -0.08385436834296317, 0.21243040095731486, 0.22622764050880298, 0.22663975355239424, -0.9473412673263685
43, 254.3556721414517, 343.35847870902415, -24.90029272280152, 144, 39.52821566805633, 53.53717225809201, 51.0609889859989, 22.593160120102507, -0.9879832933616439, -0.11531888263764721, 0.10291048219440144, 0.11938766298110733, -0.1465278598678279, 0.9819756474630438, 0.09816108172890593, -0.9824617761469191, -0.15853472945715133
44, 67.15848154930724, -246.57288699670875, -20.0154257833429, 68, 29.23797706897174, 37.89074541128355, 28.31605430115236, 23.29571679041522, 0.4387132705307058, 0.8242915081138775, 0.35787452537390974, -0.6285442678704037, -0.0031450607721137795, 0.777767453626081, 0.6422326444424263, -0.5661568848332488, 0.5167239225818748
45, -130.8993318477876, 267.3137132726456, 289.27312991277364, 50, 24.909823009345626, 31.88097598777447, 25.845618274172555, 18.758296292784053, 0.49865553197284873, 0.5863212421922919, -0.6384121406951493, 0.6636084683981738, 0.21559501676033224, 0.7163397164881633, -0.5576436685761844, 0.7808624652921922, 0.2815800937472226
46, 2.4812909155989527, 62.18225789399583, 15.036504044692336, 122, 40.0518951830248, 74.34504878330328, 31.42704861308082, 27.498788749589938, -0.7433757831228788, 0.0034426987050817782, -0.6688651529957835, -0.6342901866894376, -0.3210130498156248, 0.7032969365193833, 0.21229320322592632, -0.9470685137167737, -0.2408169973037139
47, -98.62402783454657, 34.71639851268108, -346.8277565334722, 36, 21.6150705897152, 27.73187651529252, 24.98691868812394, 14.573974767860872, -0.37371469826122605, 0.7966279553993457, -0.47510127865517165, 0.9245890118094271, 0.2790936073263156, -0.25931046564080584, 0.0739762363518706, 0.5361815541641123, 0.8408548373110362
48, -314.72463610665636, -168.84503777190557, -255.33760016323694, 19, 17.714342341721377, 23.586462972325553, 15.738125990932504, 14.974739071391198, 0.9562036688604966, 0.2846881512338036, 0.06802352684773795, 0.19282891617414902, -0.7875289419228965, 0.5853333876697162, -0.22020797611537224, 0.5465810298399286, 0.8079341712505387
49, -177.01091165396292, -338.21949310692787, -41.10787238594728, 7, 9.5788797097122, 16.367843881106683, 10.034924380390995, 5.351044717262386, 0.7422153128833456, -0.3100414007195364, 0.5941302543730163, 0.3800916769275502, 0.9249156727483877, 0.007830417281366414, -0.5519481374657218, 0.22001210908553548, 0.8043307313561102
50, -148.9149621089669, -235.17340139114987, -15.154253756229352, 14, 18.097668942104104, 25.54379148440728, 16.436947121973585, 14.117617141745228, 0.4258562897374014, 0.3105089038388488, -0.8498415388340881, -0.3287673467671188, 0.9281716441012421, 0.17438300027842765, 0.8429462925897497, 0.20513805040311991, 0.4973529210590838
51, -329.61936431329025, 259.12037937872185, -38.823768721273495, 7, 14.157165007675658, 22.20768187388039, 12.46617372174495, 10.24925927769288, -0.41710372737795665, -0.7331622067131356, 0.5371197811056121, 0.05819625844684033, 0.5682248054087896, 0.8208128690639127, -0.9069937574813862, 0.3736224687644856, -0.19434138705928614
52, -345.55672757562894, 107.47442279652086, -294.7862316278879, 36, 22.552212762227384, 29.02144334819339, 22.889883726472085, 17.26652277995516, -0.28714388399035845, -0.9513387083162245, -0.11181704676009446, -0.9343680373122331, 0.2524697833754124, 0.2514266877872313, 0.21096151482253234, -0.17667391018933698, 0.9613956358972057
53, -157.94293754663266, -33.80607876855312, 341.646684718633, 10, 12.804994306359987, 18.6947925800161, 13.840898890500249, 8.11434038947915, 0.6011646973476152, -0.7281649498552005, -0.3292063372192638, -0.7571847642981314, -0.38732846473970334, -0.525973281752189, -0.25548432315453923, -0.565466591590306, 0.784203605205631
55, 163.38540164088528, 295.8340614424671, 226.0104945767368, 114, 37.15003813389734, 51.92730294537835, 43.4332581567483, 22.733149921367975, -0.8428983999917488, 0.3626766936421736, 0.39747692156920367, -0.40861436207607954, -0.9120620857924767, -0.03430823173868808, -0.3500808340890837, 0.19133313238605076, -0.9169705786200739
56, -315.6277089014331, -193.77420540509587, -355.68399508402007, 5, 8.96067859285674, 18.25074453945379, 7.754848073271814, 5.083570140318857, 0.39019628161545805, 0.8989399405202344, 0.19913273249505634, 0.7687465045416779, -0.19904673257474592, -0.6077904326379855, 0.5067303756125352, -0.39024015886219976, 0.7687242319862072
57, 100.24633391778761, -330.3388224566985, 34.94765591293666, 17, 15.810248672997458, 17.96455618598801, 17.327053760037508, 12.696233094449951, -0.273426046478631, -0.7168015077855843, 0.641431052836841, -0.8059269393584704, -0.1933058056551368, -0.5595664696140279, 0.5250904355664398, -0.6699466127508454, -0.5248348030955219
58, -156.08277376015852, 172.39423058489058, 345.20880391707595, 11, 16.692976649694117, 21.712712863418865, 16.183115705008532, 13.238083902085712, 0.14588729143232226, -0.7773548781379107, -0.6119119966414571, -0.9246319028993382, -0.3270995864583164, 0.19509409186222731, 0.35181350505529246, -0.5373316052252943, 0.7664867928977759
59, 238.46055765695203, -302.40569811117115, 260.3790229827685, 7, 8.727281987108466, 12.256760019838843, 7.718419542688671, 7.026401487403369, -0.1955341478826614, -0.9338072477875868, 0.2996171239952318, -0.9552489296136222, 0.11220737232833289, -0.27369506401687266, -0.22195918427456357, 0.3397256681125864, 0.9139587468489084
60, 32.7854976745656, 96.46915459508563, -163.84866288886693, 52, 25.211785610513108, 37.880952965919654, 24.298806350655326, 17.410248919329053, -0.0574144513302347, -0.9805543002146366, 0.18766151738977394, -0.6638716882832482, -0.10289233854054403, -0.740734465355574, 0.7456392976998986, -0.16711203128513025, -0.6450547315734996
61, -346.02035682391863, 152.5425424098239, -14.701709222412818, 23, 18.048134505441993, 25.802925148957737, 17.08250283865937, 13.337563886438424, -0.08422542845640293, 0.8550503238881488, 0.5116590865215893, -0.055105842729809826, -0.5166947373396181, 0.8543944607162317, 0.9949218176813557, 0.043766334371465494, 0.09063710430785159
62, -50.19838917077057, -336.67468867709306, -219.31569641119728, 52, 27.224353407079064, 40.56323721152255, 23.82522252658672, 20.878685314238364, 0.4256534287734306, 0.2654658622120334, 0.8650705373398423, 0.7050035718499543, 0.5020168139075029, -0.5009481831816202, 0.5672645963324603, -0.8231081305358249, -0.02653079707793124
63, -322.11135661976755, -263.21145987094366, -89.26431757601601, 11, 10.367494344196269, 17.534787705854026, 10.608269514993564, 5.990683343217507, 0.9075616533478525, 0.29862615689703703, -0.2952190098713468, 0.19311797332668038, 0.32745782020910913, 0.9249199015926161, 0.3728770491069514, -0.8964339319775911, 0.2395180825083724
64, 336.90291051947924, 273.45899744362845, -209.0827942696074, 13, 18.519316606118668, 22.986375439336733, 18.71237247699679, 14.766430301556353, -0.18078253336943922, -0.9722975087233642, -0.14817297378019678, -0.9834920847657781, 0.17751719341142788, 0.035085114313524776, 0.007809918795429029, -0.1520697227381862, 0.9883389118084646
65, -26.516603976147273, 23.42523682156769, -28.993372311406784, 10, 11.810156528019897, 13.340690761164819, 11.460523171472197, 10.774179336014257, 0.46752685782324005, 0.00828687763398931, -0.8839400233460453, -0.7387384403099884, 0.5528294645196968, -0.38554519834544804, -0.48547312389286573, -0.8332532093055146, -0.2645844575173731
66, 237.4491649120633, -318.92630511062737, 133.56676683095333, 5, 7.748953973942656, 10.424657181065399, 7.324474018562803, 6.093839608470729, -0.23277408002953798, 0.9380154196383454, -0.2567942760014346, 0.9670346671972049, 0.19521160623827638, -0.16351263323872942, 0.1032481481925618, 0.2863904700065467, 0.9525336312090172
67, -293.7724039178049, -240.9655589150472, 224.13230399831664, 5, 10.391977533063901, 15.486756558727576, 10.718854841061159, 6.760607708456526, 0.6334897866812059, -0.40117251814433674, 0.6616277660862881, 0.5165872689237629, 0.8558884277343911, 0.024343230193215454, -0.57604538341739, 0.3263672930244141, 0.7494371930238239
68, -155.85824297005672, 343.1395314940947, 192.22559315840024, 24, 22.017263246602177, 34.47331927094295, 20.046066627275458, 15.444638019147508, -0.6858362678984123, -0.02538823303391583, -0.727312897767249, -0.7247890140998079, 0.113977781171482, 0.6794777041518391, -0.06564677201055456, -0.9931588508504777, 0.09657120845237872
69, 152.03139159084802, -108.77745885847536, -179.01790395091598, 11, 11.692834903470333, 15.96355535907085, 12.434708938030031, 8.053676973259055, 0.47444636440264315, -0.12968080130880985, 0.8706799280315467, -0.1371793645015345, 0.9661137422531025, 0.2186459672270699, 0.8695300278081657, 0.22317510345379232, -0.44057962269982476
70, -239.11386274272905, 256.81435749938174, -164.3251299531755, 28, 20.770839790043567, 31.30708223687944, 18.762049337072316, 15.255951525659617, 0.1936957586688367, 0.107495441526435, -0.9751546970223446, -0.0003595147489011823, 0.9939867343896565, 0.10949996623986666, 0.9810615800360593, -0.020859096539003082, 0.19256966082103255
71, 295.28700173614254, -126.39886266723003, -65.15682703788993, 9, 18.033383124063295, 21.31988401549248, 19.031762032894484, 14.453325784195252, -0.2682472614085194, -0.01632572142027235, 0.9632117511570013, -0.9626418546955041, -0.03379026428981865, -0.2686612693106772, -0.03693326867783682, 0.999295596337406, 0.006651676889239867
72, -176.04273800015454, 326.00049867945114, -189.98262933335428, 15, 18.77455672125322, 24.15444897993282, 18.188955093989474, 15.062747296676111, -0.9786122897776652, 0.12397392978187305, -0.16415983379180865, -0.11297067465488463, 0.343023575381105, 0.9325086881100805, 0.17191745974198003, 0.9311097096836667, -0.32168166806434995
73, -72.40915176703545, -73.39181388576215, 45.80398422564799, 6, 7.540688331966504, 16.593234366974485, 6.871552876679966, 3.760512471067315, 0.29010668859726885, -0.2581254943361887, 0.9215255495127769, -0.8660759485341898, 0.3388379249517321, 0.36756130371001766, 0.40712474820591565, 0.9047431070685773, 0.1252571339691544
74, 45.87977669122956, 312.7651571928499, 316.5757232829545, 20, 16.437659655636885, 27.336489839122883, 15.37688216340746, 10.565958923925722, 0.1573626915713347, 0.4865823786110536, 0.8593454323650266, -0.4811861606615767, -0.7221185688646825, 0.49699562501957095, 0.8623786071611449, -0.4917136985340473, 0.12050218497924405
75, 257.01214729002294, -291.4823568056618, 176.32447841385022, 27, 21.24640166282636, 33.00977638117625, 19.804522931742017, 14.670644559995386, -0.6865749135700957, 0.4146242337400778, -0.5972450358535168, 0.719836581816053, 0.5031458061217382, -0.47820455169465614, -0.1022261391993108, 0.7582420738639861, 0.643908979504747
76, 217.55847852859335, -83.88223033713132, -262.0400229728471, 6, 12.759261120001835, 16.71380894801451, 13.911807968224325, 8.933416212789632, 0.5790784845157662, -0.075431097911701, 0.8117747583158512, -0.09001878880219376, 0.9837064674707452, 0.1556219891879479, 0.8102868173884534, 0.16319232618007237, -0.5628530343192865
77, -55.98405607616804, -3.089049506490945, 222.08920685372922, 16, 15.955488963463935, 23.73544331294977, 13.975995518712088, 12.24475932667709, -0.6133597124422561, 0.6432943312695002, -0.4582163970323188, 0.7194142013670748, 0.21563589253722162, -0.6602608338535989, 0.32593414982803964, 0.7346247785136317, 0.5950574466130732
78, -296.4989633281244, 174.10570503242025, 252.63735658503998, 303, 53.85515392712616, 78.97054264630763, 55.365578657917936, 35.725379340353406, -0.10652557049502707, -0.9941703555060751, -0.01666154445522289, -0.6165641773218775, 0.07919269779193881, -0.783311644149269, 0.780064688390716, -0.07316980831845211, -0.6214058746717288
79, 148.40364878374865, -119.09492307723579, -178.97234702782293, 9, 10.010607321110815, 15.305622538144089, 10.17816313327497, 6.439629360013619, 0.3323820859374443, -0.605629560365387, 0.7230041386876713, -0.8813547607812662, -0.47235945310634786, 0.00950435212254122, -0.33576172294660234, 0.6403822160809124, 0.690778316633657
80, -96.59230168483955, 267.4182540224263, -225.8422166028246, 20, 20.297459800806433, 31.702251606083237, 16.301617430841517, 16.180959266339638, -0.3924963885487954, -0.9193980293262175, -0.025570464352855204, -0.1728517490898825, 0.046428324177511415, 0.9838529786256869, -0.9033652958868429, 0.3905786404619887, -0.17714250704486864
81, 352.18401949731185, 299.92543808546685, -5.77729520164921, 5, 6.862945143913278, 10.352402006160373, 6.408438540700529, 4.872347228517552, 0.3766577080949469, -0.9261583024012533, 0.018967599370779718, -0.356855437490755, -0.1261727594409384, 0.9255996064758999, -0.8548585658844061, -0.3554029173604061, -0.37802856858413336
82, -132.66799373437394, -244.09796654702208, -130.90629952359907, 82, 34.502123054143205, 44.73736942207892, 34.810386891152106, 26.3729168418047, -0.9076476441996134, 0.407532874024025, 0.10046248338862591, 0.35884173085873594, 0.6292582730706385, 0.6893958499776919, -0.2177346232761303, -0.6617786505787846, 0.7173845910422975
83, 137.63740235705345, -295.8746260983862, 108.43446885914533, 9, 14.281646257632, 18.405894514858968, 14.345626789192009, 11.032104285762335, 0.4691115858572811, -0.7028627091220366, -0.534713317713425, -0.3139718952295292, -0.6986465829098808, 0.6428954823253347, -0.8254428926463937, -0.13370476548716576, -0.5484223433318305
84, 310.2024975829567, -184.77540691288343, 30.080882958507367, 13, 12.84368349992673, 17.130895085544598, 12.862121711783814, 9.615593928200157, 0.11705806867711721, -0.23661047189765605, 0.9645272899954422, 0.8977840736849347, -0.39001184996621113, -0.20463263161973264, 0.42459529624722203, 0.8898911402381208, 0.1667710794185583
85, 66.95790168297258, 252.96312283402656, -346.9140416835264, 6, 8.29372066550021, 10.941256161346104, 8.385936771637907, 6.217695404157036, 0.30720228577567765, 0.7587766703494156, 0.5743559176570335, 0.5132184937505603, -0.6403476668422636, 0.5714557229060494, 0.8013947424874991, 0.11921757464033247, -0.5861344867948581
86, -351.21658291887627, -83.89604930693892, -214.2470339460027, 5, 8.43399699604092, 14.227045555048168, 9.568948999979321, 4.4067799412781845, -0.25899236139386506, 0.9520751929378052, -0.16271380928510823, 0.9612273417942748, 0.23754729955167544, -0.14004741291012504, 0.09468344167140415, 0.19267617254904018, 0.976683642949502
87, 282.91518042534364, 232.46589634525137, -120.01611331289497, 13, 12.153555239808753, 17.855471733320197, 10.147794664161637, 9.907567009720877, -0.13743135940993056, -0.9903959138281075, -0.015118046280064187, -0.9289309827561343, 0.13416988200109867, -0.34508791928946697, -0.34380205166121114, 0.03338228027560248, 0.9384485988252862
88, -208.18538533119514, 273.583401084022, 262.4172751479744, 37, 21.822325166671593, 36.67915367315432, 18.579963305118554, 15.24891382111553, -0.22780165905967603, -0.9479616392622603, -0.2224300668004829, -0.24392705304795406, -0.16559357894834204, 0.9555513379208987, -0.9426590035219521, 0.27193289079897565, -0.1935109970536887
89, 355.49857285567197, 227.55280483394674, 189.7307125583119, 6, 7.777667247283399, 12.834629201976608, 12.010919607434223, 3.0520278331870823, 0.06401198085164601, 0.9199616551714163, 0.3867467121020124, -0.2583353240111925, -0.35905586340002765, 0.8968510173524323, 0.963932220996622, -0.15731954733067993, 0.2146747152139469
90, 90.7611014161987, -250.9650054399877, 129.5970826824043, 15, 18.02113745603504, 20.85082826939646, 19.13956761173955, 14.665307178893313, -0.7455015307371254, -0.5042182888823498, -0.4358800119587477, -0.020963027479949766, -0.6359176684905877, 0.7714721449154013, 0.6661741657760955, -0.5842710296241381, -0.4635076534367829
91, -112.31321536721329, -214.30373129603137, 343.6242368253352, 74, 30.371285037681456, 41.89374818510047, 31.660397973084937, 21.121459050673227, -0.631001927126993, 0.7388430044237755, -0.23653241379580503, 0.7714634959185371, 0.629735860121054, -0.09097703524926339, -0.08173519699107659, 0.2398828074115474, 0.9673549484450804
92, -46.67490462837797, 87.87613024241422, -157.8228264932269, 41, 25.88071290636946, 34.73400200659729, 27.1926788920197, 18.35362636076051, 0.10139301511458433, -0.34490516915837316, 0.9331451552538906, -0.19077704129071751, 0.9138299871909125, 0.3584952928938072, 0.976382904910944, 0.21437159046499388, -0.02685599000549946
93, -87.50424974753159, 142.60927333355764, -299.24154555351134, 17, 16.11852295826356, 18.17944720063776, 16.954410344117985, 13.586649230927401, 0.6053211833939158, -0.7958081775551984, -0.0166014900193666, -0.7125731635110376, -0.5510682753564423, 0.4342386930474398, -0.35471925741135407, -0.25102410328880653, -0.9006448511980669
94, 9.032538138137213, 325.5127342587862, 310.47939397076254, 41, 24.6058112272468, 33.640236157627626, 22.042178797075124, 20.090905304543906, -0.901187335528133, 0.19355783589308706, 0.38781019899957364, 0.36267271489510655, -0.15320272386526393, 0.9192374161612855, -0.23733918377359683, -0.9690532955233411, -0.06786620868322377
95, 163.01051501023983, 99.9224336387141, 49.44061680749782, 8, 14.474730210958818, 19.02424610683294, 13.415829706343692, 11.882462188676241, 0.10929723163724686, 0.9908965125801598, -0.07860163174458383, -0.2980892514837405, 0.10810998333656704, 0.9483960299647141, 0.9482599397350373, -0.08022675899875518, 0.3071917216239051
96, -138.7636341854037, -72.82576851141623, -158.49625167830925, 13, 18.111823363349178, 23.69783078742471, 17.66765867946181, 14.190540172232, -0.32676907122814386, -0.9392037923368498, -0.10544292555110389, -0.9335162112243425, 0.3381648163707504, -0.11913035024831212, -0.14754476429221547, -0.059504566455152806, 0.9872637687573361
97, -8.36969810496733, -10.39503961086762, -347.3049162021904, 13, 14.651966861180588, 18.724776484657404, 16.436534222229977, 10.220235251957074, -0.868224975692273, -0.4665124390109779, 0.16897199718349903, -0.06470118029152155, 0.44409420685486894, 0.8936409193332795, 0.49193408994806964, -0.764948677811769, 0.41575758737633495
98, -13.95248129413675, 99.2462528557893, -225.86507303388433, 25, 17.49362657382754, 31.081732983848212, 16.448245994943143, 10.471640816513718, 0.528287297892244, 0.156836288346112, 0.834454857702636, 0.7350912092319204, -0.5763234032496465, -0.35706056765862315, -0.42491580930304823, -0.8020309928703261, 0.4197533102666073
99, -95.94118337316498, 164.22345956774498, -144.51286632588528, 27, 22.305001248007695, 31.769709093664417, 22.097079266682094, 15.807334514226625, -0.14242247535329802, -0.8563304008852328, 0.4964011311771719, 0.1151708930056632, 0.4837698855941677, 0.8675842110115213, -0.9830826536555903, 0.18073445247639547, 0.029724632370146623
100, 277.44735541677824, -181.08900087844074, 18.05330529180669, 6, 9.30797267536267, 15.269996937942887, 10.295941087363547, 5.129325978783003, -0.5580240971710619, -0.4984445083168066, -0.6634471939086322, -0.13600232449996202, -0.7337577602132295, 0.6656597607317659, -0.8186039791663783, 0.46168454755999966, 0.34166489991992166
101, -92.00946704822596, 59.81802417549622, -136.47299643499602, 23, 18.07200262667168, 24.988372063708614, 17.193159896148078, 13.73805267512272, 0.8332270755442301, 0.4258765189827821, -0.35264972870983163, 0.4175915060711404, -0.9027209757652878, -0.10349963270757773, 0.3624223704978031, 0.06102483504667987, 0.9300139756316991
102, -348.9483375361318, -249.87366068153173, 208.55959580891877, 21, 17.3865052040851, 24.526757556862414, 16.721402185960674, 12.815160617448436, -0.26629081352211115, -0.8726525990012719, -0.40934904921113185, -0.24160192771705027, -0.3506977884923941, 0.9047870300075865, -0.9331225595585704, 0.33983599368352596, -0.11744695074795594
103, 296.41139814407313, 179.2457737489357, -27.88006012783382, 23, 17.833649079256414, 24.631234970022213, 19.556222120887618, 11.774690520043881, -0.9519142139272488, -0.26144158001987555, -0.15971108151903177, -0.30431811266472947, 0.7467495545238616, 0.5914013773424877, 0.035352731541489386, -0.6115663521279808, 0.7904029233988383
104, -192.4617183391388, 46.108877158135655, -52.94921956829195, 13, 16.87216266016026, 22.294485675879933, 15.259304498759933, 14.118223857854787, -0.9650406441639616, 0.054497308106839545, -0.2563719924654678, -0.05624287257710886, 0.9123011107984124, 0.40563952287746585, 0.2559947155624135, 0.4058777237606031, -0.8773425664807508
105, -109.12260033207653, 348.74815183339723, 157.71598101686823, 25, 18.961065949494863, 26.799408011778777, 17.03264133730753, 14.934168398738, -0.64679850769818, -0.1633920281525773, -0.7449528411755973, -0.7065876058210981, -0.23923196030982893, 0.6659594765947285, 0.2870289980810558, -0.9571160401448218, -0.03928409293952418
106, 261.68698815289537, 237.47939068847103, -254.85762872881304, 13, 13.735286398881339, 19.043303363967823, 15.32599464109639, 8.8785532377329, -0.22603046527990914, 0.9688165360269333, 0.10151230608217769, 0.9651586595850092, 0.23683455370631237, -0.11125716156185313, 0.13182939957921463, -0.07282797327611015, 0.988593493664144
107, -270.07560383233135, 290.7208422107322, 70.91345010722428, 38, 22.460338305021878, 31.01904748926014, 21.035949922095167, 17.364340541686413, 0.15772986805547815, -0.7573195905100237, 0.6337099703751957, -0.9265537170789839, 0.10842833925973677, 0.3601964805665006, 0.34149597082589367, 0.6439800719549521, 0.6845948939588835
108, 56.00492393805751, 92.40139054250805, -220.25521279184684, 13, 14.579261519267321, 19.861675990059, 13.575232218810848, 11.493264955962397, 0.008642929114577287, -0.7650187505978963, 0.6439500066076204, -0.7228837155147053, -0.44972844053616906, -0.5245793206146806, 0.6909156487010374, -0.46096707149918964, -0.5569065679029883
109, 94.44812113310799, 16.062867705029586, -283.9318442199167, 11, 13.227258414650914, 17.198522554431012, 15.474998786606482, 8.695363677522678, 0.4047609781619029, -0.22013826169610282, 0.8875289833548186, -0.737939069784207, 0.49454704550496165, 0.4592049096735931, -0.5400134070960085, -0.8408105407996094, 0.03772472182573288
110, -270.7182426414282, -74.55450355299702, 323.0499072749117, 62, 28.923475042044878, 42.771148996541875, 26.14540949023885, 21.63739862934295, -0.9231649705565116, 0.2479043876358791, -0.2937853837893829, -0.004326832464139856, 0.7575123344635147, 0.6528065116529272, 0.38437965042158834, 0.6039192642452422, -0.6982362111887802
111, 128.45775740457742, -56.78341430577782, -97.8485459759287, 18, 15.186239712569174, 19.679115637537958, 13.871162022592056, 12.830167622455214, -0.9678707023570148, 0.15357685048292014, 0.19909910726742538, 0.08337759604736025, -0.5509940386461403, 0.8303335148323107, 0.23722242726247939, 0.8202558871304494, 0.520486118577179
112, -292.61667302249344, 315.6798466107944, -66.18853641057964, 28, 19.142823867045532, 24.492806218363583, 21.760502169706257, 13.161656446200828, -0.7128613891902819, -0.35027012599915175, 0.6075684970719265, 0.5714511141386697, -0.7923226378178352, 0.2137018056803941, -0.40653691585312857, -0.4995354606371073, -0.7649784700334377
113, -152.60335051063947, -153.91515238917287, 35.0385491985982, 8, 10.951233035576912, 17.669775757616936, 13.877016793400962, 5.356263203931847, -0.9161050450674347, 0.39530121844684374, -0.06699621703077131, 0.37539160212416084, 0.7869807421321673, -0.48963502383689733, 0.14082858891805078, 0.47370693282613485, 0.8693497859525857
114, 337.580368436924, -74.44834115395795, 162.14221048991197, 7, 8.979057964001017, 13.547881608578423, 8.004565428132754, 6.675490370952854, 0.1494118913361419, -0.13126282629875674, 0.980023549288189, -0.6892837409424689, 0.6967925851195036, 0.19841375404652462, -0.708917492519199, -0.7051596725242768, 0.013631766053815926
115, 295.0922160013441, -194.79335443547194, 147.92401115728273, 90, 34.936565317368036, 44.96101419850188, 39.28820860334724, 24.14027943623967, -0.9285562006404208, -0.361908816186872, 0.08249479388690992, -0.3688646581434649, 0.8748110479057879, -0.3140772109445097, -0.041499954517222264, 0.3220677556480845, 0.94580659468354
116, 25.826718447559156, -75.80007730138811, -181.6521297803074, 39, 25.40149706691328, 28.917387536890036, 25.703833158191443, 22.050629402317938, 0.12996226223969834, 0.25858813544400083, 0.9572053001321791, -0.5848112179632988, -0.7596016546473033, 0.28460703716064695, 0.8006907328911853, -0.5967725718099596, 0.05250569300088292
117, -332.367858016169, 127.29805255976572, -8.474716678278973, 9, 14.564368201931469, 18.02246622209367, 13.792432621845366, 12.428532666624463, 0.8093447675304373, 0.5864675042590202, 0.03188908464190548, -0.29956693976896254, 0.36549228814863866, 0.881291686050272, 0.5051937211293912, -0.7228217302710731, 0.47149554651064385
118, 266.5108256212285, -334.0641885415941, -20.714833051800632, 115, 40.95237542639774, 48.804105971503546, 42.78487683548276, 32.8920276092936, 0.7063766032598756, 0.26339259906974016, 0.6570056568419541, -0.3619289687464156, -0.6632784946531248, 0.6550336328104387, -0.6083087340727537, 0.7004898124069843, 0.3731949983116491
119, -346.227796145564, 167.05295178137334, -349.7619696964255, 7, 10.349190950752046, 15.943265301074744, 12.828548030588552, 5.419564917462887, 0.12800151016363226, -0.9746713859958201, -0.18338839308095972, 0.05817172301474593, -0.17721275601982853, 0.9824518765544459, 0.9900664947554407, 0.13642334266848852, -0.03401481350575
120, 187.78930376258558, 119.64209295707627, -316.52025022186933, 27, 18.354706609643166, 23.144383346090834, 18.405591509791655, 14.515999601449034, -0.2582493187540435, 0.9461397122166499, -0.19526119514554663, 0.9554873639414095, 0.22030068035409403, -0.1962434905514566, 0.14265758553742994, 0.23724935237449724, 0.9609170401686674
