# Void_ID, X_c, Y_c, Z_c, N_particles, R=(abc)^(-1/3), a, b, c, vector_a, vector_b, vector_c 

0, 154.98598947972502, 298.1099735221735, 325.56844146463067, 150, 39.65681974570536, 57.26460121105026, 36.917017001034196, 29.501276475867314, -0.06696091108109459, 0.9433457294783222, -0.3249847243520869, 0.7212548896704741, 0.27082681962300664, 0.6375297780490882, 0.6894255728602038, -0.19170724672765918, -0.6985275306231532
1, -231.1335417713844, 169.29949163363315, -334.71097886758787, 20, 14.017237864852836, 16.851563137413425, 14.554311657390423, 11.229371948669012, 0.8636479587053453, -0.5034217470687758, -0.026052792601020048, 0.14106570791753323, 0.19174224837344875, 0.9712545373064775, 0.48395523498957566, 0.8424971541595355, -0.23661334653664062
2, 318.20405265234604, -142.9824553954246, -95.46686563273269, 5, 7.850968233327895, 10.463090086238285, 7.606749700495135, 6.080097864981006, 0.044622323863944546, -0.07799794955936633, 0.9959544006015114, -0.6693559609333786, -0.7424082856580433, -0.02815199725132698, 0.7416005972057568, -0.6653918073216859, -0.08533637544005196
3, 204.62956324659447, -175.1068948818622, -37.53210629119671, 11, 14.904037708074233, 18.626892899348928, 15.755920614468362, 11.280481057871173, -0.6966729906786414, 0.28889033743228376, 0.6566499196658282, 0.34318326506962366, -0.6695953544633768, 0.6586860465025938, -0.6299777699530592, -0.6842400413738776, -0.3673466688914502
4, -219.6092737956635, -145.56900976753224, -173.94441003540732, 9, 10.84253043137721, 16.472897886178604, 9.809551404118563, 7.888107046462912, 0.6020467474414711, 0.43831664836185197, 0.6673966059727737, 0.6596790640873137, 0.19786413217136556, -0.7250333217204284, 0.4498480257820754, -0.8767715215316391, 0.17002485915613574
5, 16.282105426818326, -94.07058631576103, -72.38081094678402, 20, 17.441155100355054, 20.75018571543741, 18.594681355242287, 13.750389615100513, -0.6667154983992221, 0.6725534043068648, -0.3211889826091856, -0.6250757522504307, -0.26986632539764116, 0.732429157232925, -0.4059196326156643, -0.6890893155256592, -0.6003208867643558
6, 170.5636653197019, 272.45883803307396, -8.736632443018888, 42, 23.942470612734322, 31.86610532871947, 26.876119164370103, 16.025490969756422, -0.23824990708867672, -0.317758104900118, 0.9177509294697132, -0.7915064666595951, -0.4840747958811963, -0.37308056131165757, 0.5628094659902941, -0.8152922045272256, -0.13617681971927637
7, -309.97874631120004, 48.90089145494231, -214.41068100018327, 5, 8.73324249626953, 13.443511731103879, 7.398769541961465, 6.696599523890859, 0.8678029892551815, -0.3033633204126245, -0.39355897609888, -0.2834286707072898, -0.9527305178801602, 0.10942005721484747, -0.4081496789915077, 0.016590844705106335, -0.9127642540169395
8, 184.71844716790594, -20.157471874765434, -211.97162926010088, 49, 24.513870739040502, 36.70752684549213, 23.12615986479693, 17.353098289879604, -0.06962703842129112, 0.9250111531645425, -0.37350561179436553, 0.10625367955050473, 0.3791610762939891, 0.9192100052792955, 0.9918982967535829, 0.024315524768903148, -0.12468570147596705
9, 143.7856761476475, -25.858516578659685, -79.2238072562795, 14, 16.574765429730572, 20.551408506184593, 16.89075560648324, 13.117512978532867, -0.5180537968611286, -0.8442856967149025, 0.13712011479137654, -0.8180702895723538, 0.44225751326108664, -0.36765376821559304, -0.24976241686205364, 0.30263832256796597, 0.9197982283286228
10, -260.6839957673443, 45.4729867772967, 326.655969729573, 71, 26.446013919178647, 32.89837755231552, 28.012267540894143, 20.07048746299814, 0.1081894075704318, -0.9507564716119862, 0.29044308182066486, 0.0841934033518056, 0.2998711791350875, 0.9502572003179836, 0.9905586923154021, 0.07835437200347112, -0.11249030832183926
11, 142.85487460429266, 237.32550960815306, 299.5380896344496, 95, 32.33730342869271, 56.57355249688989, 27.987631841513267, 21.356584678574723, 0.33646838225972553, -0.9411225685623382, -0.03282283781378612, -0.7788368165714038, -0.29770258281694306, 0.5520746193559734, 0.5293413273989125, 0.16019201954762863, 0.8331484117375544
12, -158.86663379717788, -206.07698784355293, 145.52673221423606, 25, 16.53757767342645, 21.220891335590647, 15.89259838532058, 13.410876427390912, 0.278651805467529, -0.31792064309601403, 0.9062447991592025, 0.7329153290885426, 0.680190594342673, 0.013261815667337364, 0.6206353935256343, -0.6605052763310664, -0.42254524993437426
13, -171.67188250855918, 276.7202425304337, 29.543812614989164, 67, 28.122749652792876, 36.01969023271509, 25.46611190038561, 24.247709803777212, -0.11444389121562087, -0.9555241578675848, 0.27180172827793075, -0.9689159514165698, 0.16776557996643116, 0.18181471136585828, 0.21932732354622528, 0.2425454471021255, 0.9450223443051912
14, -303.4019211705968, -83.45781818672722, -56.75718027762921, 7, 9.296039836185734, 11.87278371763987, 9.243860869665394, 7.319610503080314, 0.8494684643466183, -0.5275459601296779, 0.009929150590791752, -0.3222423343185805, -0.5037984344595171, 0.8014655422468591, -0.4178076184723185, -0.6840192960633465, -0.5979585241130805
15, 28.01064717901788, -131.99604029857636, -257.708344105269, 78, 28.28949415286054, 51.97853626498556, 25.630233960267006, 16.99412974300711, -0.4962722801716531, 0.6320025569937431, -0.5952197845221534, -0.24839549587955284, 0.5535780999644505, 0.7948905364051706, 0.8318734889152195, 0.5423320525223628, -0.1177388773808439
16, -180.07601124844484, -163.86115151785924, -210.79977978932922, 41, 22.639830272823364, 30.075425104645145, 22.822268607815584, 16.90631330242597, 0.08178788367512393, -0.5732825913884823, 0.8152654858969874, 0.8679590787793734, -0.36108062641170685, -0.34098067217159245, 0.48985485569544635, 0.7355051676508031, 0.46805380963149684
17, -142.87247931109962, 271.15706106018695, 26.562456355421407, 41, 24.016403913782057, 43.858116698365265, 19.911247453103037, 15.862640747728776, 0.48545248429693266, 0.8722786031000664, 0.058872099195911146, 0.3846652930684599, -0.2735792333787, 0.881582109262931, 0.7850913945512918, -0.4053201717626695, -0.46834502299457403
18, -68.1117661120764, -274.57339018512926, 260.7944748473142, 26, 21.83174469715168, 30.596019504943673, 20.54563692344773, 16.55315546010268, -0.8587759992359796, 0.1521204197454866, -0.48924754576052965, 0.48531103369711903, -0.06459925114373594, -0.8719519122769915, 0.16424671597349708, 0.9862486069182179, 0.018349431702262838
19, 219.46257001538268, 180.83543760893164, -42.05101667426708, 67, 29.79694153225373, 42.60234597030704, 29.34757321923138, 21.159692719838294, 0.4366233614784245, 0.8009625744050359, 0.4096571671699864, -0.46260441466108965, -0.19065364794840894, 0.8658223501735415, 0.7715939319015874, -0.567547479006313, 0.2872849862527226
20, 299.9885222279732, 50.43893741205098, -23.233117972154968, 24, 20.194396775931676, 24.933634630338883, 19.57360311040552, 16.87470874440188, 0.4989496944816407, 0.503585537380691, 0.7053019274875676, 0.7572728523056707, -0.6490881195057481, -0.0722664533329643, -0.4214107610604073, -0.5701633271769523, 0.7052139751912153
21, 343.78676162915565, 329.03578475397546, -343.9085672726124, 37, 25.524193558110664, 31.502589301359976, 25.95751198200287, 20.33512159168019, -0.30784153900197164, 0.7814300198048719, 0.5427713247884923, -0.6233916911541997, 0.26530333406157275, -0.735524942021493, -0.7187603121102362, -0.5647842641961359, 0.4054655949049504
22, -229.4294398619764, -159.4856891303617, 98.02152069847101, 15, 17.464129041149484, 22.327999332677035, 16.678947710492714, 14.3028418775242, 0.04101856140721316, -0.9989801487005072, 0.018871675134853202, 0.7283122241875258, 0.016963854328111386, -0.6850354237157038, 0.6840166531007131, 0.04184363928540845, 0.7282652869197126
23, 311.2327463228106, 239.06071681707425, 271.549362882038, 104, 32.91593490501232, 47.772794358153405, 35.77385110569836, 20.8675875475528, 0.40462489762211507, -0.48313350485604534, -0.776441052952384, 0.8318447393287249, 0.5471552326854305, 0.09303483753991229, -0.379885537860311, 0.6835226169121743, -0.623284694416697
24, 346.1209991519134, 133.14263584361498, 151.67874962855703, 10, 12.424589013226008, 16.35917361176445, 12.08590164189377, 9.700758178592471, 0.11304207358567049, -0.018028153210605646, 0.9934266330692302, 0.5083634477556609, -0.8580072835123833, -0.07341734417477995, 0.8536908659376823, 0.513321037102041, -0.08782606835703757
25, 316.87880059417995, -94.39858340554831, 72.75571864298128, 10, 14.734359420248257, 16.873858448635303, 15.58558735440569, 12.16343401286739, -0.6608520345173684, 0.49465083648733493, 0.5644423251640815, -0.21969892450408526, -0.8466277826098316, 0.4847203114012327, -0.7176398616618251, -0.19632103217826338, -0.668169949397949
26, -130.0610449647461, -205.42749123358624, 326.08405803489944, 11, 16.229655021008043, 20.522880142832545, 15.351535485260502, 13.568684238005858, -0.3446669739278347, -0.9282259571665948, 0.14000446252026502, -0.08956698015675922, 0.18098082888656353, 0.979399660833682, -0.9344423113007179, 0.32502694044908287, -0.14551651051781264
27, 48.65451979736278, 289.8626262827543, -345.77221977111884, 12, 15.252046399250187, 18.325631203199443, 15.246922943985405, 12.698230484977291, 0.44255512089615057, -0.7210724105947277, 0.5331036893960706, -0.32209980698742774, 0.42699546930983484, 0.8449417633941027, -0.8368970541872254, -0.5456458997078436, -0.043288252733998
28, 328.4326191579167, -208.0305417542911, -255.11692607785875, 7, 9.204831076075369, 15.616241985739588, 12.256460543129112, 4.074795962038042, 0.056724845857138544, 0.9921515227376615, 0.11143450000706112, -0.5000337295135978, -0.06837398182009292, 0.8633025355915432, 0.8641461457480479, -0.10469171189452069, 0.49223072257772377
29, -156.04744319473488, -293.60720545034417, -235.69363985968923, 9, 12.860433348367179, 22.582373828863005, 13.4505858356245, 7.00254673602844, 0.28466483558507966, -0.4069876745033633, -0.8679441019925557, -0.4609827274912771, -0.8519628650172612, 0.2483026411182186, -0.8405122582901582, 0.3294242089372372, -0.4301381571426252
30, -226.80247529560197, -86.5601643575702, 141.99076050961384, 7, 8.864516617007201, 13.06592556245291, 11.147947694534505, 4.782225747494199, -0.8449393614529246, -0.4069560407303345, 0.34707961101253726, -0.5309061550615063, 0.716904567897371, -0.45186999794818394, 0.06493173326911328, 0.5660694493089824, 0.821796354685085
31, 145.09954783429322, -12.770367339227366, 307.45308033653384, 71, 32.33172629175645, 40.389825079921756, 35.18533800981794, 23.782252233885497, -0.9970119537854911, 0.051749062926852205, 0.057351534373811804, 0.07252584705948127, 0.371500525584387, 0.9255956790082963, -0.02659258387488073, -0.9269894249540915, 0.37414360946853037
32, 303.04133190405315, 108.26649372131072, 107.9946499864642, 50, 24.773049244335237, 31.35412995528302, 26.054428555567707, 18.610673559593828, 0.39856593962527126, 0.741482052776876, -0.539768058688558, 0.5991719448614575, -0.656090355010639, -0.4588446649498632, -0.694361701321121, -0.14053402247073113, -0.7057705124660808
33, 334.4019625791667, 215.81364972865674, -339.8219022976833, 69, 27.831082809099982, 35.723472763759, 28.84876980588023, 20.91747897758043, 0.4722312105866935, -0.793171400054498, 0.3845475443731413, -0.7921313435812319, -0.5732319236581029, -0.20960223332642, -0.38668542546108114, 0.2056314466097506, 0.8989939320713817
34, -233.1816512506381, 60.814363654448734, 273.1329203320869, 10, 10.32983211133428, 14.653592221380565, 10.427809035640989, 7.213443226487888, 0.3875546382069078, -0.5911882959822802, -0.7073173270165809, 0.3872893379975972, -0.5918656482923675, 0.7068960482594582, -0.8365454985102098, -0.5478973015675691, -0.0004193534081414368
35, -8.490260298711558, 131.0833805217209, 262.04586796475843, 105, 35.04767421617688, 50.641442578261426, 39.06573182960551, 21.76083603653682, 0.3014099812025709, 0.9023863167450975, 0.3079788281403163, 0.9165494719689626, -0.363242121404146, 0.16730877643217507, -0.2628480334050108, -0.23184929715018002, 0.9365665031091418
36, 290.5824074267721, 191.0492365345239, -136.6916232018977, 102, 34.773494967322826, 43.49571719764086, 38.46085758122293, 25.135039212319892, 0.9589751297925994, -0.24623279109864243, 0.14048527690487628, 0.1951429903935258, 0.9328251348540193, 0.3029133227259126, 0.20563539028956135, 0.26307162593550926, -0.9426067079583653
37, -171.92235287094846, -79.91167559026593, -273.88392793261465, 51, 24.940589488917862, 32.94965581517456, 22.690773199677146, 20.75008905889381, 0.6183014955658377, -0.21538245277045878, -0.7558529351796085, -0.4734791262150766, -0.8696889566080618, -0.13949421419036823, -0.6273123445458856, 0.4441300685526278, -0.6397090780876744
38, 269.8295903846674, -180.03504865848802, -85.13632318952453, 13, 13.230967761758206, 19.179952369794133, 11.657717615891153, 10.358903281368704, 0.3348207652522704, -0.6049385580138197, -0.7224571933229293, -0.6482037176734431, -0.7043441084909678, 0.28936364185638674, -0.6839056920001547, 0.37141448256930565, -0.6279524556744437
39, -165.16978715730932, -94.54045583909797, -159.07494510225123, 9, 11.050154062263369, 14.76424360137787, 12.172579734730197, 7.5077736189203526, 0.5830007496095894, -0.07036013968367973, 0.8094192836215047, -0.48989211760423, -0.8252128603839954, 0.28112176750672946, -0.6481634354573704, 0.5604223280710335, 0.5155685940159097
40, 135.52448123687768, 342.88290214260365, -339.2218590083436, 9, 11.196091726990682, 13.265087558893706, 12.473923018737151, 8.48176358665452, 0.7943166377393182, 0.4823101598095065, -0.369375132832508, -0.597452569053308, 0.7303366489173782, -0.33114771172353974, -0.1100522909443728, -0.4837202590264994, -0.8682759954445541
41, 234.61187620986334, -189.11279521716148, 240.84136888170033, 40, 21.61963820272445, 32.33903553023131, 22.596288702896242, 13.828691472848464, 0.6974857163999629, -0.7117624398910858, -0.08311380498039363, -0.34687757550431686, -0.4368368796414358, 0.8299695706454427, -0.6270483418607194, -0.5500616054092686, -0.5515819134310883
42, -330.53603252745535, 181.01500299955907, -140.1600106969134, 18, 15.908185696014005, 24.67391115816448, 13.933495683472671, 11.710188109199983, -0.6487012732919774, 0.6985107390701416, 0.3021082677336916, -0.23925615580418913, -0.5640201224138548, 0.7903403022888696, 0.7224563308181118, 0.4404134976541298, 0.5330035657900302
43, -98.89613163892973, 333.05203222138005, 315.1297206046179, 173, 41.73590821445922, 65.39651190058314, 39.79651909380184, 27.933794517992798, 0.6260850119956692, -0.10069616843323591, -0.7732256070625494, 0.40328322507790154, 0.8905184412681316, 0.21056957551399463, 0.6673681129070735, -0.4436633717406065, 0.5981493245424657
44, -181.40022851739127, 201.9033581931772, -107.02046331108265, 63, 29.197569967117833, 43.60425980160451, 31.395212617335673, 18.18225634060828, 0.7320110362424852, -0.6746378415946263, 0.09499276555478894, -0.19246628951375144, -0.0710235583657773, 0.9787299839883683, -0.6535415596731491, -0.7347240548978962, -0.181835070694245
45, -106.37632016687738, 97.39272934223452, 75.0079166761076, 7, 9.604612601179243, 14.79398157762331, 9.691439311930443, 6.1796830795602915, -0.7382420242337938, -0.34209581504350073, 0.5813511563460708, -0.6693412152525031, 0.2647663390850165, -0.694176579302284, -0.08355268529193316, 0.9015926125569352, 0.424440466689107
46, -9.152216799317955, -334.789462262044, -204.03945373850905, 87, 29.746792297914812, 39.551407066581994, 35.649177888551705, 18.6684803009814, 0.23864862134898734, -0.5587305854959955, 0.7942713442895506, 0.692590063631444, -0.47539328870147934, -0.5425128798623903, 0.6807098054877866, 0.6795743917253603, 0.27351929881433606
47, 199.61983415536884, 16.79273526068951, 105.2281289049424, 16, 14.623165508922032, 20.01142880408204, 14.94488119432461, 10.455712221806754, 0.4831107392427033, 0.8709608241242338, 0.08961727773819303, 0.7826390816029993, -0.4754592395458352, 0.4017643332578316, -0.3925303575215338, 0.12395868009676296, 0.9113474442015433
48, 273.46576104422365, 346.205632332522, -120.89851730848366, 130, 36.893575084123924, 81.61491691011891, 33.24572320219415, 18.507463310296206, -0.9644055196099903, -0.07228202297942254, -0.2543566450867499, -0.2641369029583078, 0.2182354900632892, 0.9394705782367159, 0.012397186833237008, -0.973215587642758, 0.22955986088117214
49, 106.38055155626513, 169.45657304603714, 285.01992950082996, 7, 10.263329780466847, 15.640427775008078, 11.857219360654653, 5.829527695966849, -0.6832651197685686, -0.38685188085266564, 0.6192692454727577, -0.7128653269076723, 0.5369722551061802, -0.451091812094834, 0.15802468731328584, 0.749670874135402, 0.6426677047064062
50, -239.1119205353763, -127.24130302073847, 179.13468486380916, 15, 17.283843827519895, 22.308148402600917, 16.272272024241836, 14.223591789590103, 0.47450351557257137, 0.1703602238995798, -0.8636109122875623, 0.7702043717088578, 0.39465283039954085, 0.5010333015461096, -0.4261826363307559, 0.9028989631019172, -0.05605196624249085
51, -339.824169026234, 304.62085538275375, -265.55970432734455, 22, 17.705236391491123, 24.020547446669767, 17.053032960826286, 13.549418477447926, -0.8926186174633389, 0.011038654574847678, -0.4506774366029593, -0.44349308679013116, -0.20091655994765248, 0.873468040576278, 0.08090664822620248, -0.9795461622833189, -0.18423742895737366
52, 139.81452527921277, -51.27564292915297, -242.74225625800307, 9, 12.030259551798265, 14.049902908744127, 12.12014300561387, 10.224543447645019, -0.6709244527645419, -0.3027976911471122, -0.6768854680952886, 0.05207715072639665, -0.9298148398797856, 0.3643244898597248, -0.7396947674918486, 0.20918394244135147, 0.6396043536201684
53, 349.95900432323754, 173.50582978931416, 245.86469912778165, 25, 18.459562677353144, 19.95400480109223, 18.183403334056266, 17.336402423049325, 0.2983034242618655, 0.8855717115033737, 0.3560587182735886, 0.4393736170624356, -0.45857384839291726, 0.7724382500883692, 0.8473286798539961, -0.07397816809772188, -0.5258909953039598
54, 347.5037883035849, -246.03033848786637, 114.03033274445635, 74, 29.045841431311896, 42.54612353860707, 30.953985070952882, 18.606955574748774, -0.0762371005755271, 0.35981950115020456, -0.9299020545669607, -0.15675226678297896, -0.925344464732606, -0.3452047920396305, 0.984691135003375, -0.1194468424896412, -0.1269481014628422
55, 344.88867360345125, 0.21762749279087115, -295.37571140766926, 78, 28.666078710715915, 44.75241672804281, 24.880173852870797, 21.15606843526079, -0.003111323218513551, 0.9736994217756164, 0.22781517882191324, -0.9781910967224042, -0.05027739796729319, 0.2015300512247701, -0.20768364875658835, 0.22221975449421377, -0.952620534500323
56, -265.0322055227027, -51.55468420316067, -233.86130846685114, 17, 14.358042127955914, 18.59294066236678, 14.256610519518624, 11.166608789613317, -0.19315851247879415, -0.2812836130450913, -0.939983679693046, 0.02343429786508809, -0.9590749299893585, 0.28218099218316833, -0.980887670806678, 0.032477803161642574, 0.19184517080511532
57, 226.32576367395203, -346.39803388141166, -72.04014305923813, 12, 15.791803446138427, 19.285469522415646, 16.05768613907697, 12.71692201393142, 0.2229630225626326, -0.9246592268387402, 0.30869532680576495, 0.9105268847531511, 0.08443500106954657, -0.404736362013728, 0.3481785213241296, 0.37131663686989375, 0.8607529683202807
58, 48.655635677092064, 177.79935779695847, -356.327165291554, 5, 7.327848084823237, 16.358560888356603, 8.532879305915554, 2.818958447908968, 0.2052886525643793, -0.9531309759166023, -0.2222564102035462, -0.7309246505614097, -0.30033035069078756, 0.6128220260855752, 0.6508500014058413, -0.03664728096617906, 0.7583213385285965
59, -326.5665079307711, 179.99630444416923, 20.282815250345518, 29, 21.763443127306225, 30.793597934767565, 19.18701658178272, 17.446765696482608, -0.9807379487158993, -0.15982001231596274, 0.11229710420066766, 0.02231811971666079, 0.4794620862032518, 0.8772787524076587, -0.19404890486896056, 0.8628868243037143, -0.466659780742039
60, -307.5752038301059, 217.49567418967428, -184.41519846094465, 599, 72.32706289784524, 101.56730942414828, 70.56914366744223, 52.787815816945425, 0.1498926195178413, -0.007960698664653931, -0.9886702331368383, 0.9066316087889731, 0.4000004681595751, 0.13423394286408785, -0.39439996014046136, 0.9164803613547274, -0.0671745390182214
61, -177.8511310892525, -257.3873616344713, 211.319599010398, 17, 15.34024925481543, 21.885264349496854, 15.299108853960329, 10.781503230632643, 0.6430346968668493, 0.03563243313314894, -0.76500765246785, 0.6764342413692973, 0.4419471738684499, 0.5891684076839433, -0.3590864738868657, 0.8963330994773657, -0.2600843691050964
62, -303.10819153913457, -282.5730493345474, -49.23326055981361, 24, 18.55676229111807, 28.75017871362514, 19.887662407457352, 11.175895332928611, -0.3251538047590905, 0.1452812737367961, -0.9344347782226973, -0.06246977857485129, 0.9826703023848467, 0.17451820413837327, 0.9435955330624961, 0.11511919176352814, -0.31044329864278924
63, -188.94085093409007, -69.84883284074866, -236.44209032021976, 32, 22.361837506638988, 26.609157070430125, 21.196094447025576, 19.826018124460536, -0.8937847098545141, 0.39609049473738356, 0.210383488917208, -0.10387569500187631, -0.6391514309696898, 0.7620336529821204, 0.43630119461005334, 0.6592402963018067, 0.612407951706823
64, 336.62170695769345, 310.1602033775045, 342.288423322747, 28, 18.29483146104154, 24.643053101876696, 19.046793813344173, 13.045743805591716, -0.7281833842022993, 0.44597850873969264, 0.5204345575708885, 0.014558716515955887, -0.7490983544007142, 0.6622987990382815, 0.6852277013847985, 0.48985184002559595, 0.5389881001269355
65, 17.69156437779686, 245.14385627426267, -276.39136240919777, 47, 26.762424125698985, 38.766638867930006, 23.58306375977196, 20.96611547109174, -0.3608220527953402, -0.11159714178926397, -0.9259338659758718, -0.2060761365185289, -0.9587353016588734, 0.19585516922120175, -0.9095823614022835, 0.2614817379809431, 0.3229353318054731
66, 32.17769107209321, -73.03937641101943, -70.11024083159597, 13, 14.933493928781878, 20.198516050233824, 16.843168681862757, 9.789060832124877, -0.5697861359592006, 0.6184244336338507, -0.5411977264857405, 0.45057513390682624, 0.7858403309935105, 0.42360007423140916, -0.687259636508306, 0.0024887885930374594, 0.726407597673517
67, 8.380923379626424, -135.43108037499908, 338.16745833947, 7, 12.763147577044196, 15.663955183328461, 12.965531626924223, 10.237209992919897, 0.651316341129936, 0.3355656557626908, 0.6805752819855186, 0.7120833645622767, 0.03956755653535593, -0.700979094113005, 0.2621532103384943, -0.9411854754204279, 0.21317972503698449
68, -273.2578144399672, 24.101538219016525, 289.11390113761325, 31, 19.587727244357236, 23.552338114374738, 19.615807097505492, 16.26716734379855, 0.7524045263285927, -0.11919814044546911, -0.6478265447437209, 0.5961078507058541, 0.5416582040165362, 0.5926734516986801, -0.28025498940624083, 0.8321046769102578, -0.4786010317341401
69, -53.52102518675092, -252.31863631012283, -283.47236612372564, 10, 12.585167744138728, 21.167643920852928, 12.948705520361722, 7.272406562113022, 0.8367091996588104, 0.43055664836588564, 0.33843564787747776, -0.12223041029138793, -0.4555731305240077, 0.881766890705562, 0.5338327846866582, -0.7791495975051843, -0.32855511364335427
70, -299.0038942969668, -51.95401383808591, -249.54326936691666, 36, 22.29296852168459, 37.17143221673001, 18.34886548862294, 16.24370884801324, 0.745660685779518, -0.6458456165926698, 0.16393163578410613, -0.5466721396925974, -0.45229363881765616, 0.704684352010885, 0.38097206376155174, 0.6150722752759364, 0.6903233900282871
71, -188.657420423228, 204.98644173752288, -198.90856429344637, 18, 13.903854084937144, 17.59896776478479, 13.196926441957938, 11.572990919467737, -0.10107730452035367, -0.9783062771405968, 0.18083198449999294, -0.9948588858138955, 0.10053515244817418, -0.012185254997605283, 0.006259059676496506, 0.1811339593492298, 0.9834385150798385
72, -2.3141417444567947, -226.91412315907743, 168.65207300733343, 22, 17.646815870321117, 20.944773616712492, 17.96906681455801, 14.601513304455555, 0.25817965018631445, -0.7629482812307145, 0.5926661694383869, -0.8982688075953521, 0.03623250263608845, 0.4379501741681924, -0.35560711119281063, -0.6454433560893041, -0.6759781479820777
73, -240.5345060128078, -304.65524884211385, 88.55789036874006, 36, 20.101750759554385, 28.729937892235686, 19.19075383219152, 14.732448443201745, 0.6014867661731541, -0.7800170308116819, 0.1725894022305219, -0.5753004235470064, -0.5728161852817273, -0.5838758776879936, -0.5542951314824947, -0.2519028573141195, 0.7932854830965876
74, -256.94313812484495, 165.6230513759588, 160.44162124774672, 48, 25.76314933063367, 42.42297412743823, 24.54170273576828, 16.42445807686922, 0.6868285297313399, -0.6014466034922349, -0.4080791024969792, -0.5649598948157303, -0.7950115053509691, 0.22085520960435828, 0.4572601972585031, -0.07885866792712211, 0.8858297931859567
75, 17.06811535100483, 214.04490919889736, 65.0116362181312, 25, 18.84875954158343, 26.271979444930132, 16.843415745630704, 15.133011359910876, -0.07156136500852928, 0.9830763912810372, -0.16864097943254822, 0.9940027754863487, 0.05627181534091925, -0.09376547938166292, 0.082688895043721, 0.1743395873119199, 0.9812075493657587
76, -332.0760152925908, -151.24754891473114, 25.65709804980512, 20, 16.756382685158954, 22.01192768938942, 15.731890062698389, 13.586319726288243, -0.7436129308586246, -0.4021705424871138, 0.534133563648145, -0.6684233897298113, 0.4660507741000019, -0.5796609767984197, 0.01581079131337998, 0.7880707650436031, 0.6153815793161467
77, -60.29331165302962, -62.38492140496019, -318.77928737145305, 10, 9.337011475678114, 14.407972219846517, 9.009240009308778, 6.270940187264748, 0.313030974393516, -0.9160297843150034, 0.25080080406181743, 0.5502110751761814, 0.3901539900353074, 0.738273416027558, -0.7741313724580059, -0.09310906673003254, 0.6261400161856342
78, 328.625666407784, -349.4908982472385, 124.14149541866988, 11, 14.121100793300798, 18.673745173668966, 14.105951216112263, 10.689855956622436, 0.7038525063717658, 0.5251653549305415, -0.4783231117715951, -0.4307632495717564, 0.8509828844514863, 0.3004515821043534, 0.5648315431104773, -0.0054295811355039416, 0.8251883709530388
79, -338.2556207730423, 121.38575923747538, -299.12569490366, 52, 22.389653410581037, 36.71780957248189, 19.749820631935936, 15.477549139867914, -0.022833308509577342, -0.9288805727214997, 0.3696748864111348, -0.8335030292567531, -0.1864955068213911, -0.5200885752977552, 0.5520428789888727, -0.32000048055590735, -0.7699664617382145
80, 236.17355769619832, -56.682173929747755, 39.35851870184111, 166, 39.81300125633672, 76.43625737155182, 35.84295078499941, 23.034117758815412, 0.2800047204398968, -0.9401404901409164, 0.1942503933817713, -0.8981763880347206, -0.18511468151742705, 0.39876274984457166, 0.3389344073833123, 0.2861265689940363, 0.8962449743275684
81, 134.75583230242808, -277.9203333218218, -237.59162846622633, 11, 13.38694204025693, 20.485705490064305, 11.895345049760552, 9.845010421664778, 0.3824993675656976, -0.3041187877547678, -0.8724712010985876, -0.48072956207358847, -0.8719055572881342, 0.09316537617915643, -0.7890458300760345, 0.38378700095839224, -0.4797022158954289
82, -107.17337920350158, 275.6216442418464, 41.18029717530814, 114, 34.30498508583172, 47.96890239768704, 32.60915486744029, 25.809071452950775, 0.09724175884931219, 0.9937129034545924, -0.055486086938402845, -0.3674943957243623, 0.08766068138837721, 0.9258852380558354, 0.9249280563628058, -0.06964388305062555, 0.37370820181868236
83, -249.51069700964564, 43.586383695082795, 188.71660111366276, 83, 30.069835792776306, 47.98109696131168, 25.908542379518252, 21.871572898953893, 0.7385216888324095, -0.3219396203097826, 0.5924023936471887, -0.5461316916679637, 0.22960802553268567, 0.805617980166077, 0.3953806905755677, 0.9184960726566964, 0.006250922668851154
84, 165.94595803101035, 163.0034776530739, -82.71149633918405, 31, 22.50480163958878, 28.966376806326608, 23.019036668715007, 17.094021563924684, -0.07343500167148277, 0.10452920720401784, 0.9918069093179421, 0.4717374342182745, -0.8725610458038962, 0.12688977304247276, 0.8786757614084213, 0.4771905973370703, 0.014766181849786106
85, -174.8302523993388, 324.4273078677558, -13.023506394925311, 70, 28.16308139875307, 35.31052406016083, 27.845651401009547, 22.718464042651377, -0.525226879348821, 0.34076383781220315, 0.7797542767109378, 0.8152603837852014, 0.46413340321658453, 0.34631010763331405, 0.24390004477224783, -0.8175941480087114, 0.521586596167889
86, 337.9662861624401, -108.55021985183555, 243.34356929743316, 74, 31.345671474764593, 42.9593100557805, 29.111767523865588, 24.626736321240227, 0.20946163633494802, 0.24970886413621043, 0.9453947884749999, -0.4259480759874464, -0.8469872532903314, 0.3180893417363944, 0.8801670633842635, -0.4693166052202972, -0.07104832579320648
87, -348.9715769692813, -233.1432512890051, -179.07707544196128, 81, 31.389493801658276, 56.435867053542104, 33.63599476428906, 16.292714920401533, -0.008659020678329734, -0.9908839083710339, 0.1344399549696331, -0.06305884361033026, -0.13363631347875, -0.9890222029673232, 0.9979722459083821, -0.017041591802231217, -0.06132683381217366
88, 281.6742422608696, -354.7785398551854, -312.14227924647395, 5, 7.4271019811843, 11.766365782482787, 6.826368537340558, 5.100656596676213, -0.8937644144739987, 0.39332792978645037, -0.21558829066035948, -0.04016065604247627, 0.40854248259855663, 0.9118553402916747, 0.44673514874720593, 0.8236420214887735, -0.34934442504740004
89, -142.71633208163595, -260.9061345142792, 50.44236752385901, 13, 13.428712843749551, 16.11601093981916, 15.317694546865415, 9.809620419357687, -0.8233988417026397, 0.1918556619013332, 0.5340465826865225, 0.4996171525507947, -0.20113366129379334, 0.842572223118938, -0.2690669960433396, -0.9605918255382748, -0.06975884423682858
90, 43.30259235320062, -150.87706872864499, 322.5392373591142, 16, 16.292071631801416, 22.045152774440073, 15.176685407050849, 12.925248094901184, 0.3056172499724454, 0.40746110404194974, 0.860565828517607, 0.6354849188808507, -0.7603395884692175, 0.1343228501836518, 0.7090536047396403, 0.5058252256455555, -0.4913082807223433
91, -230.0869080456169, -128.1501906370613, -284.36473643010663, 18, 18.472235672129955, 23.227099758290336, 18.655705240645215, 14.546272723542682, 0.4812933423429503, 0.5548446630561534, 0.6786045376317899, 0.37735178197110175, -0.8299088363214973, 0.4109220802521231, 0.7911778253083092, 0.058298570081968835, -0.608801219994517
92, -106.8757796035002, -180.66181657571855, 232.82414810436796, 26, 19.498744629194572, 27.765976462419815, 17.51077113366129, 15.24760846333031, 0.9194624849841477, -0.0678667235692771, 0.3872761889643452, -0.30938821175485753, 0.48294206728821953, 0.819173909539673, 0.24262661258383666, 0.873018366058443, -0.4230499490494467
93, 225.84475161390415, 147.83827646324173, -209.15462274273492, 7, 9.958292006380297, 14.065019505538714, 12.128308596353241, 5.789139211992162, -0.07034206598120354, -0.2688487101623891, 0.9606104126010271, 0.11579478902363388, -0.9586863070987642, -0.25983096700798725, 0.9907792693574426, 0.09295663303580605, 0.09856725514174763
94, -171.7597886773706, 57.23319111543921, -276.9787099714412, 43, 24.779648694116965, 36.70318328380307, 21.62825169227701, 19.1672711952358, -0.1674508827004076, 0.8839696986607002, -0.43652923582798564, 0.08613355699716987, 0.4542054331296407, 0.8867234263706643, 0.9821105906372609, 0.11088280464177677, -0.1521965551282422
95, -328.95394283761584, -94.36957209552902, -293.9937768387354, 23, 18.580716830757463, 22.84010590395254, 18.086391023511304, 15.528780992745011, 0.8780168518044439, 0.3465662854110922, 0.3301184904905667, 0.3951487542620028, -0.1356755198870846, -0.9085425775980763, 0.2700812284343372, -0.9281616039891581, 0.2560706287875919
96, -276.0571509842202, 213.3166946158372, -350.06523320316586, 14, 14.423810324954223, 18.786872965521273, 15.534162149370562, 10.282475308738391, 0.08520238328700741, 0.8802287372329682, 0.4668382204056006, -0.28296169802149207, -0.4278735926346692, 0.858403673208995, 0.9553393278490151, -0.20523537432702815, 0.21261516829670643
97, -209.47716839510807, -212.87797560327078, 343.8156774144628, 65, 26.16689967729212, 36.933206753766115, 27.04458174898788, 17.937401177576405, 0.17330469698594925, 0.9799091765204461, -0.09870910684242591, -0.7796799515970428, 0.1977416103336022, 0.594135867138407, 0.6017180860504694, -0.026005024777815976, 0.7982850891793387
98, -291.7078440632807, 150.96101969381408, -133.2912207009669, 8, 13.030895857714032, 18.421713991089312, 14.397103330391445, 8.342912040454674, 0.38133597368304045, -0.036860659693791424, 0.9237013407710016, 0.7346335462177515, 0.6186258782354194, -0.27859572062217114, -0.5611563311116954, 0.7848205620040763, 0.26298337876920513
99, -328.4805076162242, -351.59252360806784, 314.9806253020721, 19, 15.366151140329265, 25.5161055610373, 14.96610808527402, 9.501059418724173, 0.7505273626402391, 0.3883557673472212, -0.5346853989931257, 0.36634808938430885, 0.42888042562155626, 0.8257424888687388, 0.5499979593896267, -0.8156233067334601, 0.1796131013607384
100, -230.5200146457863, -22.604633608344198, 221.53059790565027, 40, 22.130246651998622, 32.975455869002076, 20.090827213414407, 16.359504153198476, 0.36857173934963233, 0.19345489642966565, -0.9092469829480735, -0.7582142286276868, 0.6284598984418074, -0.17363565174535667, -0.5378345995371707, -0.753401193984918, -0.37831281295085845
101, 341.5800076454686, -55.231502876901764, 18.12872703733138, 28, 19.005098166784617, 24.97422642877164, 18.957531311731632, 14.498949082346495, 0.22233392632456553, 0.777269009144455, 0.5885749847119736, 0.9339382964431855, -0.34308033795519266, 0.1002753217165191, -0.2798694046191972, -0.5273981125602818, 0.8021996928607915
103, 268.226741256937, 171.06531419094378, 36.8319566658273, 22, 16.980339081981864, 24.32905739010534, 16.050472817214978, 12.537933500801406, -0.1964139062986015, 0.6737875426121015, 0.712342561436048, 0.9681807609582582, 0.018374091662652758, 0.24957645495090364, -0.1550728587561747, -0.7386966496311718, 0.6559570628485294
105, 149.187640965578, -225.83029124596086, 295.6093804374894, 62, 29.260534380139788, 38.583231449110514, 30.62140727360588, 21.204254884276022, -0.8634812308291908, 0.44315852499327013, 0.2408540755966045, -0.0273023540681458, -0.5178911664957024, 0.8550107140428466, 0.5036414850546399, 0.7317098204831681, 0.4592885728389579
106, 325.64585948274913, 260.2141545565735, -1.2294287919338729, 21, 15.73240357170006, 22.024371876304997, 19.157927880619958, 9.228543636714601, 0.40598257783502945, -0.7588290225759343, 0.5092707148372821, 0.8125826759268904, 0.5547417818354573, 0.17880422329888085, -0.41819557778378985, 0.3412331607310096, 0.8418268163580959
107, -154.87947435673186, -50.60444015093611, 17.39947517538112, 38, 23.867503367578408, 41.280419267789576, 18.641249207234903, 17.668588881602695, -0.37764667824064785, -0.36060607628863545, 0.8528459674276003, -0.1523513705516717, 0.9326957189590288, 0.3269063409090251, -0.9133301956602731, -0.00647715826696131, -0.4071682700259835
108, -108.35344135800348, 76.14899769098143, -331.75003640224156, 22, 19.31694644511503, 24.691789069233582, 22.04171204146944, 13.243950369353408, -0.6458579510522593, 0.6145702421209273, -0.45295797218064526, 0.7598509914429327, 0.4598472958462647, -0.45952903641235787, 0.07412137253026196, 0.6409710461497484, 0.7639778400791003
109, 129.14621481391418, 242.56233407550826, -344.079257454274, 36, 25.969368817859447, 30.05884259846017, 25.841200735075393, 22.5475437826126, 0.7954233650789223, -0.5307961155382296, 0.2925015453224985, 0.300193615795518, 0.7643347663414694, 0.5706804342163349, -0.5264840579942911, -0.36612545485291986, 0.7673113370637804
110, 341.2160947830778, 121.75714443732942, -295.08515324689984, 22, 19.00241850380551, 24.209937932881125, 19.244714133492383, 14.727244450600757, -0.4692751079405547, -0.8791484125673477, -0.0829393859857502, 0.018269460990033116, -0.10356936529982919, 0.9944544300100051, -0.8828630130787647, 0.4651574521081036, 0.06466409270826076
111, -312.49876654710476, -167.82295195661493, -138.91004780550114, 13, 11.452423780693177, 15.735968130762114, 12.082861893393222, 7.900033836081118, -0.5350425635299179, 0.8275963668254799, -0.16974601270309597, 0.8135510213675773, 0.5588914275036988, 0.1605462796038868, -0.22773710906021916, 0.05219794900322305, 0.9723225716174395
112, 353.2163853659998, -8.013945088600144, 154.0341457879072, 7, 9.240282304381402, 13.816580041029654, 9.575026586851079, 5.963691555394152, 0.6915227739634944, 0.35105682187112075, -0.6313124114949603, 0.624429521059066, -0.7298927136477936, 0.2781086115060183, 0.36315840389529597, 0.5865285452402197, 0.7239476771829665
113, -350.4832912943197, 169.40903946699473, 27.524029974781815, 7, 10.922704796012948, 18.486130311976773, 10.063479379946918, 7.004810932289936, -0.6589320132318203, 0.75204211745898, 0.015532401812794477, -0.24775655856500253, -0.23648632001910935, 0.9395163160540885, 0.7102290402583433, 0.6152291231822768, 0.3421517738695496
114, 129.09254170385918, -7.470144120848972, 75.3284810803348, 8, 10.511200876345468, 13.554120628660902, 11.719398205201717, 7.311060032038076, -0.2801260494178415, 0.9313413803792963, -0.23266419928888968, -0.6137431835004761, -0.3601184441171264, -0.7025909271499036, -0.7381386733834326, -0.054017954421168544, 0.6724829807927473
115, -253.60099884436383, 37.08283203201383, -64.41931298722172, 14, 14.806020660877168, 20.78468098495281, 14.494907732361664, 10.77348558600123, 0.8036837093231137, 0.15782776468948573, 0.5737446226865758, 0.35041155504600485, -0.9048053158027713, -0.24194851226095193, 0.48094099165997584, 0.3954968232339778, -0.7824819648739201
116, -17.306084512993422, 115.58135113042138, -269.42779260029357, 36, 20.696722356475604, 25.86809474228079, 23.57859918413549, 14.53524238608087, 0.2217438481354385, -0.7533339086641275, 0.6191265523872447, -0.22495229807679246, 0.5782856595486324, 0.7842079823301807, -0.9488024712257327, -0.3131672365002947, -0.041232906503314175
117, 7.135311190020977, -163.34416714216331, -136.3259804107566, 7, 10.770271226247221, 13.9584682946575, 11.984905766972494, 7.468055426092536, -0.25927383826142253, 0.48437114535200304, 0.835560692196311, 0.4513327065733037, 0.8256333456464745, -0.33856811210423426, -0.8538593940283179, 0.28933401477703574, -0.43267766654011136
118, -290.38416696849237, 92.62234207778035, 1.3966517937298255, 59, 26.80159913622366, 34.3299906449427, 25.71204243469317, 21.81081331962669, 0.3231716459425819, 0.5213986860682756, 0.7897490091320397, 0.8469145529979809, 0.21301312757439955, -0.48719723665185427, 0.4222509054803714, -0.826298261917117, 0.37274033209965063
119, -274.8285911860476, -270.9362668156736, -139.13137760619128, 109, 32.752138301479675, 38.958006976371706, 34.887024220139494, 25.849867410186135, -0.7851582671441945, 0.612617491512557, -0.09069897809781612, -0.40532477540541123, -0.397610121734359, 0.8231755690841056, -0.46822892048407183, -0.6830856463045107, -0.5604959213366942
121, 199.51740036259343, -108.98364877446961, -89.01760406747687, 80, 29.508896336461316, 42.59126663287064, 25.82275120169595, 23.363388645581214, -0.41951723755137643, -0.12014214430519761, 0.8997617198786638, 0.3094261290177028, 0.9129126018568985, 0.26616921695039797, -0.8533819532181246, 0.39007236063661055, -0.3458074542126017
122, 30.714296975773696, -64.73197974428976, 125.9748582349777, 41, 22.607419942774815, 39.14266953319852, 18.036858573280682, 16.365966713637505, 0.7613591654527372, -0.5877447802396978, -0.27365725731670465, -0.5149880765895712, -0.2918379195531303, -0.8059887776399088, -0.3938521323437076, -0.7545771676984994, 0.5248750287796377
