# Void_ID, X_c, Y_c, Z_c, N_particles, R=(abc)^(-1/3), a, b, c, vector_a, vector_b, vector_c 

0, -56.238937134276576, -46.23590129368453, -314.3300715224189, 13, 13.619469255257643, 19.033698178881146, 12.479502215681968, 10.635553831470807, -0.5370935126370417, 0.7426903112274469, -0.39992706871638706, 0.2605980873310736, 0.59701731769606, 0.7587219248515149, 0.8022588083421643, 0.3032843945538237, -0.5141978028517148
1, -280.5052170617932, -183.0979132567503, -316.88480737393064, 6, 9.841370550412567, 20.260190385550146, 7.536248482516929, 6.242636127337272, -0.5565647258037151, -0.8134920540455891, 0.1687198387734046, -0.7339817514864984, 0.5766009017983935, 0.3588902179359194, 0.3892383517535859, -0.07590835296571839, 0.9180040454563277
2, 252.25879283829792, 41.69591030089105, 29.445120739533017, 18, 20.49639962114553, 26.1742888932972, 18.8097450523899, 17.489401153423437, 0.7579726235988692, -0.3150101067814463, 0.5711795991631606, -0.4083213487005729, 0.45372741071863365, 0.7920890814535381, -0.5086759067127047, -0.8336066634739109, 0.21528760424581275
3, 51.25998079420334, 107.08494111592427, -88.9242649007785, 24, 21.435024205350487, 26.752246401553467, 19.397179389738508, 18.97898998790327, -0.2102536970513572, -0.7598134764867425, -0.6152047332598853, -0.9380791109398464, 0.33400474080237325, -0.09191525847130427, -0.27531974955412064, -0.5577851863133961, 0.7829908820891762
4, -153.15835896778273, -168.42662599461207, -232.95222992546508, 88, 33.80771354013016, 55.55669876192125, 28.549768801900537, 24.361743839028055, -0.011211249239680116, 0.9810595005148994, -0.19338191316651612, -0.055815340352192565, 0.19247856470429928, 0.979712534323585, 0.998378162657745, 0.021777478706887243, 0.05260024476479597
5, -39.53642814514306, 30.137346340138997, 233.00500852106782, 26, 19.87737195855925, 32.765312641258205, 16.33503318902456, 14.673798677755073, 0.3130881973568212, -0.9426008421003129, 0.11610096101082559, -0.8474631598293199, -0.33246258880646723, -0.41385362119499014, -0.42869799790523955, -0.03118139695207748, 0.9029096007221077
6, 350.99942568062016, -297.24670511529393, 179.8776007477822, 25, 19.263628378043784, 27.729153188617605, 23.339239990641193, 11.045641862370147, 0.05872316563811923, -0.9928801299286466, -0.10363704651480567, 0.31272671262571167, 0.11688725716237267, -0.9426236642071814, 0.9480261562993682, 0.022943772704836142, 0.31736412882730625
7, -48.516174002953235, 88.44774764375634, -83.55321370271294, 77, 29.047277796017312, 34.6652222510935, 29.866288541070134, 23.67233340969023, -0.8310861035829568, -0.3384712113237568, 0.4412857662969966, -0.5556552496250831, 0.5386083893483529, -0.6333626500573424, 0.023305192455445305, 0.7715816496188868, 0.6357032530796206
8, 110.75315765544087, -1.6675907328597053, 148.29786663874955, 12, 15.087761607623918, 20.852683466321572, 15.215503108927942, 10.824956810405554, -0.8458116831478565, 0.5331140781694917, 0.0197983915529305, 0.08494235317212197, 0.09794138487919714, 0.9915605285435314, 0.5266757952366643, 0.8403552015579115, -0.12812393190340887
9, -119.60316202563885, -259.97242053150563, -335.17965806381346, 5, 8.341004083030574, 15.691463144760478, 8.289384077111109, 4.461380839104615, -0.5962222029115661, 0.6979800389200538, 0.3966647829394985, -0.16296576285755338, -0.5890261735030059, 0.7915114194151988, 0.7861051105873404, 0.4072739031629292, 0.46493733224048395
10, 213.44135950455689, 92.53035743404313, 347.09043909076195, 48, 25.5215193755547, 43.3032492577368, 29.91987903391993, 12.830372313564586, 0.314543151014929, -0.9438423385776104, -0.10111501400853876, -0.8371556983482163, -0.3260377247754926, 0.43916937364339326, 0.44747395775923055, 0.05348870844923797, 0.8926959253831748
11, -94.4389149183759, 333.17196326243794, -351.5895750520785, 20, 20.28761388016522, 34.89884947286523, 21.44738058001867, 11.155975300121849, -0.9231364155446593, -0.3572556764498974, 0.1420828629345712, -0.3534745492978854, 0.9340037478642746, 0.05189163684203145, 0.15124450831026773, 0.002319616307653148, 0.9884936611259431
12, -194.1703314638236, -272.9521177237328, 133.63267176315557, 50, 24.978775990637523, 36.47305325658999, 21.523465754171827, 19.85313681102445, -0.724729138487612, -0.6844413470942203, 0.0794211446332321, -0.024699795654743624, 0.1409966253737063, 0.989701910540664, -0.6885910222487786, 0.7153041269425723, -0.11908992424763207
13, 340.2365717970856, 76.12706311510222, -149.23133009579416, 10, 11.001788080456851, 14.332900126664097, 10.655638422493135, 8.719192695326814, 0.1890204181825529, -0.09521617812137724, 0.9773459781132018, -0.6261335853305922, 0.7550278882666711, 0.19465256551257984, -0.7564575433103629, -0.6487424507179492, 0.08309764019104118
14, -213.17760277369462, -170.59337509170115, 76.846434664731, 9, 14.693934020862514, 24.82680261548201, 14.688456005833556, 8.699961246157777, -0.960902701289899, -0.2582783334455876, 0.09979128782787156, -0.07045647407469163, 0.5766210995274447, 0.8139680539435948, -0.2677720745610668, 0.7751131595143578, -0.5722741528611371
15, 281.2892299329199, 226.40811594031615, -319.74355480737114, 21, 18.47642145464229, 22.821730174257315, 17.258713055632853, 16.01388132917507, -0.9406750971914094, 0.005023549108901718, -0.33927146281154125, -0.12849270304208119, 0.9201482560811277, 0.3698875668305152, 0.31403819320087756, 0.3915379301998879, -0.8649150608157519
16, 141.8242936222179, 38.591949636773336, -207.80850374638328, 8, 14.585169138580186, 25.129637443100926, 12.246699331090388, 10.081592310524831, 0.3179389635586303, 0.9293555751802923, 0.18765135313280296, 0.6972960929573359, -0.36331067592265254, 0.6178863257161952, -0.6424118415764909, 0.06560158261759624, 0.7635466312939689
17, 77.91799108509353, -265.694613604417, -2.987360810562977, 19, 19.179296674860446, 23.190744181263195, 18.964391939125974, 16.041479614526857, -0.12154511619786618, 0.19809705288521037, 0.9726172640698093, 0.4836468780331849, -0.8438694961008614, 0.23231437949303071, 0.8667828344500141, 0.49863998153845684, 0.006759194783907263
18, -285.51909498932133, 269.79988048620027, -174.61622584609262, 33, 22.700246502575727, 25.76882916063757, 22.10252087228994, 20.537861653888367, -0.5241891567610024, 0.43926832149744494, 0.7295677279478626, 0.8515459330661751, 0.2605483113147564, 0.4549550542080899, -0.009759703512209079, -0.859742937859828, 0.5106337522995378
19, 341.8171956915638, -94.91063932697529, 116.23869749044252, 25, 18.999442814673863, 24.148530291233314, 18.62863804978202, 15.245819923683753, -0.7259808865655503, 0.14069699702666913, 0.6731687064690213, 0.08269330896851443, -0.9538871641171676, 0.28854998663029857, 0.6827251049971245, 0.2651483229443193, 0.6808691488432121
20, -294.91981841002683, -293.17480676008546, -323.3576935254627, 7, 11.571570370204192, 14.816194603314806, 12.253878946847333, 8.53427519542772, -0.5317537305346272, -0.25404879201019187, -0.8078967640365132, -0.8200346845829132, -0.0839104845270813, 0.5661290901088131, 0.21161542038213757, -0.963544623701774, 0.16370910784650403
21, -49.439533780384714, -142.62994793727597, -275.3918005633937, 28, 20.19447490096395, 26.469620364835457, 18.11933770879362, 17.171477423675928, -0.6882390625420419, -0.1626416479639922, 0.7070181660599733, -0.09824588287435951, 0.9864639054444067, 0.1312886505133104, -0.7188009037901169, 0.020896353818918086, -0.6949018658109832
22, -187.39431588258037, -109.28483621591378, -44.8235153992385, 65, 25.245614848865937, 32.586177372275635, 28.411686736234994, 17.379105600147575, -0.4840243906293393, 0.5419093583005576, 0.6870623237102838, -0.5419461462187521, 0.430814783224461, -0.7215906021795903, -0.6870333062337951, -0.721618230050723, 0.08516082540653355
23, -81.0941448725973, 258.5027324808744, -235.78437660140466, 36, 20.255112302409017, 23.8438218993426, 20.697198809434724, 16.839008870116412, 0.3224223374891422, -0.9464935097065574, -0.01392380592369113, -0.8142339382043007, -0.2848100576132134, 0.5058718463787772, -0.4827700593081066, -0.15176714784735398, -0.8624962624092504
24, -332.89861756392196, 288.4665961855899, -208.80727035223362, 18, 16.691049150660874, 19.34622511636636, 18.33397999156512, 13.109855898200696, 0.539968348222291, 0.8156702344545518, 0.20764453169526878, -0.5136846297686186, 0.12393137381034612, 0.8489812222452022, -0.6667550405190554, 0.565086792634846, -0.4859162816083606
25, 10.09641448220493, -165.31919626435632, -48.867010495173886, 39, 24.651250270316144, 34.99497536626991, 21.791671729926993, 19.64357875585058, -0.4980778852609891, 0.6276471372589191, 0.5983122022026836, 0.8670786755795139, 0.35282291739870364, 0.35169668652625036, -0.009643161785254107, -0.6939560937472565, 0.7199527410752962
26, 312.07790637142045, 244.7072844135444, 264.4242128221643, 154, 41.20236729676035, 58.82875380312063, 40.45027620407954, 29.39377516049325, -0.11774721727706045, -0.09795705348662274, 0.9882003888360537, 0.790434689227632, -0.611626612336243, 0.03355427167601551, 0.6011227785478818, 0.7850587893618606, 0.14944598474554063
27, -207.28702863031754, 53.883685149787375, -297.58808156309306, 64, 30.208950064061643, 51.24689780371001, 24.503081507985293, 21.954250153343065, -0.8468510203502911, -0.5060731554637697, -0.1635032435476857, -0.5086329808392042, 0.8604957645967888, -0.02897464259682539, -0.15535713737803053, -0.05862593649513205, 0.9861172138421337
28, 329.5734180485616, 29.309244339546645, 66.66549776279925, 20, 19.960128996281703, 27.250170196866353, 18.620098138360238, 15.672520489770342, 0.5806256420174993, -0.6611778428673731, -0.4750975941141082, -0.7273897937354465, -0.6834071553261037, 0.062118821773979455, 0.3657566838777808, -0.3095133602129807, 0.877737733066318
29, -231.093178895246, 243.66511803514481, -11.041266119551288, 180, 39.12929799675944, 71.43571664714943, 32.18551018025241, 26.057357163911888, -0.4187302558032093, -0.09888864633605611, -0.902710368003382, 0.3108471447572905, -0.9496109747998054, -0.04016278297134398, -0.8532520292804581, -0.2974223128240123, 0.42837009975393414
30, 351.5265202252405, 291.4381503798815, 93.77961243589131, 15, 16.716383743878726, 23.00811872273214, 17.42874347922437, 11.648762999024333, -0.18286720681814286, -0.9830627036124234, 0.012136945116577348, -0.07702595059934987, 0.02663318376503499, 0.9966733047778518, 0.9801155991028797, -0.18132400361995693, 0.08059167516830017
31, -335.3171300112818, -293.19778136271134, -296.7437089621099, 23, 17.843770199972813, 26.168575896568658, 16.012984437707633, 13.558370403598468, 0.5796570086263235, -0.8000153726617788, 0.15483267050340932, -0.6671750108452287, -0.35686114963800303, 0.6538559663891673, 0.46784105982058843, 0.4823126821719264, 0.7406073314260877
32, 38.80715840310504, 304.3157639469401, -55.72670312181972, 54, 32.52236054816346, 43.19105257203897, 34.57863709102924, 23.032682491976207, -0.27127785576981234, 0.853404180371811, 0.4450950796097956, -0.9184282130182806, -0.09118356318355647, -0.38493528720708114, -0.2879200279608576, -0.5132122979129279, 0.8085265578630989
33, -141.36833161238474, -280.04868295513654, -94.90693088047186, 17, 19.185453302506875, 25.790812482887432, 19.08038299351907, 14.35040252173334, 0.9337197518274322, -0.2519567396595559, -0.2543329046494875, 0.22126848536101457, -0.15233307979343497, 0.9632418648432436, -0.2814385944275606, -0.9556738115804857, -0.08648631929886512
34, -116.81115537960619, -305.1586469098064, 318.0001498181831, 8, 9.848901989906631, 17.02382983756023, 7.888392690306708, 7.114062155907672, -0.19027971348038666, -0.06929271622564352, 0.9792814458141718, -0.26384535073441107, 0.9644156292728929, 0.016974242545855618, -0.9456105231720178, -0.25514900253037004, -0.20179129062994808
35, -89.08065876352725, 92.41299930754474, -60.07558501756369, 44, 23.550292594699176, 34.025461063171726, 20.939867843888294, 18.332047192368663, 0.34665099867215493, -0.9304564182968522, -0.11867577162079346, -0.7531819454994152, -0.35152251177757377, 0.5560115832312323, 0.559061751592177, 0.10335752204739876, 0.8226586050986816
36, 183.2485219326414, 157.28617019481703, -71.39110662652344, 99, 33.945782754098865, 55.71718186804626, 28.86355288854506, 24.323079091472586, -0.7159613858704428, 0.470121675856133, -0.5161248917003479, 0.6224261709420694, 0.7646759651695209, -0.16690215702157798, -0.3162039779459925, 0.4407451397148699, 0.8400944983445912
37, -144.4892797340734, -309.28927232794035, 87.74986449431665, 101, 37.13647470409861, 58.9362184396605, 34.33072902228678, 25.312598549931938, -0.8552509684071405, 0.3422856165582284, 0.3890839726023186, -0.07118140146533244, -0.8212947855550421, 0.5660460081172983, 0.5133020447300786, 0.45641585414778346, 0.7267775305817246
38, -22.000281532308023, 165.18730335151133, -241.0475319678757, 12, 16.47945907179776, 24.63298384473248, 13.870080340656578, 13.098840614978448, 0.23660183410897023, 0.3218810940613246, -0.9167399486125584, 0.6985599250068416, 0.59943268274162, 0.39076142342306536, -0.6753026012616153, 0.7328526592344956, 0.08302636076707269
39, 117.33364791027309, 161.98166935826296, -351.2944874984169, 6, 7.273349987821491, 14.754122950242996, 9.909932012092842, 2.6315970126535095, -0.8223481579262408, -0.5541228285782046, 0.12919519342378052, -0.5556633532886178, 0.8309640297065984, 0.02714809654137701, 0.12239993859217019, 0.04946384722462418, 0.9912474881937265
40, 294.0877784732393, -278.07478933518877, -136.89187587517347, 253, 49.35638112706242, 95.27372485513418, 40.80124859347518, 30.93024279420513, 0.5291247662185738, -0.5465454901725384, -0.6490878283762523, -0.7310328308032664, -0.6819981597563621, -0.02166818812679677, 0.43083405397194563, -0.48596968759480885, 0.7604048136861724
41, 130.1142655515574, 211.87119381759206, 30.426653742654047, 31, 22.993985156181136, 31.19939915567885, 21.109447381333375, 18.459487760539666, 0.13992197360690933, -0.15842200000861964, 0.9774069322524862, -0.6840116842262476, -0.7291893926637618, -0.020269323339138348, 0.7159258740567485, -0.6657216381791443, -0.21039211799912355
42, -226.13467235179115, -139.39253182051982, -45.93998491350815, 76, 29.042915678347548, 47.23804781193009, 28.942312464663964, 17.91824508304412, -0.3449319057868336, -0.22498642234779462, -0.9112645555103098, -0.21929143940197462, -0.92466375683407, 0.3113008213971075, -0.912651765447957, 0.3072101016513678, 0.2696084354542408
43, -350.7510404280666, -169.14785447862056, -4.0021306316932055, 5, 7.095672899822972, 9.549727553302317, 8.189977730990199, 4.567799769674847, -0.4213400845199041, 0.8517411127044519, -0.3114636577608092, 0.9013697741461993, 0.4311769883270173, -0.04023599126246307, -0.10002531395796545, 0.29769696280987823, 0.9494058430941873
44, 34.773123036245835, 170.3042502056983, -177.39812112276684, 13, 13.924386912786032, 18.666000479043156, 13.434710125129083, 10.765858669483091, -0.027019506985228092, -0.8857807412205181, 0.46331676499464686, 0.7063033742241289, -0.3449032538329877, -0.6182048924547814, 0.7073934476667739, 0.3105386030403431, 0.6349490422229703
45, -351.9216227036221, 271.2627753826332, -223.30084356845498, 23, 20.624386441820896, 28.804210459290626, 22.278529316902087, 13.671010565428654, 0.01842143852823716, -0.2698654613319401, 0.9627218099651891, -0.19700527363588702, -0.9449882266190583, -0.2611248240038021, 0.9802293470215018, -0.1848509787138456, -0.0705729615811445
46, -175.36029580825482, 253.3129648251469, -1.949588743378018, 8, 9.1678003560254, 12.2496552420874, 10.763755379702465, 5.843967021663305, -0.9363886359104812, -0.2650379366941069, 0.2300678479289077, 0.19702261002155194, 0.14552572557322613, 0.9695382170583488, 0.2904451990961528, -0.9531931364153419, 0.0840501696171963
47, 25.965700303456252, 99.48448730898642, 263.19689498232816, 53, 27.11629278610171, 37.88258604402632, 26.50722879607261, 19.855782116817394, 0.6527802548883584, 0.6915878410062403, -0.3091669403416497, -0.412006160550787, 0.6665931685757607, 0.6212120984626159, 0.6357113043639296, -0.2781363079147605, 0.7200773095463131
48, -350.2513144148887, 334.3255260500472, -33.282811237162704, 7, 10.746819562800397, 21.680194357556545, 9.789804639655792, 5.8479368622208945, 0.05230574950530972, -0.5004369997790401, -0.8641914821501313, 0.31300392737261146, -0.8135544758759335, 0.49005882935781897, -0.9483104185961518, -0.2961282222862043, 0.11408516970931629
49, 22.7339369399119, -324.39965555168914, -248.9455185934966, 233, 44.7374002789267, 55.19423549624782, 41.6815172928913, 38.92019324974976, -0.036282168237748665, 0.5736909524498311, 0.8182678628329316, -0.9422713606135639, 0.25310405484998605, -0.21923279952132646, 0.33287878760208056, 0.7789846137734049, -0.5313893904368698
50, -179.17322170457206, 203.27555622663562, -114.60807035502829, 77, 29.084053638797833, 39.7317083101454, 29.30004018832851, 21.132912570081704, 0.6950167160847829, -0.7127396618981603, -0.09462525413451021, 0.3272628002331278, 0.1964132096847489, 0.9242948180342172, -0.6401959262181351, -0.6733676747651551, 0.3697636415807706
51, 341.6176384096811, -212.50967628305827, -210.07298966100916, 23, 17.151471173948927, 21.089250642470272, 17.99732169201892, 13.293370384607213, -0.09662848685369396, -0.9385048612445047, 0.3314687933257041, -0.7823693820044925, -0.13424714455429604, -0.6081741973159717, 0.6152731796773483, -0.31809798741810824, -0.7212853698573641
52, -329.95414095160334, 295.4736367598012, 245.7056764884503, 10, 12.869528945208131, 15.80483184340424, 12.882237156979468, 10.469038174594543, 0.1344477552581433, -0.9653587789024258, -0.22362072601184294, 0.4021411276239711, 0.25940574863701266, -0.8780610292271215, 0.9056524248183558, 0.028126243440747944, 0.42308698851482585
53, -349.22733035552454, -174.67548331138627, -319.4823747479824, 34, 22.3873936608006, 37.59613650957376, 22.435211021399002, 13.302621410245107, 0.19848376872214832, -0.028875806865171612, -0.9796787133196975, 0.2767067240437176, 0.9605536872332399, 0.027748924512877592, 0.9402327277982013, -0.2765913984933605, 0.19864444582378962
54, 335.2393734257141, -242.1615880677583, 222.62397106839538, 42, 22.39012538777995, 30.123586730304524, 25.71623976895598, 14.489567752397841, -0.835370106608158, 0.3284732333931723, -0.4407517667913646, 0.5364786164295992, 0.661913462511624, -0.5235086076270915, -0.11978096300855953, 0.6737773394008644, 0.729161585528636
55, 191.97566627523548, -256.4674410733852, -324.77577035875925, 132, 37.32528886954961, 66.45714942961212, 36.40910636387241, 21.49105838218997, 0.873931819268564, 0.3642276278296478, -0.32184065994762956, -0.12389268495058221, 0.807216014558904, 0.5771073630230126, 0.46999338068282814, -0.4644787841928063, 0.7505768988911787
56, 44.976712836683824, -225.14862848559045, -55.90906282921833, 49, 24.784266295941034, 36.533145757444764, 21.06634030277113, 19.78117272780315, -0.9208151670851547, -0.3625655417742027, 0.14368596307196366, -0.36893077225619003, 0.690342222142426, -0.6223485370834487, -0.1264496474822689, 0.6260781454782105, 0.769439173948256
57, 74.06978748535828, 36.35574021900693, -219.34464342876646, 76, 30.089717227502867, 37.41724116263304, 31.999647403053082, 22.752931703637998, 0.11684867804122537, -0.8525922444990625, 0.5093455124569854, 0.48005289579288596, -0.4004795545721924, -0.7804904506850311, 0.8694225691117538, 0.33571206560043376, 0.3624938693680323
58, -141.89177370385804, 7.750331445440586, -52.42596451680041, 332, 59.99403325637836, 116.55430901438709, 57.36695172573059, 32.294909424872685, 0.5914676254818848, 0.7570523750808427, 0.2775567498571704, 0.6523360243297286, -0.2469387384597983, -0.7165744698282008, 0.47394489064500356, -0.6048908668779343, 0.6399088058459244
59, -44.05460493375176, 7.988638313645459, 244.3654566156505, 18, 15.022276780131609, 16.30683720172731, 15.659736733138516, 13.275567226561076, -0.2543424729609174, 0.797676071341662, 0.5468297647870467, 0.5786889966088961, -0.32750406137545646, 0.7469003514434642, 0.7748735068718722, 0.5064128503420038, -0.3783081724686553
60, -68.54654468376744, -51.2987245917564, -339.3116223309434, 11, 11.485456066664627, 15.53103761419859, 10.928836526825775, 8.92627645898013, 0.4519817408514491, -0.6564442072328999, 0.6039813811097683, -0.7032379992419641, -0.6787744424329115, -0.21147475670171442, -0.5487885042154701, 0.32915992935085364, 0.7684301650447409
61, -13.584566311945814, -129.6435146532579, 345.0864482737505, 30, 18.245886485862798, 30.23877779374555, 16.06981586226473, 12.500280885998633, 0.7286071875439166, -0.49852024884146845, 0.469690459509648, 0.30325129286668134, 0.8496660266570979, 0.43140039003161107, -0.614141856279174, -0.17188718579283377, 0.770249684015638
62, 65.53549881804042, 79.91635032629372, 123.08283565315989, 9, 14.38665859612525, 19.317216587765593, 13.642352826841757, 11.299155524927722, 0.02088721835416413, 0.23671462131843368, 0.9713546788704402, -0.9569813135315558, 0.28596327634915125, -0.049109776328922335, 0.2893967685736026, 0.9285425098689504, -0.23250444663581618
63, -248.16910694824793, -205.80137264126628, 289.0974750306626, 10, 12.101480424550157, 16.068090960664048, 10.684078519017243, 10.323195575032932, -0.7930724454971246, -0.5559478589509388, 0.248913788933191, -0.4861911543633646, 0.8239215251940039, 0.29115542540163186, 0.36695266399364607, -0.1098876628646505, 0.9237263901925241
64, -113.09010015045484, -15.574666851137847, 141.2810683294602, 7, 13.610911775417204, 23.10128999005355, 13.386302705396439, 8.153888782767616, 0.42343599906617363, -0.8376278713519085, 0.3450818798912833, -0.4185147870566905, 0.15696291752092198, 0.8945434676628148, -0.8034595993014987, -0.5232037764177461, -0.28409590041477967
65, -345.50158809031313, -196.20591760218278, -119.91184954622655, 11, 12.531382547178364, 15.633453660456007, 12.973510557334293, 9.702519485604311, -0.7557690813351509, 0.012920954518204901, -0.6547107335550263, -0.04739871286112855, 0.9961033850588469, 0.0743734380905902, 0.6531205537394538, 0.08724159104833631, -0.7522117036276583
66, -194.6574053048213, 28.03786517143072, 331.6332558862888, 109, 33.40695701641393, 43.997659958763684, 32.211052162023414, 26.307299240489293, -0.8999713836716626, 0.43593141621973547, 0.003912662107663587, 0.3988107810271931, 0.8268951475947309, -0.3964774594107064, 0.17607234169111644, 0.3552579559094254, 0.9180361187090971
67, -30.168091693954583, 332.46083092394673, 253.14132893112824, 6, 8.714131281286985, 11.656068551778255, 8.083782116764773, 7.022724039122968, -0.6668841530663258, -0.7036092379897052, 0.24535599973213543, -0.07962495408528455, 0.39466725109583145, 0.9153674822711237, -0.7408949946354919, 0.5909076079456127, -0.3192221887589715
68, 340.0185352115349, 145.35203091476453, 294.06351672510414, 11, 14.438124501145214, 19.006590992715775, 15.090133709824677, 10.49385430564131, 0.774027631013501, 0.39828691795955873, 0.4921877257814372, -0.4357082276305994, -0.22895555868342043, 0.8704812993528147, 0.4593904295940757, -0.8882268196413787, -0.0036810415824871916
69, 181.18232908297938, -168.29522379110958, -132.19994707226294, 102, 33.825511878173124, 41.12361131626602, 34.79686463544191, 27.045920863569386, 0.48389536227221236, 0.2030154718045864, -0.8512520170780247, 0.46492578395671874, 0.7644540896412267, 0.44660268723221264, 0.7414103410282833, -0.6118779805147135, 0.27552866126332554
70, -87.77125082700024, -119.29652458292394, 53.44344204520678, 33, 22.348383028949584, 31.12724263516712, 19.58639755260642, 18.30809267221236, -0.9602965067611645, 0.016617219200521467, 0.27848606271831017, 0.02428025759349945, -0.9894586313504391, 0.1427658430343515, 0.277922809775481, 0.14385925368969496, 0.9497701969078339
71, 205.25288778504824, -7.672170822233767, 188.72285887250328, 18, 16.46132340922672, 22.595676746450618, 15.354048731120299, 12.857187414417902, 0.8291043712825116, -0.0993837123009457, -0.5501898029312376, -0.37379970398547446, 0.6332601757756208, -0.677683798741715, -0.41576402299934817, -0.7675313853556169, -0.48788917765562795
72, 219.36532101930203, 7.968720870619174, 306.9156572251187, 37, 24.15538209722951, 33.702925582234734, 27.15384360086822, 15.400783700084808, -0.25629307046824507, -0.9535905220285538, -0.15804739266204165, 0.7546401170474194, -0.29957359159140756, 0.5837584748538402, -0.6040133738358912, 0.030344349034627835, 0.7963962987790996
73, -88.24050229215568, -354.7160236685425, 94.50281531327278, 5, 8.358849918299052, 11.504164742601963, 9.229231207926711, 5.500712726720687, 0.6569927082199177, 0.23023353567358357, 0.7178809792696131, -0.5728499429104704, -0.4665827081364659, 0.6739017134386232, -0.4901056256087347, 0.8539865897771944, 0.17465216926047183
74, 321.0569940960547, 339.5943275034563, -335.66165799813774, 9, 8.416052319378784, 11.890610047625207, 9.519732049615193, 5.266188723424103, -0.013336298312411352, -0.5505664824401826, 0.8346847857489477, -0.850735964343191, -0.43239384362623695, -0.298804087935875, 0.5254240783599313, -0.7140813065804016, -0.46262017408673756
75, -254.2464346339757, 353.446114664713, -218.29291937537062, 17, 16.60696146282829, 27.544210668875426, 17.433566335155035, 9.5379263297426, -0.8237617999446817, -0.00941689052793317, 0.5668578473697646, 0.5282616769445562, -0.3757137597940448, 0.7614320530245283, -0.2058059708162623, -0.9266879155757924, -0.3144732254138161
76, 213.76499613969398, -57.65281125220526, -34.44786963371379, 47, 24.111807910452058, 35.29963953345077, 21.144170340081182, 18.781419188466145, 0.34443490492212375, 0.8716335073865779, -0.3487400537252068, 0.8180017735485265, -0.46092534967348797, -0.3441234088228204, 0.4606926250145023, 0.16674186885526243, 0.8717565339175277
77, 43.80784461484305, 31.51872223044837, 14.194462397858919, 5, 7.940963341337951, 15.327893963240404, 7.398255761449274, 4.415783222666049, 0.22815343362413587, 0.7594507031116053, 0.609245960404175, 0.8614751322263579, 0.1341016133409206, -0.4897727573629849, 0.45365913115586715, -0.6365935805854867, 0.6236521513442034
78, 276.8643542483364, -191.88841131848923, -168.01087908586894, 29, 14.818546051924065, 19.628475674478757, 16.66031988911609, 9.950545101013688, -0.9414901464888314, 0.336898546114278, -0.009781292886136163, -0.2828641939778515, -0.7740413067747829, 0.5664343767566079, -0.18325979327091593, -0.5360591618771876, -0.8240487990027219
79, 216.40820854611664, 51.168762689194374, -340.95190302647813, 7, 11.316548174379019, 14.91443143514228, 11.315266402088387, 8.587573051042098, -0.06883770140664452, -0.6903494404597776, -0.7201937384634233, -0.9929156823013662, 0.11749253843272035, -0.01771866960717763, -0.09684946414442538, -0.7138719447278397, 0.6935467019786266
80, -30.988676370120412, 144.6508217639785, -186.28750659130168, 28, 20.144414052636897, 26.80730505575422, 19.093160994284148, 15.971030067439312, -0.0801324534662437, -0.8425806152889321, 0.5325755313951297, -0.5189722625492743, -0.42089872263969696, -0.7439839084178894, 0.8510267801931772, -0.3360091844274435, -0.40354832099073085
81, -207.89815026760212, -67.50812435925475, -323.9403041837523, 15, 14.754604159701518, 19.49018578853039, 15.471383380342637, 10.652157049514038, 0.6640131434494024, -0.1402310166053045, 0.7344534071731752, -0.5003959648032057, 0.6465317539616511, 0.5758476964683803, -0.5555991574283672, -0.7498879603654893, 0.3591345474383864
82, -287.0299892428364, 238.01443627986478, -214.17704166765893, 47, 27.4686414583672, 35.12785028370742, 27.696193346047576, 21.30295679203165, 0.09319427527162877, -0.9824860761213896, -0.161356553273151, -0.13064665733309774, -0.17272768394189889, 0.976266663431542, 0.9870391471386958, 0.06990176984642671, 0.1444557530458829
83, -75.5829297254693, -303.7575410866825, -278.9693726918661, 44, 21.981630449702138, 28.715175297848585, 21.57495436078281, 17.144244410373446, 0.8894708881698679, -0.4569584605469508, 0.00552308182696006, 0.2019627091625494, 0.4039049884005937, 0.8922285718653263, -0.40994219495683815, -0.7924958836988851, 0.4515502974357263
84, -132.55259787203528, -68.28887150919425, -186.20716631329148, 10, 13.492707171669505, 19.323909732253128, 13.946948273644594, 9.114295290016969, -0.07092092824790527, -0.9947568849872984, 0.0736814882234495, -0.1009659923583846, 0.08064717245577377, 0.9916158036064046, 0.992358851587238, -0.06288698868013545, 0.10615618837921027
85, -184.82566565525565, 82.09702641456515, -1.757349363265088, 11, 11.593060934610136, 15.583394473552493, 10.50333704521089, 9.519299465065165, 0.9151507571073707, -0.36793718815314286, 0.16468551041231633, -0.26580225589428347, -0.2436322989524194, 0.9327338654024891, 0.30306476622549805, 0.8973658832834671, 0.3207588174806222
86, 262.48027113640717, -62.85487759823812, -267.2995955266544, 12, 10.226562249922585, 12.641849253093461, 10.589216865721713, 7.989407057120204, -0.9821329004463679, -0.08769316359808375, 0.1665078824529471, -0.17590535971602458, 0.7422089733778098, -0.646670815995769, 0.0668750348334914, 0.6644063131063845, 0.7443735492482254
87, -129.11377465633186, 211.3124936495737, -208.36672909344648, 14, 15.356925843442207, 21.05354214161595, 14.586327184444638, 11.79347352569008, 0.5406012024621697, -0.3704584974175082, -0.7553216808669125, 0.32700109983272385, -0.734695528920476, 0.5943843541787175, -0.7751261965671429, -0.568315916964697, -0.2760369502800856
88, 215.719258338182, -9.346660764385225, -307.42656493609553, 7, 7.920850270401862, 10.721507047434635, 8.312458197027901, 5.576094197670677, -0.2855261633170847, 0.6847324705155863, 0.6705343047772032, -0.7001964874427629, 0.32867813142588814, -0.633794576258904, -0.654369688352266, -0.6504706986052551, 0.3856010648607567
89, 280.22694605614856, -100.64128247552758, -330.63152383017524, 12, 11.672156706781404, 14.63037654081339, 11.693741719718602, 9.294891570805364, -0.024239890095919862, 0.7887264966127029, 0.6142661811211729, -0.4187317537548898, -0.5659606104821495, 0.7101776578997872, 0.907786398953791, -0.23999812691711966, 0.34398365215629473
90, -342.3501764255554, 244.65021400908384, 351.7176559192605, 29, 16.98791531966122, 24.072798635834108, 18.72761442926768, 10.874548135831521, 0.38161609128218255, -0.9166957295155931, 0.11848248124673723, -0.8594948997435434, -0.3990829145815364, -0.3193764935056151, -0.3400554016470615, -0.02004412075849145, 0.9401917660954464
91, 15.445873737680216, -139.88560184422587, 80.22044582153181, 59, 25.23319743843793, 36.3120415553322, 21.51267680734381, 20.567037416536294, -0.9379444587593244, 0.2710643513619133, 0.21629680927702818, 0.2958705034703986, 0.3001606480164065, 0.9068430021555792, -0.18088901972992014, -0.9145642146963324, 0.36173396265491786
92, 21.857994047913046, -147.24810353846658, -101.20462830099947, 31, 20.463956604282536, 30.124671243760726, 21.68814695609055, 13.116683977675903, -0.8288364461024721, 0.3950171392262655, -0.39622166186330765, -0.036638549192445004, 0.6683413035093444, 0.7429518953044693, 0.5582900342342649, 0.6303025953785437, -0.5394727758967779
93, -355.4819027677753, 57.4982553688203, -329.8114004531793, 8, 10.828216442604143, 12.822729885214498, 12.676501459105689, 7.81071659348032, -0.29512203887170796, -0.9534985459299699, -0.06118418980128006, 0.014760720666873879, -0.06857868562378297, 0.9975365081055976, 0.9553455413082748, -0.2934918853862023, -0.03431340721717545
94, -284.57139544678347, -237.0936124044572, -49.60041472475302, 6, 8.106760358960097, 14.211060194836213, 7.444587645766516, 5.035874277622567, 0.7899679838782299, 0.5028507888838135, 0.35084422264915693, 0.2914486966678016, -0.8113764961303623, 0.5066812003004019, 0.5394517973443084, -0.29800883484578516, -0.787516661852848
95, -338.45446842774714, 143.58929121944183, -14.659813317776225, 71, 27.931557190265654, 42.28308511407597, 25.81257169580142, 19.9658361397208, -0.6418932800277631, 0.32120775034518473, 0.6962748007600055, 0.2389600157057518, -0.7790205678385397, 0.5796766907323649, 0.7286090364174099, 0.5384724096949667, 0.4232922584316767
96, -321.59043360225706, 29.23811208083053, 354.9479441265829, 10, 11.12112281540231, 17.902768789028226, 13.47333835785778, 5.70230563791108, -0.9432758551502045, -0.31779912042332487, -0.09609568225894201, -0.3031504649548547, 0.9424463944408547, -0.14104818043168163, -0.13539001694477273, 0.10391589225712243, 0.985327879767999
97, 297.53672654071846, -354.21422492440377, 161.08984921163056, 7, 12.3199608114321, 20.733180102801178, 12.279061733036801, 7.345085847388018, -0.3626528917383344, -0.1787306185319865, 0.9146246476631806, 0.8986710388935139, -0.32690352944967493, 0.29244562962608595, -0.24672503717271238, -0.9280029355732229, -0.2791725409126123
98, 36.16833814117902, 320.99245627080234, -115.37301579376279, 18, 16.957752914548042, 26.71918665217225, 15.813504298672294, 11.541268753891687, 0.5658903933113804, -0.19945993821826027, -0.7999898723133058, -0.3620458330393405, -0.9318573610116707, -0.023762859828199024, -0.7407367126967193, 0.3030801738390884, -0.5995427680232043
99, -127.6039480015797, 25.543697467654056, -165.03758514481916, 10, 11.779176526965268, 15.78016258618848, 11.056537019536664, 9.367294905151162, -0.3052742959055413, -0.45996143110583876, 0.8338123806675245, -0.9493315388458838, 0.07832971286657599, -0.3043584817854527, -0.07468087848895347, 0.8844772116777845, 0.4605679411452885
100, -269.27872593084834, -252.93418452896148, 188.68216189304584, 11, 10.545752261039244, 13.697757267545205, 12.280911482259723, 6.971923725224016, 0.14032249670446686, -0.6482224343895947, 0.7484098292196946, -0.1375268598254642, 0.7358005736286058, 0.6630866298413516, 0.9805080110560913, 0.19597242510578566, -0.014101377698125965
101, 150.14412225687147, -103.01419700327784, 277.3506792705648, 35, 23.290492987444765, 38.28028747269025, 20.550040301313576, 16.060097422876307, 0.8449934565715088, -0.49745600295429876, -0.19627425576490193, -0.24377943902039836, -0.6849800109590849, 0.6865667991516862, -0.4759807175319533, -0.5322968248179075, -0.7000731724802349
102, 25.225994993434643, -322.9338229768131, -2.0524806665046125, 12, 15.579990325036315, 21.090596674286367, 15.250624346951016, 11.757772714044437, 0.5279110433463681, -0.3932693055500271, 0.752761040188152, -0.6058611056204269, -0.7955162650111851, 0.00928400770398069, -0.5951825358739474, 0.4609697662698212, 0.6582283977281774
103, -318.4067975921431, -313.1226035274455, 58.575132432617295, 46, 25.687166347836843, 40.58849250856817, 23.372798461563164, 17.86631384765638, 0.13347482790862125, -0.269651090254661, -0.9536628124443338, 0.396048381205754, 0.89660855264954, -0.19808781653599708, 0.908476829676501, -0.3512568758617679, 0.22646955005202
104, -86.42357370565244, -93.69895357083274, 38.07735261712134, 8, 12.324797700432821, 17.97198229319598, 11.509397119877761, 9.05088071538837, 0.21637280675727136, 0.3685796236190388, -0.9040640848683394, 0.5584674199549338, -0.8062690961161832, -0.19504944372356622, -0.8008101830926351, -0.4626869413554281, -0.380294418778792
105, -336.97735742397487, 88.08395704055282, 197.66832111282895, 165, 38.04283903956131, 72.88956628088447, 33.14100596983806, 22.79227657701635, 0.0677848494684537, -0.4514793805009087, -0.8897030870830195, 0.7668761832734589, 0.5940117380791062, -0.24300406283058668, -0.6382054008784895, 0.6658201138496442, -0.3864937803933888
106, -50.030977004937476, -227.0928781556053, -18.739537047290252, 5, 7.470311156444959, 13.221588855628355, 10.307287922841311, 3.059060167402246, -0.594035566481141, 0.4913417544854792, 0.6369497829927889, -0.5688483558822756, -0.8164294814415282, 0.09926958166099766, -0.5687998714534511, 0.3033581746586833, -0.7644870987153995
107, -99.19989661012441, -22.20668309997849, 5.273304653414208, 25, 20.077262068607677, 30.30898010204468, 18.526536834083668, 14.412784622799906, -0.37978319939805816, 0.2641713134687136, 0.8865541374305292, 0.9193489310309386, 0.0013117622817583742, 0.3934410023014718, -0.10277287807220835, -0.9644748811762444, 0.24336379992271723
108, 64.39400785921093, -245.68956554396246, -25.492168376421784, 67, 28.600538523434402, 52.48027520176365, 23.718826153707365, 18.794610770034797, 0.09005032684035583, 0.7053558904432626, 0.7031102377671209, 0.8047285518872638, 0.3644069384967203, -0.4686358297792379, 0.5867732921779679, -0.6080136930961672, 0.5348050603670361
109, -251.01788290920715, -344.72042891862156, 250.09104017858866, 25, 17.596107507675494, 20.793970104013066, 19.262509820564386, 13.601898565918487, 0.24845578466114157, -0.9658421644074597, -0.07361138852874582, 0.96863905680792, 0.24751294854603523, 0.02181095890398201, -0.0028461719343064484, -0.07672192486350643, 0.9970484670017596
110, 198.9476460267837, 186.06291746991857, -37.442556688928605, 75, 32.45444117432122, 43.19897574020114, 33.46266651720409, 23.647673009430605, 0.7812646801538544, 0.5727756470512867, 0.2480998945769134, 0.4881574310886451, -0.8083616250296439, 0.3290194609021904, -0.3890087685605945, 0.13593947669611378, 0.9111490748821274
111, 80.28531754057978, 116.84827815486766, -15.523362582654011, 24, 19.533214954345667, 25.74426138423878, 18.45525324089954, 15.686308169464725, 0.1988240461085002, 0.2536438145015506, 0.9466434461053157, -0.3077203133533807, -0.9009205502130688, 0.30602348104921395, 0.9304714973811624, -0.35214624457586435, -0.10107331493709494
112, -68.84165062068695, 113.81757578135016, 148.0625859924436, 109, 35.518879480501916, 57.12839965136916, 29.844997100931852, 26.281743377582767, 0.9110721506928965, 0.13735788289419237, -0.3886905558907307, 0.21228012038628244, 0.6519312152816601, 0.7279579940011395, 0.3533902753622488, -0.7457335332061965, 0.5647980264937161
113, 347.9152928056517, 262.0462549795201, -225.74323393575605, 61, 27.55604449367757, 42.30106125668881, 29.811917745660793, 16.59240938330388, 0.02574315775970292, 0.9849556554671688, -0.17087904082068986, -0.06699624306342301, 0.1722512565490905, 0.9827721038128047, 0.9974210711850567, -0.013851403557020648, 0.07042261977202187
114, 268.78975860789603, -337.49194375713864, -19.463876369468213, 114, 37.833844322284335, 48.29926165761422, 35.093425122764465, 31.95031675945855, -0.7133501677257948, -0.512408574298845, 0.47808889465308163, -0.6976333501724155, 0.584074885357392, -0.4149267851343914, 0.0666276739260255, 0.6295188490265978, 0.7741232277792954
115, 202.27900340335563, -191.26566284406144, -92.0617318162355, 19, 15.183205860376171, 20.599539114318166, 15.85499841722966, 10.7168396953192, -0.8530730786984956, 0.1116515921935012, 0.5097060372023531, -0.02667408429035931, -0.9848927954781616, 0.1710984355348781, 0.5211092166016074, 0.1323635273625935, 0.8431637332078455
116, -224.7175683378948, 288.4965979473631, 236.7427964638317, 7, 12.658069089918456, 15.460501187834648, 13.512332600122972, 9.708418524726875, -0.7334149144014349, 0.588060666242871, -0.3410091144698727, 0.6450488793215481, 0.7603389084063413, -0.07613598130626693, -0.21450992196061788, 0.2758068113398297, 0.9369717691579642
117, -280.30817389798466, -148.48742216424125, -64.89261740201194, 6, 6.969465283744083, 10.756007736929277, 8.88023468186772, 3.544237596889953, -0.29026487599085454, -0.3356954774366866, 0.8961332759107704, 0.8555149148191782, 0.32855153060521824, 0.40018510999149226, -0.4287662909883986, 0.8828150645325009, 0.19182551849670107
118, 318.7471421980664, 147.16940587892918, -291.7755730761794, 46, 25.042682817586872, 40.3383780902404, 22.62716545778604, 17.206556856064186, -0.7789042505522704, 0.44771277785072505, -0.4391599219200144, 0.6161862483871211, 0.4160165352157501, -0.6687635977875047, 0.11671621896810538, 0.7915071136611915, 0.5999115045183907
119, -38.84581321352678, -113.08099784018431, 316.0806196990099, 19, 15.966735862754689, 20.86140414762722, 14.806261529059183, 13.178302415640827, 0.6759450865010159, 0.12520424161340063, 0.7262383478701377, 0.5755137283032943, -0.7052107833593714, -0.4140793397020715, -0.4603066245119396, -0.6978550343127691, 0.5487405238496132
