# Void_ID, X_c, Y_c, Z_c, N_particles, R=(abc)^(-1/3), a, b, c, vector_a, vector_b, vector_c 

0, -167.95187052567437, -334.27044578365246, 9.604556182968519, 21, 20.238608295720873, 23.171930116769058, 19.78315600933312, 18.083569063919754, 0.8092508323906925, 0.3476960706288048, 0.4735193055665845, -0.3522452944616927, -0.35788359025726507, 0.8647789245548052, 0.470145023162606, -0.8666180117525016, -0.16714328853284405
1, 295.6084851645394, 74.57413950799615, 193.5095920902941, 22, 20.421303395240475, 23.60624338734406, 22.443074838033677, 16.074635527963434, -0.21171107390116317, 0.09546399395060073, 0.9726587515910272, 0.9332622067448356, -0.2757357637965213, 0.23019870118076, 0.29017249120027905, 0.9564812671571508, -0.03071662299269421
2, 305.3222072885277, -315.55359905955004, -288.1365820127146, 18, 17.92259481427625, 25.63395784839177, 18.00681146640118, 12.472404187780837, 0.8222881482981773, 0.5293774486395757, -0.20881024409786084, 0.5101169827843958, -0.8483259307155784, -0.14185830659673115, 0.25223573308177355, -0.010130752558467897, 0.9676127855755624
3, 153.6043404047335, -26.99085731844983, -23.529391629046113, 30, 19.646792886531628, 28.504722439649985, 19.76830674183747, 13.458253762851404, -0.09295355740783577, -0.7043366570972586, -0.7037538700670052, 0.24543810331371818, -0.7012118184568693, 0.6693744266837323, -0.9649454770125582, -0.11050728087085018, 0.23805118623425858
4, -104.6369689338045, 61.26687240618372, -348.7899652946609, 28, 23.1838146888766, 32.98027278288801, 22.24136430376581, 16.98787368878843, 0.13413967259884763, -0.9852954823480631, 0.10582703198886172, 0.7824005792426602, 0.039763657251316344, -0.6215047748511268, 0.608157777090636, 0.1661675781447675, 0.7762296400793254
5, 18.262574881109536, -79.61802685415175, 82.81082536328442, 34, 21.719175046517773, 29.24924266348261, 21.762230082613215, 16.09577725894805, 0.3930891289281489, 0.22210573591679483, -0.8922723680532577, 0.731557317137843, 0.5123357296052722, 0.44981773187805185, -0.5570501130603884, 0.8295668401296499, -0.03891052938108795
6, 143.39933625941484, 95.04256747701244, 290.6135109408121, 30, 21.537229086073367, 30.42488376124936, 19.280150026594384, 17.03060773569631, 0.3066045111140139, 0.9436615335372693, 0.12448527578242126, 0.8499981935631297, -0.21259041152022268, -0.4819838045713557, 0.42836520015513974, -0.25359066830573923, 0.8672917780333766
7, 6.965022546218268, 356.5759139958793, -236.62979641895168, 8, 12.268218133512766, 18.81863618334092, 16.6063325353433, 5.908572807477957, -0.8560346367217343, -0.04423174646998729, -0.5150225755604344, -0.5168990853890527, 0.06461892745329206, 0.8536039653953976, 0.004476187736197617, -0.9969292586833837, 0.07817938938332437
8, -331.49825230299564, 300.06381352578063, 354.7446304667777, 5, 7.7422708431105365, 12.894609974685766, 7.8035657091934985, 4.612153761940441, 0.9298215549542462, 0.3244690836850687, 0.17364241899673974, 0.26504879649560675, -0.9177801475361436, 0.29568350692043155, -0.25530572147662073, 0.22890918400340868, 0.9393719040189543
9, -135.3386387902115, -263.8079389312209, 277.7193236445079, 6, 8.358382673864071, 15.091017413908977, 7.027534850289117, 5.506114315384669, -0.9716654349729552, 0.21449480909173593, -0.0992887674992375, 0.1865287454657171, 0.9538705062431659, 0.23524048213348017, -0.14516648922462638, -0.210054836155006, 0.9668524480054285
10, -98.25450900796987, -36.84349715993966, 85.76293725982116, 17, 19.286756516249685, 22.799166124743845, 21.10173836832973, 14.912154556926438, 0.6511220110937602, 0.5592933739064503, 0.5130604726282825, 0.40041206080101865, -0.827400990832799, 0.393799164465827, -0.644756006745419, 0.050975702773396483, 0.7626868095702585
11, -46.42194289531607, -178.2357250503208, -265.6812863433896, 31, 23.745228783644453, 29.693716978834107, 22.290357620480474, 20.227745180730164, 0.5104489897659027, -0.8187636791328168, -0.262807660808933, -0.6268440614703151, -0.14508208241206613, -0.7655179370611628, -0.5886495998863569, -0.5554972791075325, 0.5872941524123666
12, -150.25407533897328, 22.11064126195599, -52.714050777784294, 398, 65.88644289642792, 96.08166697409203, 65.87850373802934, 45.18600311815203, -0.719479410107631, -0.5580882908976961, -0.41338461267210225, -0.6788008495128378, 0.6909638919166385, 0.2485926522809184, -0.14689719238918475, -0.4594631210775256, 0.8759650993263796
13, 246.40110381341276, 335.57257744689696, -229.04847283930357, 6, 9.328338674570432, 14.347910000191293, 11.191716342922756, 5.05507469764365, -0.1288631167208911, -0.6452471627028545, 0.7530274869969183, -0.4643509906141742, -0.631702199474462, -0.6207499405515575, 0.876226257689538, -0.4296608315905031, -0.2182180449283348
14, -149.3364110823774, -90.19054580044089, 96.83736361351532, 7, 11.390691172791668, 14.66520522167227, 11.618829672992959, 8.673606232393999, 0.6454779866135907, -0.23091027625875427, -0.7280375080415645, 0.6869368533585408, 0.592197869203476, 0.4212118744868544, -0.33388011066119555, 0.771998787582577, -0.5408714668716578
15, 159.15280704856505, -350.4970704163078, 343.4594545768251, 36, 27.030049249942508, 42.18193801536819, 26.579461968328417, 17.614397644195343, -0.9787403790145064, 0.1582256022299578, 0.1305064338854893, 0.15647711252673682, 0.16467566035810885, 0.9738566835735717, 0.13259782706302306, 0.9735741295271708, -0.18593340359810662
16, 48.46939902668137, 228.34717171494552, -30.437474287310106, 76, 29.182655061692362, 47.31352825162107, 24.97959239786554, 21.028278614550445, 0.19908062186899647, 0.7762434228335977, 0.5981747691969581, 0.829934891409502, 0.191043600697144, -0.524128246380376, 0.5211285657276428, -0.6007898893458938, 0.6061984220058632
17, 86.33124121715669, 217.5690539291664, -350.4276614979779, 15, 15.395526442888173, 21.578816202944004, 16.538145399532908, 10.22513875770693, 0.53092952811027, 0.669404786766437, -0.5196258919980672, -0.41505005127464484, 0.740020402908739, 0.5292478230618451, 0.738814788101538, -0.06532254383418198, 0.6707351743792112
18, -346.0860861623153, 78.69352162523518, -312.0023488223936, 21, 18.768051356474018, 24.8575176964981, 20.73055975821866, 12.828880606326834, -0.502498951943669, 0.3462247551681897, 0.792226749235496, -0.44875241033408464, 0.6787740464286047, -0.5812805416615006, -0.7389966694883425, -0.6476065262207181, -0.18571405353788376
19, -211.4673281240177, 71.30504077229638, 237.8726803415958, 33, 22.355864302413256, 32.92709588077143, 20.82001445357045, 16.29821113379205, -0.9436849169839029, 0.3307290207562517, -0.008780221335187544, -0.12063772880627031, -0.31926740028120254, 0.9399547146039255, 0.3080670638765992, 0.8880803127799273, 0.34118622804438903
20, -317.79210536259603, -248.76857676615631, -252.67985288252234, 15, 17.72799036249874, 23.72976871713619, 17.41487770089703, 13.482318627080609, 0.33541051021416673, 0.25556694157671894, 0.9067443564814696, -0.40457284841411145, -0.8301487518457898, 0.38363245448602196, 0.8507764688588683, -0.49551850437899825, -0.17504517089607385
21, -123.10281234251988, 222.90258498729028, 278.9148096531758, 6, 8.830137210809237, 16.228568115779705, 10.122208633619927, 4.191281872906613, 0.5371149536376703, 0.28172944810005346, 0.7950698363364332, 0.7848513943664477, 0.17843351666280813, -0.5934389344257638, 0.30905633036688773, -0.9427565954182354, 0.12527644014566594
22, -198.441437120037, 278.7594314560676, 1.1577340560963805, 318, 66.22918729782516, 109.08888664117711, 64.82138487840395, 41.0817998909672, 0.7435355745532075, 0.6332126057011507, 0.21493404884985243, 0.26080165042271264, -0.570570545229915, 0.7787372805078916, 0.6157412999877632, -0.5229637166163599, -0.5893823908059886
23, 194.207051685826, 184.85561545158765, -318.44050206161717, 8, 11.899588708140364, 17.027782234739952, 11.050926681370845, 8.954453132904252, 0.5427967898868692, 0.7046505086252862, 0.45698939329336224, 0.7459792997945802, -0.654487283952742, 0.1231311472461396, -0.3858581723463914, -0.27406943616224055, 0.8809082897755101
24, 79.80833830055495, 18.22426499330437, -284.14918056991854, 17, 16.697322334309057, 21.175754469994757, 17.741370606452907, 12.391230406111571, -0.8861826907730822, 0.44469831098472473, -0.13009093274134326, -0.2522217946829265, -0.2274737141416774, 0.9405529627094448, -0.3886700462617402, -0.8663135238364479, -0.313745874167252
25, 249.42906245236858, 344.50136170112376, -30.10414855624104, 133, 37.69570633151887, 56.56451802461795, 45.51580959362471, 20.805075364761244, -0.7988936824781522, -0.06820609743940018, -0.5975925136483758, -0.5925931986926966, -0.08083115250870046, 0.8014359772603632, 0.10296691196523071, -0.9943913983217083, -0.02415702763466874
26, 175.00155877832242, -9.423808766497128, 307.88746124804186, 163, 42.18249276546467, 62.575350021775776, 35.428579015975664, 33.85631609158258, -0.998994300280833, 0.0447074038783723, -0.003411164737266625, 0.040312140559073874, 0.9288745540282772, 0.36819423434148774, -0.01962955246443859, -0.3676864301510553, 0.9297426362993251
27, -180.490785363377, 116.95383520223923, -299.133974466158, 12, 15.09182078034773, 18.576603686629813, 15.435921673856697, 11.987428655587435, 0.34106498832488835, 0.926432100921353, -0.1593682406296554, 0.8216595391004622, -0.37615864192283455, -0.4282292352373724, -0.4566730510377858, 0.015107563973596052, -0.8895063158666292
28, -99.90002638928495, -222.21054443384213, -249.85849444687733, 16, 15.291390955555634, 18.7778955013449, 16.37353365365824, 11.629248250925594, 0.7525192928426283, 0.542014427171523, 0.3740789684512569, 0.501581071700385, -0.8397872031504813, 0.2077832571132373, -0.4267682537531627, -0.03127002018896499, 0.9038202495108514
29, 92.23584297078492, -39.19346959708835, 65.55706377781894, 16, 14.311550790718975, 18.86748229398603, 13.348939710962245, 11.638563108765469, 0.31808868273234275, 0.5534278310972389, 0.7697643962178355, -0.46361356915175206, -0.6174311076342688, 0.6354850791512683, 0.8269716128235465, -0.5590138308597791, 0.06017880433754729
30, -231.32473984190793, 153.86307431743163, -180.40472203679874, 30, 21.509182668845323, 27.077017156859018, 20.361606612183472, 18.049237552315468, 0.39473568115010854, 0.8974348415273665, -0.1969630605969308, 0.576026872337568, -0.07471136608466122, 0.81400936980035, 0.7158049904631557, -0.4347745588123966, -0.5464378268728541
31, 110.01404880153996, 216.17040956064722, 255.75941666049295, 13, 16.445420779100605, 24.201244288146267, 18.042194941505514, 10.186099251700677, -0.8654091490156703, 0.12342821788318985, -0.485625864045721, 0.49670533053526894, 0.08373776285563549, -0.8638702458643789, 0.06596074148932951, 0.9888141696507555, 0.13377487985442119
32, -109.75845972862656, -200.80184473260954, -143.67578735762015, 26, 21.80176010890716, 28.019723703369845, 22.29829799216769, 16.585902439803416, 0.6433801213965199, -0.16745415563020494, -0.7470081158554936, 0.47433646269397833, 0.8531042312702363, 0.2172972405434163, 0.6008884584935569, -0.4941379122785408, 0.6282999157235674
33, -150.12964336139652, -47.220363569246615, 270.3392044006343, 7, 10.748226378810264, 15.039332588800812, 10.655974761760177, 7.747983157051984, 0.294023144192464, 0.9398735969991004, 0.1737469779396183, 0.8719370035997385, -0.33821659650944735, 0.35402739385402804, -0.39150511163034246, -0.0474041718579555, 0.9189540750536854
34, -140.56422614027525, 7.1990427718151295, 151.10305227477417, 8, 9.803428141310789, 16.619821567860935, 11.668920493333069, 4.858216580628315, 0.31530665249975753, 0.7948670071925517, -0.5184285445132754, -0.35390742774515765, 0.6053754403513514, 0.7129306479638912, 0.8805289589083386, -0.04131606341561874, 0.47218824151775957
35, -210.32107415794138, -16.47037460065595, 235.783446842944, 7, 11.1168903076963, 19.281766255734375, 10.49191161622383, 6.7912313287200154, 0.4783948566407514, -0.4948176783467288, -0.7254611129035298, -0.7560134808215004, -0.6523589564387862, -0.053585527619468144, 0.44674598818101746, -0.5740934219703715, 0.6861740048227675
36, 100.47563019438549, 281.05894258610584, 140.49778472559083, 17, 18.129879137075825, 24.037265018930544, 15.93565116464766, 15.557143601888601, 0.00015948179032326937, 0.11129606184600013, 0.9937872816569598, 0.9399294555134629, 0.3392312032361521, -0.03814196388648378, 0.3413687056889133, -0.9340960214927176, 0.10455634561207791
37, -74.94440832702091, -76.28252406681268, 356.0039084628436, 6, 7.027291748890124, 13.465316605041215, 7.85903341740197, 3.2792780966623782, -0.9636133817883152, 0.20266175800648648, 0.17429131441413515, -0.019227812058987454, -0.7029089674743131, 0.7110198834685422, 0.26660746741588237, 0.6817970337907873, 0.6812292294317481
38, 310.9932373154588, 338.6122501911709, 125.18326695045387, 56, 26.343258048884326, 33.42489683873188, 27.85039316846397, 19.638442982650755, -0.7875921109494122, -0.17821407346208704, 0.5898630440960839, -0.6057148449131308, 0.3997245417546995, -0.6879896927795192, 0.11317328934917167, 0.8991440567223056, 0.42276680550729606
39, 239.76084362518225, -278.089918643009, 140.58653153425576, 8, 10.935242769716437, 18.53537135300463, 13.280503081984097, 5.312139470081711, 0.7800646894431327, 0.449932199477169, 0.4348104140399882, -0.46655763168045555, -0.044778968005101144, 0.8833565646697389, 0.41692092368303296, -0.8919393812911475, 0.1749888096343632
40, 287.5892628597163, -259.90643573661686, -126.51977889832071, 179, 44.36431641964641, 72.1895912124659, 43.28746377099862, 27.942461346209008, -0.6770497221446282, 0.5372418933597887, 0.5029660244619621, 0.734270791662597, 0.4471670671383685, 0.5107719829611381, -0.04949826517227484, -0.715131290104173, 0.6972353689098655
41, 353.82761187502973, 324.8441067688458, 348.9475180546834, 5, 11.906226903807232, 15.830798711485201, 12.205435561680732, 8.735069315457073, -0.7116009244553209, -0.15378806178107263, -0.685546027898896, -0.6869683749611435, 0.3568764116854437, 0.6330194930535453, -0.14730436557542573, -0.9214056972019122, 0.35960111936182754
42, 214.8959752473051, -160.2616584554572, 74.69174062736711, 9, 11.581183041195173, 13.804859406853037, 13.126670427349046, 8.571803518118124, -0.29637965071529515, -0.912620894463549, 0.2815709602044062, 0.9218462365206479, -0.35043900960989266, -0.1655053375464226, 0.2497170776190463, 0.2105127158444118, 0.9451591281965239
43, -282.07652964012743, -246.3114918068966, -221.66012638361045, 16, 20.530500962838392, 25.58541142487117, 22.55461124331963, 14.995843146087612, -0.7935433948194761, 0.6035923018708886, -0.07723479565961894, 0.6074131372474321, 0.7780720090624346, -0.16016625553711072, 0.036580886233279285, 0.17401230369071602, 0.9840637971832101
44, -294.0518926099618, -252.56411772984907, -141.19366736661436, 29, 25.74508234774088, 40.03571980039561, 24.58610294331115, 17.335865110357293, 0.6096362562399796, -0.3404962317601052, 0.715825363643166, 0.48169791308854315, 0.8763125192964969, 0.006594622837510932, -0.6295321720165248, 0.34079126262478626, 0.698248207813497
45, 97.26453696430126, -285.5135511041988, 206.80543944946814, 7, 5.830904187137066, 8.17834689230681, 6.535270209299633, 3.7091862331087566, 0.5616173398533476, 0.8032091310804963, 0.19859772235593148, 0.2613710763201218, -0.39996224566564514, 0.8784733134850228, -0.7850293778192704, 0.4414581450047198, 0.4345613675531698
46, -292.90822362749344, 224.76890568296196, -217.97788998731312, 12, 14.041349292640287, 20.967271699881323, 13.057286979618262, 10.111874169345898, 0.639896589032824, -0.7684496487576652, 0.004182423744460368, -0.6184685785340298, -0.5182207496781401, -0.590714712842945, -0.45610193236847246, -0.37540963217164136, 0.8068696520272022
47, -35.60843894745122, -350.01563136732005, 232.28563767470303, 8, 16.79734238980318, 20.294783279614983, 16.413394699689565, 14.227837391625862, -0.6711836749244438, 0.20295013948916643, 0.7129682429086489, 0.737631630095264, 0.2782985491646857, 0.615182489848203, 0.073566655475987, -0.9388083715083491, 0.33649188517395007
48, -195.14928983252432, -339.1956624020617, 71.40678446969766, 7, 10.021929303114565, 14.753225017987335, 11.091758806715704, 6.1512959311714654, 0.0029777774483353524, 0.9967015183077531, 0.08110003849868304, -0.9470850807025639, -0.023219883281315818, 0.32014166697107693, 0.32096881897169754, -0.07776194714268571, 0.9438919942580782
50, -144.9949889953162, -76.79145173652677, -151.3138410870793, 25, 21.674430137330095, 31.382735601000107, 20.312799546727135, 15.97285256109745, -0.753003759958651, -0.5097460887203025, -0.4161060712396395, 0.07105276513046761, -0.6916552025218675, 0.7187242763339422, -0.654168817703388, 0.5116365955038674, 0.557037837211947
51, -274.25318584653525, 164.38615115507403, 258.28764855679873, 305, 54.072834062743645, 66.10839393775142, 60.49614636193194, 39.53239081005078, -0.8947279826494056, -0.026179434838863154, -0.44584355356519684, 0.01763659537241616, -0.9995729315204577, 0.023300323501360232, 0.4462631371374902, -0.012984289087820872, -0.8948075886295833
52, -240.71023162185324, 223.80645852353084, 170.1013489572728, 47, 29.255748534062867, 37.396946097987716, 30.68380803228797, 21.82168326381045, 0.8193179147112168, 0.262763346471373, -0.5095817681044215, 0.29421924533830385, 0.5701508004695637, 0.7670483038221744, -0.4920906322069372, 0.7783851800202007, -0.38982473141027973
53, -200.13751697817753, 67.90351885270869, 38.67360421378247, 15, 12.562768696035082, 22.44359367269714, 13.40839686604755, 6.58850436034628, -0.703629348325979, 0.5717556298501283, 0.4219019316251601, 0.7090451285913363, 0.6038024745609422, 0.36424933402132414, 0.04648382294146109, -0.555444030887691, 0.8302536857828339
54, -137.32353406162738, -17.958055328016922, 87.09576046593435, 6, 6.763540812308517, 12.059657590950382, 7.633382147090517, 3.3610143212051526, 0.07706864874221486, 0.26348495003583644, 0.9615800042043626, 0.6227199921787254, -0.7659190998115364, 0.159961695054828, 0.7786399904461478, 0.5864670610089695, -0.22310569609385658
55, 60.86842607135492, 311.06042339212, -199.17768369325165, 8, 9.269748661918776, 17.149685957833995, 7.876963527436758, 5.896426244092861, 0.3645081722099941, 0.046049091644724816, 0.9300608977646706, -0.777813750904499, 0.564207007520093, 0.27690471568591163, 0.5119956653097804, 0.8243481872509427, -0.24147568175714904
56, 280.872455842776, 178.5910280671948, -187.54635655412525, 9, 13.773863174009897, 15.604082619190786, 13.588516914158745, 12.324150497268722, -0.8453812674951819, -0.5310960168316523, 0.05716234314470436, -0.5261036322121273, 0.8463639965361689, 0.08296356754944091, 0.09244176946297582, -0.040062529536684134, 0.9949118116625596
57, 349.8750622731051, -68.64848259563762, -179.73901001787365, 21, 17.01182696592448, 20.935567632427244, 17.183555072870146, 13.68532483714062, 0.1167798157619991, -0.3294256332695443, 0.9369318154356555, 0.40327686451111017, -0.8463838503204102, -0.3478536308088288, 0.9075958600504311, 0.4184652077075905, 0.03400918637017973
58, -128.36545526281012, -333.06602476146185, -141.2567267702897, 5, 7.237661858569323, 13.257724517977705, 8.201448279700688, 3.4868665504790166, -0.7517373046244101, -0.27380334710801857, 0.5999356231700802, -0.6583231961961891, 0.36503218881038907, -0.6583024156740811, 0.03875040885024162, 0.8898220205438513, 0.4546594083148362
59, -289.55447079995844, 61.147459539876046, 34.05127006536472, 9, 10.852233593338791, 19.46063658807397, 11.0270376634762, 5.9558191177310125, -0.04503704479568208, 0.6557964192917962, 0.7535932066042863, 0.49487754099795206, -0.6406474701071082, 0.5870835021197429, 0.8677948398163546, 0.399376858980863, -0.2956860505649313
60, 312.8108146359326, 265.9573455173329, 98.84637836279717, 95, 31.15052295510881, 36.822233967583756, 34.17827146465998, 24.017942342469475, -0.14726996710927065, 0.5401089357946897, 0.8286096151158048, 0.2209039526379221, -0.79862270489498, 0.5598242750499197, 0.9641125455550182, 0.26548844174644154, -0.0016990592895081047
61, -234.7892850223376, -225.59376557973337, -48.12031201947554, 25, 19.687012514619504, 28.30149628757384, 18.182935789722105, 14.827435718795385, 0.29140150523989483, 0.45648152134364217, 0.840660325824716, -0.3313041369695668, -0.776252134912617, 0.536348945995473, 0.8973977554968444, -0.43480713392882414, -0.0749668240879083
62, 217.9843340801845, -253.3739950876179, 141.67388211591688, 36, 23.400356236789488, 36.022108295745284, 20.333191482095643, 17.494145282153486, 0.06148050730074766, 0.9561967282559135, -0.2861956744864071, -0.3105920454606038, 0.2908299676605006, 0.9049588450350603, 0.9485529655842315, 0.033252771061656354, 0.3148674716417701
63, 0.5122735725045783, -246.23119310048415, 78.16457432079116, 7, 11.684491598048613, 17.070164248789315, 10.54094390305645, 8.865684249121834, -0.9463174260379035, 0.2948535437814132, -0.13245647170500682, -0.08918433416583987, 0.1557042233002581, 0.9837694594699813, 0.31069194343656975, 0.9427712249353001, -0.12104930283814641
64, 1.9634585349350813, -157.21542812287456, 344.5921040592437, 19, 17.668305157500555, 23.864172550956134, 16.12543078139999, 14.332665613125615, 0.3730553448190151, 0.7543789068889779, 0.5401316270530329, 0.8394074954093231, -0.026418457185878763, -0.542860130945868, 0.39525278791251295, -0.6559074095944553, 0.6430868554763638
65, -28.154112621332928, 47.524110112147554, 345.9862928604914, 25, 17.831198832261286, 25.223804486589476, 18.001725014715188, 12.485815508766489, -0.5858541951315036, 0.7659629591588553, 0.2647179768044246, 0.8032798157838074, 0.5920962880910323, 0.06452536852396701, 0.10731448924143444, -0.25044506548429285, 0.9621646790302677
66, -78.8615574158525, -196.82886730637384, -348.14826083735403, 19, 16.091285818622584, 26.11676080898019, 15.708477844173276, 10.155909718989289, 0.37780214557602343, 0.6438937207281031, 0.6653318083520978, -0.2854995462874388, -0.6025581301793418, 0.7452608327454503, 0.8807698608988727, -0.47151307104013057, -0.04381638929082721
67, -262.7960386241623, -65.88310715822332, 319.0457517882334, 74, 31.917827050381778, 35.36052827726711, 32.24170954717115, 28.520894719057015, -0.6234210235469196, -0.46089084907663913, -0.631605773118902, -0.7428026200198564, 0.6013140753309776, 0.29439030300009594, -0.24411164472705787, -0.6526875271109928, 0.7172227665533127
68, 305.530398716183, 314.18266595356897, -273.7810329285342, 30, 19.80685439490447, 31.235676665099575, 16.222076423548277, 15.335190145392728, -0.43090250832309657, -0.5809352899580233, 0.690534008722417, -0.16371300462292443, 0.802848527459946, 0.5732645934232555, -0.8874238448668137, 0.13397175387664237, -0.44105610609651197
69, 270.7686851148238, -216.88370539654966, 136.03445606183647, 5, 8.669785258163234, 19.53100972991833, 9.202544553398473, 3.625704425072444, -0.7546618637531719, 0.6241433080577777, 0.20231312958699224, 0.6148065997408151, 0.5650119497033635, 0.5502493449405833, -0.22912511060930577, -0.5396356434661249, 0.8101203959839393
70, 186.57563785563988, 168.52828403991444, -216.45197431109358, 51, 24.607651310319437, 36.267751297119254, 22.117005843995482, 18.576484564840765, 0.5547499519842284, 0.7257533674118208, -0.4068593620207097, -0.5416926847575586, 0.6862133505752049, 0.4854691264874616, 0.6315231793478715, -0.048921234476998435, 0.77381211334768
71, 256.7997944020344, 347.986865763219, 201.99069451374734, 49, 28.064886140669216, 47.279362751708035, 25.45082921687599, 18.37030228967783, -0.5411912324620731, -0.10626554148958958, -0.8341580693118699, -0.8279569761756339, 0.24071077200567345, 0.5065032772278314, -0.14696698781795572, -0.9647621255689697, 0.21825385577203507
72, 222.02586652301775, -211.19891745587455, -198.8875368951723, 10, 10.257251931668597, 14.13289554022227, 10.265633843606073, 7.438342108112498, -0.9993137968340755, 0.02714415933962669, 0.02520178705586381, 0.023110595805107697, -0.07477641976789441, 0.9969324888919151, 0.028945393737123133, 0.996830818976039, 0.07409779025694602
73, -164.2415260338992, -160.1685020716418, -193.87797957300143, 8, 13.900978015856792, 18.816532402938368, 16.488134695034177, 8.658146902847864, -0.7349668537003496, 0.5898386403471972, -0.33453565178494576, -0.6238241888518027, -0.3947265050020768, 0.6745623526793024, -0.2658328523061023, -0.7044724015901658, -0.658066508821552
74, 306.0572521362446, 169.6554702029787, 8.48911909574075, 14, 13.738233657209918, 18.159353604565418, 15.119692822500857, 9.443855690670699, 0.7490636907721624, 0.608399231521859, 0.26220976764872345, 0.6168014684313532, -0.4960010710469565, -0.6111782768237088, 0.24178406834965802, -0.6195428254801142, 0.7467979323005686
75, 86.69414123751177, 163.41667509430525, 194.6513850082342, 13, 15.732489893447198, 22.835060340702825, 15.44566279560768, 11.040371097946547, -0.6336983950371672, -0.5964524388753343, 0.4926163134600639, 0.011256947724036756, 0.6296231559492032, 0.7768191312142766, -0.773498303330561, 0.4978143927732814, -0.3922769494789524
76, 254.06412346658715, -177.2458922298036, -312.47873595819647, 34, 24.588592854342153, 28.36746589170618, 24.522359840791513, 21.370674283531635, 0.11793080926742348, 0.7433521094005479, -0.658422330784191, 0.26399383544087, 0.615719990959421, 0.7424258532554948, 0.9572876156488966, -0.2613743181391132, -0.12362801762773579
77, -219.73187991969874, 132.9904587866173, -108.72971794773129, 103, 38.48451952871209, 46.2887756424651, 38.38656323114866, 32.07770444812572, 0.5383338712952722, -0.07497431115161408, -0.8393899544809829, 0.28853696992567096, -0.9194369688830439, 0.2671742450859979, -0.7917973604416465, -0.38602397971952535, -0.4733312023088492
78, 335.9862190100205, -150.39113993922476, 325.9541054252431, 44, 24.452660822793078, 28.510009321777964, 26.151321382663546, 19.610441643845252, -0.23012446788343718, 0.247613360329071, -0.9411324843335876, 0.9714864293352125, 0.11516526676060465, -0.20724642083635106, 0.0570687909358862, -0.9619899090523272, -0.2670553650137202
80, 57.44043123722451, -84.4059420607776, 269.7190867676227, 6, 7.109905090671342, 15.367287846299762, 10.577738873595344, 2.211064147081432, 0.6661167868650678, 0.7252252432158397, -0.17417454710457533, 0.45647423877551374, -0.21172354793816106, 0.8641784587588333, 0.5898471798617612, -0.6551499720300716, -0.47207925029397724
81, 111.90268261478708, -302.14742259698636, 9.671395558446166, 12, 12.54892252075819, 16.842560865909856, 13.94091983995611, 8.41627191223934, 0.8968823337325724, 0.2528690452237633, 0.3628489016188928, -0.2879124053168815, -0.2889499916670027, 0.9130248349197775, -0.33572090537090854, 0.9233445447303303, 0.1863500078177519
82, 54.16830426375713, -215.2947001886705, 221.25080249069921, 28, 22.7685246458109, 29.796658461462904, 27.307070148329966, 14.506478592165923, -0.3332493995955152, 0.886276163521721, -0.32165105260584553, -0.7876921910879012, -0.4491967855936169, -0.4216198049327181, -0.5181562020938948, 0.11285747554142211, 0.8478073722527116
83, 355.34709346340435, 318.9838921583398, 218.7054562130369, 5, 10.607369762392802, 16.34938648793828, 11.559466603175967, 6.31515289472133, 0.14003665380045976, -0.9780074953867491, 0.15456737870491238, -0.1773635445854434, 0.12880364379275977, 0.9756801701366055, 0.9741313610825069, 0.16404560436977744, 0.155425644738881
84, 353.6578895732359, -342.9363190760119, -311.10952204813725, 6, 9.09125175791431, 16.841185001841552, 9.678914413610935, 4.609690394854406, 0.07068495720205517, 0.14584116357821544, 0.9867796065137826, -0.9724729625394324, -0.21012542813078977, 0.10071564715888026, -0.2220359744616249, 0.9667355685289564, -0.12697388151061717
85, 240.86805786577725, 252.5449615997014, -344.1447418164883, 70, 28.073348625818443, 41.73180299362546, 26.391746942989794, 20.08849355247674, -0.00032371587791348244, 0.9999385973708188, 0.011076854070975146, -0.7560526601944098, 0.0070051891401287664, -0.6544733014707836, -0.6545107105471888, -0.008586548386302685, 0.7560039688823225
86, 11.196111456583013, -147.2776443969051, 23.20073031020419, 9, 12.691119389353558, 15.473954898646667, 13.734931730577022, 9.617716188285186, -0.9423945859766611, -0.24529344654427782, 0.22742816317313633, 0.003806176347939717, 0.6719908036583723, 0.740549709891364, 0.3344816248218814, -0.6987556689437335, 0.632346865079214
87, -81.1575230380664, 102.24727841292437, 334.95201784071816, 11, 12.419041450082162, 20.284315124755192, 11.643481480943592, 8.110003173680418, 0.32894646348782763, -0.7047635203944924, 0.6285718769401101, -0.3290187761955675, 0.5383775899954346, 0.775819705538264, -0.885178439112489, -0.4620150981427655, -0.054783026737377664
88, 284.4289027596578, -235.9841846820214, 160.19422058104985, 110, 36.71048502193363, 45.03639919578917, 38.44247481723236, 28.57560071549451, 0.3052646711580094, 0.7051819936479465, -0.6399467449542188, 0.5869632539193146, -0.6685204414436409, -0.456677739681331, -0.7498583993603347, -0.23621764372439732, -0.6179915903166082
89, -274.82639007040945, 129.48498911245454, 28.111013267339953, 23, 18.152866865181423, 20.91934108459041, 18.55469145626402, 15.411110327951153, -0.9470985292819243, -0.04041061838136551, -0.3183886897395254, -0.2344955311612139, -0.5901928261517194, 0.7724534120738068, -0.21912604066481178, 0.806250215430098, 0.5494946482191468
90, -88.3829793416759, 184.66024533250396, -235.87683085049838, 13, 15.473997181440394, 26.851217924291507, 13.47011542817869, 10.24406283382972, -0.9612768938317306, 0.2745685655273247, -0.02363971678101831, -0.014651167878544764, 0.034742060615279555, 0.9992889134299444, 0.2751946159811528, 0.9609396922015823, -0.029373989965857585
91, -137.94226474855105, -120.79427828837683, 321.13511513703344, 11, 14.446802809967673, 18.709233738141744, 14.898744506951184, 10.817068041359128, 0.019665599644639167, 0.4577101843958799, 0.8888839357817793, 0.36696187177793127, -0.8303112175295739, 0.4194308843013276, 0.9300280903563364, 0.3179381530185495, -0.18429075398212355
92, 50.22597731573464, 308.85979955016296, 326.16048579483635, 41, 23.02424649703244, 36.79554008649698, 19.833071018544505, 16.725192675651922, -0.9223377933780373, -0.35868088837534745, -0.1436698131856671, -0.3489249682174821, 0.9329120461606805, -0.08903078502811078, -0.16596494045720045, 0.03198647280592043, 0.9856127556482182
93, -93.86599041474209, -149.68450440887634, 125.48109805291668, 39, 21.39598817872942, 28.527157020924964, 22.648342375113167, 15.160102358603952, 0.21525663696209185, 0.7976870406056407, -0.5633471092440122, -0.5956999878607031, 0.5643688109225312, 0.5715149776870653, 0.7738256293936825, 0.21256347406763737, 0.5966662926508989
94, 320.88442881126747, -116.17853101621513, -286.19561304129667, 12, 13.077828456910995, 16.727347712612737, 12.107256646113465, 11.044195249145343, 0.24783933830621532, 0.6807047521162353, 0.6893596324374616, -0.6229149232316277, -0.4330076682184952, 0.6515223385881079, 0.7419923589925119, -0.5908852678061589, 0.3167048144351001
95, 219.4942364346823, 162.09919091618085, 76.17188516320955, 17, 18.13480198384025, 20.76216333878089, 17.870994761541198, 16.07374678975587, -0.8322908347185666, 0.014347366542332918, 0.5541535161999531, 0.0423529948705327, -0.9950972183688326, 0.08937421227685538, 0.5527189071028497, 0.09785539876732265, 0.8276026405607463
96, -118.68482528449358, -193.70768388622696, 308.64023655113766, 6, 9.514399185583114, 14.713252465813673, 9.526614658434312, 6.144645326666114, 0.6162587416811984, -0.5727986550071091, 0.5404876169937225, -0.42993128748544024, 0.3303172882427792, 0.8402675628209437, -0.6598365338041059, -0.7501947679836108, -0.04270314680909437
97, -146.29058760884047, -104.59500883939945, 292.84865559136057, 7, 8.225358140010396, 15.63621786009468, 7.9894158918631115, 4.454692265842516, -0.32751672585714003, -0.3643464752472018, 0.8717708645388186, 0.18722201494614546, 0.8793393272537983, 0.4378473074764112, -0.926110528718535, 0.30661701440033906, -0.21978465614527726
98, -159.8845501219844, 83.50400299450506, 317.7810323076074, 46, 27.15926238004114, 35.665480117622664, 25.317842218720035, 22.186007143116264, -0.17011329815469278, 0.32020904713897286, -0.9319482989529428, 0.9854079373386714, 0.06076152505800048, -0.15899444676645488, -0.005715139620115609, 0.9453963207052253, 0.3258728800869223
99, 142.55610840360248, -195.4624475689733, 205.4053762956369, 6, 7.876972555622308, 12.773111536283869, 8.197211325581792, 4.667831399447461, 0.2562300141703431, -0.9664128385571782, -0.019809222855109263, -0.5435422869198852, -0.16099809399902137, 0.8237969386071932, -0.799317184957365, -0.20031435096003478, -0.566538788284874
100, -329.15759086630686, -79.7239623251546, -249.32436500385464, 24, 17.02791033774387, 34.23179047692759, 13.573469791706183, 10.625847238930033, 0.43348507126164587, 0.06389758047073539, 0.8988925365155012, -0.7255428667952574, 0.6163652942013694, 0.3060741291690276, 0.5344887664262038, 0.7848636335784994, -0.3135455871961041
101, -134.13126801189972, -176.12201979265504, -127.04737610092137, 11, 14.6064226215532, 19.79230056878428, 15.037491555449119, 10.470318985772003, -0.3669406525857213, 0.22657074642526315, 0.9022307101535971, 0.00437067866081473, -0.9694551015623243, 0.2452298987130798, 0.9302340859418176, 0.09392817957930773, 0.35474221969327074
102, 216.33215186018307, 19.476675930154027, 321.17526597114824, 6, 10.374682464050474, 12.446771642671486, 11.483754497843961, 7.812388254778007, -0.2050585705714962, 0.2207907357465529, 0.953521071420905, 0.6434139879525937, -0.703722894194545, 0.3013179853466976, 0.7375428277341692, 0.6752966305224312, 0.0022445629722927262
103, -112.2357295945169, -271.3404367872389, -160.9982846977519, 37, 22.603448428045706, 30.149103247664215, 22.893941795793523, 16.73127855530874, 0.3053929926206997, -0.016836916054341587, 0.9520775379746926, 0.915184573275949, 0.2813480543789924, -0.2885835565912832, 0.26300630581013035, -0.9594580712855224, -0.10133061012928762
104, -172.75563596257268, -94.83229598421543, 117.97475706162425, 57, 25.77155802067968, 33.493109406696426, 26.17321974885963, 19.5258255253129, -0.17553474550511708, 0.5916168083726575, 0.7868780751624765, 0.9609178127908885, -0.07083630800105782, 0.26761759009817365, -0.21406660220975177, -0.8031013444888069, 0.556060896214293
105, 314.1646192030823, 15.565698788280715, -126.2810777049912, 6, 7.484511878871945, 11.4585135744607, 7.392676272808422, 4.949490257018995, 0.7476473239068094, -0.06832438797589059, 0.6605719166470115, 0.5522598136855957, 0.6164000583547389, -0.561302116732358, 0.3688259443734086, -0.7844633490915915, -0.49858266785866845
106, -338.0315070027528, 179.79044124331654, 96.74549372780642, 24, 19.998763170518618, 26.286279988928097, 19.446996626280672, 15.646879714198095, -0.9642355282058636, 0.246973516529219, 0.09619734028938041, 0.23104155914762284, 0.6053531657045079, 0.7616871685397925, -0.12988319403292606, -0.756671412770908, 0.6407641758112603
107, -56.44638578214148, -343.00480002026654, 10.117657714437476, 65, 27.67038339118135, 44.91449162658319, 26.661224507385096, 17.69208223926169, 0.622141957134946, 0.4307968724001158, 0.6537227546158827, -0.4584101903608084, -0.47644714959429585, 0.750238769337361, 0.6346648584455156, -0.7664281886607177, -0.09893608583618393
108, -281.3961296053991, 75.25600616352828, -328.92648494447286, 65, 27.850158803288, 38.448290247894654, 24.860808439308094, 22.59907942508664, -0.28515229358792593, -0.9222400459195461, 0.26107751179268396, -0.9530600122857966, 0.24388576952254892, -0.17943339824623275, -0.10180757556951449, 0.29998838165286945, 0.9484946960473475
109, -174.47440275874192, -131.80504317540104, 175.01915879227323, 42, 23.851863740999896, 33.97832429001876, 23.28219532836028, 17.153038943377236, -0.14014139102200068, -0.5980136535920243, -0.7891388094878727, -0.1900740700338335, -0.7659320814618379, 0.6141822974397014, -0.9717161305768224, 0.23606718684530167, -0.0063281017496001745
110, 257.91257211175554, -197.22853775514872, -352.66147505962175, 26, 18.94645175717829, 31.26716116252514, 19.129848642593583, 11.370607778022048, -0.9994875052736113, 0.02498942292188312, -0.020006387579071257, 0.026349932079601263, 0.9971347922587449, -0.0709075958308408, -0.018177125221914323, 0.07139842301578324, 0.9972822355329138
111, -342.7383401841891, -21.189609195070595, -310.6230240263611, 5, 6.30146058566514, 9.815179135277987, 7.987158215294448, 3.191781513161793, 0.8157083467309291, 0.2640740209099291, 0.5146696071791657, -0.22028838162107012, -0.6808709343415962, 0.6984896561092167, -0.5348765483700554, 0.6831395774285547, 0.4972196654945093
112, -312.0153377799313, -92.53082437862265, -238.45691047896977, 25, 21.884666049237804, 34.957287159879854, 18.67836462994165, 16.05251928055014, 0.5804812515689787, 0.8058220914332045, -0.11701398863011298, -0.4590069218862479, 0.44251772247581944, 0.7703834830494002, 0.672572793262874, -0.3934829376898455, 0.6267511591609101
113, -254.4989888940595, 300.02164865171244, -159.98652460952903, 8, 11.81607362696522, 17.144697017778686, 13.879264881323186, 6.9330333048355595, 0.6464379987560003, 0.4893748763000879, -0.5853461746783786, -0.3874953099819506, 0.8714688918834103, 0.3006482250429776, -0.6572406701554079, -0.03246846047742119, -0.7529810758365024
114, -161.15429319004267, -4.390136868414535, -251.48229749183392, 11, 14.282036933689248, 18.09998481467869, 14.057592979975219, 11.449361826106554, -0.41763798953576603, -0.6916873914199093, 0.5891918721836246, -0.13262019665096783, 0.6879117101235158, 0.71357505738023, -0.8988828584063564, 0.21987731039300357, -0.37902978146519944
115, -213.27291277385055, 27.87055665832213, 336.72360752620654, 47, 26.03290288895335, 40.477378518710225, 24.66929775603645, 17.66845724882438, 0.36659063307429873, -0.8019772304251919, 0.47163951236269785, -0.7767568992905186, 0.015212835163814886, 0.6296167795181905, 0.512113295225542, 0.597160859003516, 0.6173644639331126
116, -91.08496828046825, -9.390245501407254, -261.5181603190072, 36, 22.279328566103977, 26.59083725569577, 21.412172321680654, 19.4228766968853, 0.8346452820939987, 0.02292125365122083, -0.5503107024302595, 0.39103712085517794, 0.6789725194501525, 0.6213584214805533, -0.38788815809653515, 0.7338057876322364, -0.5577381489963822
117, 19.997561040539743, -109.61166644832238, 149.67897750696838, 45, 23.92320499151106, 29.88537184972383, 21.704147658967194, 21.108466598947363, 0.8782128434492701, -0.33530492350265106, -0.34104663885695935, -0.26225918036139195, -0.93393267065268, 0.24287834198158464, -0.3999529021233857, -0.12385626735225641, -0.9081284606930056
118, -28.847128708722607, 112.39334744098254, 175.394213846131, 14, 15.866796066177661, 20.742714949971766, 15.103188395396353, 12.750683934339161, 0.6189856298915296, -0.6320591721211055, 0.466216680230737, -0.6675468998209961, -0.7361396713997335, -0.11171177525610079, -0.4138090459706787, 0.2420735159596676, 0.8775890190423768
120, 40.71476748555523, -264.43118226195276, -333.68970444489776, 69, 29.85190925165921, 33.06388036228419, 30.562201308933652, 26.325576182865102, 0.9467284203544107, 2.4055837604609182e-05, -0.3220330689767106, 0.27811843257980934, 0.5040597336599747, 0.8176636975933232, -0.16234357256322848, 0.8636687931863418, -0.4772009850403241
121, -89.03321534854695, 178.70228514882422, -140.11822680378611, 104, 33.81733624513061, 58.8543703019096, 28.187564299047718, 23.312128040995898, -0.6178777322741074, -0.7416968329478919, -0.26098451286402735, -0.24490753723671232, -0.1338688429102626, 0.9602600851344993, -0.7471595587051375, 0.6572403980986973, -0.09893256765398403
122, 12.149963996647973, -109.4201615325584, -252.04333219675945, 32, 19.857724823636733, 23.762678985848275, 21.518111636735547, 15.314009325511595, -0.6507791823392863, -0.723979060678353, -0.2287810646297015, -0.7501320127301646, 0.659667682614466, 0.04626566752411845, -0.11742410021457744, -0.20172473376695463, 0.9723778650686409
