# Void_ID, X_c, Y_c, Z_c, N_particles, R=(abc)^(-1/3), a, b, c, vector_a, vector_b, vector_c 

0, 34.173964477521224, -264.25773231878975, -327.6119447440226, 98, 33.48151554817304, 50.33684043238843, 30.83346805206525, 24.18282298948554, -0.44028351788200154, -0.4891031575460974, 0.7529465619550212, 0.018605258581111343, 0.8334523996442659, 0.5522779570835188, -0.8976660115179694, 0.2571676472763486, -0.3578554637835901
1, -269.2774149041454, 335.76683827395624, 320.6360116626733, 50, 27.891058214464092, 34.09415435118632, 28.766539864618462, 22.1221547920445, -0.9473714859740338, 0.08379009189339925, 0.3089765170103495, -0.04527076904424632, -0.9905056939927017, 0.12980380440564504, 0.31691927210804605, 0.10898481852318777, 0.9421700930819097
2, 30.10329808283257, -165.03864657954105, 126.59227273015725, 15, 16.309993874438216, 21.890990087722543, 16.138015460165484, 12.281343043627837, 0.695551675356294, -0.14141326774344357, -0.7044218584166547, 0.33858989967079073, -0.8002246646172325, 0.49497208606057963, -0.6336913655321308, -0.5827887900812425, -0.5087165019985735
3, 94.72471902677171, 72.69857686783253, 236.7104002733115, 110, 33.90860183889182, 47.14367097110738, 32.34265062921403, 25.569994926454566, -0.5240111606076895, 0.7906087324117497, 0.31678089556169403, -0.11965522090998965, -0.4365817399231549, 0.891672031901109, 0.8432644494270843, 0.42934160827941853, 0.32337416676735153
4, 222.24674849140467, -265.83343855222296, -342.69919154218474, 15, 13.109939403866111, 15.845674239605483, 12.59692412432561, 11.288255121568394, -0.9743223774667944, 0.21910347068200672, -0.051861102018300506, -0.003339487758757044, 0.21624482414308316, 0.9763334593533277, 0.22513274437309772, 0.9514367268328602, -0.20996047781573327
5, -289.89178935275913, 12.676822607004206, 298.6846870212132, 19, 16.00692309592857, 23.454192042314688, 14.505435788018076, 12.05514164302897, -0.19497674644629823, -0.9533314709781214, 0.23052803471141425, -0.9749263994288629, 0.16267701448609087, -0.15183775767102595, -0.10725010042833985, 0.2543526988270091, 0.961146253469017
6, -333.3748921090254, 59.33738199715367, 336.56997830452576, 10, 13.615511433091157, 14.404767582203402, 13.76464972323856, 12.730060216614323, -0.1469777740447818, -0.987939153494015, -0.04872127800427876, -0.9855062951499984, 0.14204207868016425, 0.09274367959026703, 0.08470464070264519, -0.06164638576386748, 0.994497283538617
7, 266.49865803363934, -355.31137552569515, 353.40662133856665, 5, 11.519236749039901, 30.2007746160447, 10.781836408668191, 4.694185983005536, -0.9988065284987564, 0.004870417224475773, 0.04859832985116265, 0.042128085380452214, 0.5893718397564712, 0.8067627029828844, 0.02471321610879912, -0.8078472092779247, 0.5888736226147583
8, 6.883831693056023, 54.59946055088216, 260.49186493173704, 8, 10.983287302680944, 13.83670829776323, 11.487408947491726, 8.335701704662327, 0.4384777375907164, -0.8018106725411951, 0.4060011318166036, -0.13063766633965063, 0.3900845743105837, 0.9114646592261604, 0.8891968700859539, 0.45269600206315824, -0.066296726505735
9, -145.17849333912127, -187.53891438110082, -178.22463511848272, 8, 13.397013946057806, 18.642397772290835, 13.779035287254075, 9.360594795925952, 0.18894264675574754, -0.22477024731256587, 0.9559178898629216, 0.8850065996546098, -0.38284058429055845, -0.26494604278578854, 0.4255161510503658, 0.8960532478280027, 0.12658823899624463
10, 40.157848129785066, 201.12423924434296, -312.6049346383737, 16, 13.259533202759718, 18.334077664900263, 16.30716771999383, 7.797351291051097, 0.5491611866278158, -0.1731197420856823, -0.8175888612265435, 0.5100040230584867, 0.8444405656587537, 0.16375599999414572, -0.6620558039664691, 0.5069020477075536, -0.5520257480083709
11, 307.7659914962706, 45.82782108720557, -88.27032940461113, 12, 11.265188936119223, 16.53918189309023, 11.518603581475238, 7.504151344640952, -0.18790396027116685, -0.980280360181892, -0.06117611589560013, -0.8618220621730941, 0.19443273816238546, -0.4684641325463379, 0.4711208283085427, -0.035303339393567196, -0.8813619230268205
12, -287.9210660041658, 160.4274017537785, 259.7549668871591, 368, 52.030785278418605, 65.3420839929955, 54.52474733147735, 39.5361611639304, -0.379972095981271, -0.887387386047971, -0.26108395844737214, 0.7527130049113515, -0.4606802280688001, 0.4703157021658984, -0.537628439084954, -0.017814447772192148, 0.842993657709029
13, 205.49355855977166, -37.08443530551912, 248.49731772048813, 61, 25.31417603575609, 39.53954567508737, 24.25413174956494, 16.915077054006513, 0.6988773122139734, 0.4005266984978848, 0.5925781520297191, -0.4055831898606872, -0.4604925857043386, 0.7895877751167136, 0.5891288302018516, -0.7921647191725448, -0.15938092459036907
14, -240.10690692412575, -277.7193985599652, 61.958173391398525, 132, 34.292609733012355, 43.63144789271765, 34.34407422768571, 26.912260119862765, -0.18748567052965884, 0.9038068771240101, 0.38468461394938674, 0.15769403070793483, -0.3588546120931872, 0.919976064937851, 0.9695265421973391, 0.23314479673111477, -0.0752448518642848
15, -52.30608572293011, -118.66646903128915, 347.22199408870415, 35, 23.675474836677886, 42.40646490901408, 22.704848306013293, 13.783052774523435, -0.3853456796935466, -0.8581224735902759, 0.3393147911023404, -0.9174544395789889, 0.3957031571362434, -0.04118692425045914, 0.09892450878484191, 0.3271770648314391, 0.9397707751414502
16, -349.39366535940206, -183.84459244120637, 242.69292950240919, 27, 19.33126227782865, 26.03793896762423, 20.162505781173138, 13.760351566355412, 0.13159265596748704, -0.9223683603702505, 0.3632079028370921, 0.21470197255598197, 0.38421634156379303, 0.8979314371687324, 0.9677739590813512, 0.040179729506691075, -0.2485943552472104
17, 258.7856422781665, 168.7604484874305, -10.477183777621484, 8, 12.299820462357722, 16.572536648909182, 13.008876857202456, 8.631127375028088, 0.9161266238268148, -0.17239707067414084, 0.36192714617538274, 0.22477048703534097, 0.9684472747260093, -0.10764805726840126, -0.3319491486260772, 0.1799697921839681, 0.9259701056879114
18, 19.704817119099395, 198.24356450999483, 66.99733766443077, 5, 5.187943020564497, 9.646641164832902, 5.8047386356925745, 2.493600054469794, -0.9558950354970951, -0.07221201825806209, -0.2846930022517321, -0.29208292442469785, 0.33555837356921, 0.8955937378002946, -0.030858489456285745, -0.9392475724465216, 0.34185048088571185
19, -179.3638560351759, 105.45490641010426, 33.7933556264636, 26, 17.301515627039215, 24.421025806819024, 14.860606596798652, 14.270921203038545, -0.9318634758169135, -0.3209299536228227, 0.16921710110409502, -0.35310614593909256, 0.695108281015033, -0.6262112481937436, -0.083345738574092, 0.6432949887353197, 0.7610683578559577
20, 279.9723499065475, 284.9827660942587, 339.5808141972515, 12, 14.36270477746544, 17.555739651941746, 15.68319559812263, 10.761058950697603, 0.2330781829860817, -0.4265399470316812, 0.8739211830606448, -0.41083206100092085, 0.7713468316105435, 0.48604637949285395, -0.8814145325949889, -0.47232164776832514, 0.004547832425607451
21, 281.1001480333587, -120.92866255408298, -314.1970956057274, 29, 16.166924725834015, 21.735250178838832, 14.6894644636657, 13.234625065259873, -0.3288162953613947, -0.38675369164078677, -0.8615691649003179, -0.9006724360543678, 0.4027949646757016, 0.1629275279496716, -0.28402289843725453, -0.8295648247328978, 0.48078393767801525
22, -136.49653816958286, 27.762206504230694, -51.5550314595913, 400, 63.659325451877024, 96.31504695820209, 61.04847570839417, 43.87500024144298, -0.9818504026607927, -0.17458284438290497, 0.07409869932740794, -0.18851412050671387, 0.8555377783277468, -0.48220072192356095, -0.02078973699735929, 0.48741762411837164, 0.8729214435070217
23, -47.203283400197535, 300.71363548650567, -63.15970500314919, 18, 16.111534797314075, 18.081148335980153, 16.330994312014912, 14.163549483652059, 0.6983410723888845, -0.1746468533489635, 0.6941312723325814, 0.06620735481838672, 0.9813789130399466, 0.1803108848863127, 0.7126965222187455, 0.07996190127703579, -0.6969001087397438
24, 177.38076039372143, 132.0568013697965, -137.8496936602128, 13, 10.913029946402254, 14.536391956049329, 10.873579996825702, 8.222556422421118, -0.04122812434976279, -0.5268321309893399, 0.8489688731159887, 0.6863276630085311, -0.6324380422233762, -0.3591329304559959, 0.7261229790826402, 0.5678644455377482, 0.38765369950802386
25, -193.43594682651909, 180.48288672202298, -213.8246220505573, 75, 27.932736708549644, 37.68281870223952, 26.657607288839095, 21.695812385085098, -0.8056970211818357, -0.4641035505662569, -0.3680491874879092, -0.5915803589583464, 0.5992799952563316, 0.5393479082932326, 0.02974876389752226, -0.6522816735409365, 0.7573926520697205
26, -356.5313443744149, -319.9711316428678, 310.68629329339774, 8, 9.889826492907625, 15.612972083439189, 12.710530094384376, 4.87435067955427, 0.1515572594603427, -0.938551268638015, 0.3100837197320156, -0.041176750953483617, 0.3074403426310031, 0.9506760283628941, 0.9875904375224505, 0.1568500935954581, -0.007948323930919952
27, -117.01436756974343, -6.91348098889028, 181.4282570216041, 7, 11.0395467304536, 15.28623555371734, 11.331728470786274, 7.767066428607633, -0.043474799034836566, -0.3631738218671626, 0.9307065686666658, -0.2969327460975164, -0.8847927089006218, -0.35912784154293476, 0.9539082168342343, -0.2919702679840835, -0.06937201503080372
28, -96.39379375812491, -24.576174899982103, -245.3359950391057, 97, 30.702360884639702, 41.224033641628736, 28.753207703415754, 24.41622572060224, 0.15910497445224, -0.09339530230191488, -0.9828341287381538, 0.8431151429968465, 0.5308040078696207, 0.0860462717318692, -0.5136559770449068, 0.84233272685886, -0.16319655176675568
29, -96.79120925719862, -346.7058743180436, 107.24650418164748, 21, 19.03820519339567, 25.353579353906817, 20.35278294275938, 13.372571492696165, 0.021502092919651973, -0.32385015432007197, 0.9458640164140616, -0.6805683210147422, -0.6977832486636393, -0.22343969726884347, 0.7323690466091868, -0.6389206644265651, -0.23540595603651882
30, -345.2657951353921, -244.58373077759583, -179.0608209129037, 60, 28.931061577856436, 52.56232277958622, 25.714461055494716, 17.916003295967094, -0.22078244159921373, 0.3197125109199048, 0.9214331358502252, -0.18475511173950074, -0.9413508307290066, 0.2823546744290479, 0.9576641698255264, -0.10790052755709019, 0.2669022554893215
31, 137.10924378025612, -48.7178002667419, 44.14876801129902, 6, 8.112864116765747, 11.374260293997953, 8.446629236520941, 5.557967616568433, 0.7462636830743147, 0.636583230924348, 0.19455668950276928, -0.4291524174512606, 0.23668834333260097, 0.8716689914905815, 0.5088405623769572, -0.7339893856428626, 0.44982314729626244
32, -196.30848034628667, -225.08649485566642, 32.11081992663941, 27, 20.776581509917044, 24.17100633728566, 20.036808796670744, 18.51820938213361, -0.8513914576266546, -0.050237678654819054, -0.5221194896991835, 0.4904649229073625, -0.4291215728289408, -0.7584845648596226, 0.18594823279029862, 0.9018485745268953, -0.38999026057835295
33, -100.21232753341276, -212.36574552776457, 127.17557374621717, 35, 20.26470812757094, 35.09376876944291, 18.50318743386165, 12.815763976418735, -0.7779435266776411, -0.5364600123733584, -0.32713074515357093, -0.05592716143969344, -0.45944634078879143, 0.8864430114503065, -0.6258402527112273, 0.7078980965224911, 0.3274206209544247
34, 162.64458251201123, -234.00648723092272, 267.7632401307629, 6, 9.719875548828641, 18.64669783758825, 12.649814294922798, 3.893104217389491, 0.6259943115821279, -0.6170078141016971, -0.4768988144295006, -0.22393928577445837, -0.7280172783860885, 0.6479521885587994, -0.7469821404515928, -0.29881800432497063, -0.5939069642103876
35, 313.85138830207046, 258.38728170083, 97.94405648251502, 66, 27.69612744680873, 50.12119806391537, 22.51506123426116, 18.826195790123148, -0.3291459862251379, -0.7643002436150331, -0.554534090351425, 0.012780975373516825, -0.5908087093185747, 0.8067104286308819, -0.9441925473230461, 0.2584380130772579, 0.20423081789068037
36, -156.95947221214675, -44.23767390872597, 347.27070546796796, 60, 25.384091003009754, 43.396491997463656, 21.9990750925414, 17.13269966319956, 0.49869211132113483, -0.8634666968350826, -0.0757062848301278, -0.6994885706038827, -0.4524855490624525, 0.5531478712642651, 0.5118807651207512, 0.2228947988320112, 0.8296360593374853
37, -192.3649579594424, -58.91205016210728, 249.73306227983383, 50, 22.404394756323214, 36.319544184018206, 19.43120851038578, 15.935270756147258, -0.9246966665747042, 0.1418383382518366, 0.35329585424625043, -0.04299670712292385, -0.960976561825662, 0.27326787370328576, 0.37826889642450895, 0.23749933352261823, 0.8947104048652257
38, -166.81532470840207, 310.02876392171737, 150.72056488415774, 19, 15.419164164997868, 20.049637427346887, 15.862786331296494, 11.526474642351513, -0.17211591508672036, 0.6701629954473306, 0.7219817666028153, 0.9760938894601191, 0.21477831009321696, 0.03333161370408647, 0.1327284096660439, -0.710458891876626, 0.6911087701809023
39, 1.8561750971704736, 152.0667306475676, -336.5435561750596, 48, 24.28763858965357, 34.53065084464944, 23.205989718705588, 17.879320754904793, -0.1712193197892692, 0.5702585296147067, -0.803423396430906, 0.9520515581948255, -0.11408568522100573, -0.2838701938676518, 0.2535385080608186, 0.81350455796469, 0.5233818482723377
40, 350.1318826140842, -174.04818664415652, -31.175315397145102, 60, 26.226481155822512, 51.270873017315274, 23.51981569726103, 14.959443817682407, -0.10703774002845998, 0.4459702838363413, -0.8886244584437979, 0.10849475346399935, 0.8936610635504079, 0.4354294339669054, 0.9883176668867081, -0.04980370898725077, -0.14404089659095906
41, 277.6098782142506, 306.2148215338777, 52.60854923644382, 33, 21.41716950035931, 33.25937807350377, 19.825785350716927, 14.898470918849975, 0.3423244479771967, -0.8654294236531145, 0.36584953873490894, 0.4581062415963799, 0.49369105130465446, 0.7391940322216786, -0.8203369086707892, -0.08544623184870526, 0.5654611372457973
42, -24.90318060857703, 354.098467297691, -59.40594609207195, 10, 12.392608866346228, 23.375484064551223, 11.836177009603297, 6.878855139638396, -0.3760419792481881, 0.11817441561145803, -0.9190360370181333, 0.918338128170679, -0.08464285448504169, -0.3866402326874397, 0.12348081709755167, 0.9893787923133962, 0.07669480510051865
43, -141.82488494177989, 115.47555835459562, -108.94258019556283, 7, 10.896983978248965, 15.652555410013543, 9.314741649860764, 8.874887841033042, -0.9930202534685934, 0.0010312820323351948, -0.11793944487973541, -0.0007889951276495386, 0.9998813130958404, 0.0153862668775313, 0.11794131459271996, 0.015371928282029091, -0.9929015812924428
44, 102.80754669795762, 42.292656638139334, 285.74856965412897, 26, 19.24320828491398, 21.568995658408657, 19.71968562104617, 16.753383570375988, -0.6736894876369312, 0.029100476115878852, 0.7384413561937864, 0.5626371463547551, -0.6276598236947237, 0.5380358605718455, -0.4791470711475417, -0.7779436406381491, -0.406474816195782
45, 332.7926851050026, -207.06683630121452, -325.709282878508, 48, 24.299317146205567, 27.62182613780769, 25.79422196926843, 20.137585059962568, 0.9297470069957828, -0.10641473980053226, 0.3524860367951737, 0.11920445111902352, 0.9927607314455091, -0.01471152382283196, 0.3483687727334281, -0.05569589978591414, -0.9357014293733031
46, -285.05773319096465, -298.4123628861652, 104.60718940526105, 15, 15.892544012063555, 17.626502491000632, 16.28703663051703, 13.982088562700717, 0.6870605244550577, 0.3521718067519675, 0.6355492540036499, -0.32089215520606845, -0.6376986337242854, 0.7002632913935902, -0.651901879474777, 0.6850660340983444, 0.32512838765942825
47, 73.72649506938438, -103.06135798965893, -349.4366931565768, 19, 17.57092904346345, 22.660495653674023, 16.647268004384127, 14.380427555010323, -0.9643069654418038, -0.2519776171972073, 0.0813594298900714, -0.1671337184864697, 0.8175464090775336, 0.5510754840757438, -0.20537379712442635, 0.5178080237269862, -0.83047965298293
48, -337.46345506614074, 64.14530216210338, 166.67635715583154, 65, 28.270371745553998, 42.36890067687616, 28.705155410021035, 18.577508120708025, 0.3369012308902075, -0.8447119435065074, 0.41588374952878593, -0.263202344568869, 0.3396027434821479, 0.9029919725184986, -0.9040033663864939, -0.4136806849695271, -0.10791758172341183
49, -93.8917193234882, 108.26210630534732, -57.45842963570376, 45, 22.434505438922397, 25.963453128719966, 21.740410759286146, 20.004113133158462, 0.7711126237912483, -0.22855508784760417, 0.5942624784123179, -0.5121042727535972, 0.3319654784788299, 0.7921793578008902, 0.3783312507014024, 0.9151838574392004, -0.13893873407159726
50, 139.68945909792006, 251.85935402045777, -33.20638458815473, 12, 12.21902421465375, 17.022834216548645, 12.02844920757175, 8.909802310987248, -0.16681414007772807, 0.18642183981393518, 0.9682044930233052, 0.5464120316250324, -0.7999066579268621, 0.24815968709619785, 0.8207356056401676, 0.5704351288662591, 0.031572605052509965
51, 10.928024214285594, -75.15099612841713, -240.17403675620278, 157, 40.580299097940575, 57.00316475186923, 38.27582648316367, 30.628250192883026, -0.4872136770657672, -0.3029889086287356, 0.8190363570245353, -0.8390408345694084, 0.42246774255448416, -0.34282865169934196, 0.2421431617971603, 0.854235756538489, 0.4600521290527734
52, -304.36265627660947, 56.659557348622634, -327.4364262979238, 15, 12.584607915371745, 19.437877586454384, 12.524154353082682, 8.186943884603059, 0.17203599200814843, 0.8415194620670278, -0.5121021503725526, 0.947119401535958, 0.0016437484244317408, 0.3208771374300231, -0.2708661231825427, 0.5402242988366378, 0.7967366254029763
53, -326.18893795056823, -69.29968899720804, 41.477801024857115, 98, 31.133120706526487, 35.58815739635301, 30.452887720114322, 27.84415113974428, 0.8729578066564472, -0.16223378060675453, 0.46002702988803246, 0.2694603493657699, 0.9465047432723187, -0.17753842142668522, -0.4066150365114938, 0.2789425951572101, 0.8699742758781536
54, -163.64705591237725, 244.10644239133356, 351.97645666331624, 15, 15.819846447898671, 22.326072193001252, 15.989332063428956, 11.090832456734127, 0.1023201186370629, 0.9746914871421347, 0.19876392583854707, -0.9555124450797916, 0.04073532668497288, 0.2921242894000887, 0.27663434461349073, -0.2198115967198329, 0.9354978895367654
55, -209.5154759783471, 219.89687016383243, -25.46531582606461, 9, 11.339582335372668, 15.230925300427682, 11.239293394586703, 8.517769426464522, 0.3930087844716549, -0.4277111803511467, 0.8140069050878753, -0.40767401119365176, 0.7124368380313966, 0.571170423265337, -0.8242244815130101, -0.556324453910175, 0.10562720320142491
56, 24.23746875835889, 101.7906667211094, -223.3292621863363, 6, 11.502241605491852, 14.002586366073944, 11.26111951538858, 9.65067364720609, 0.7934429338174691, -0.07676087086235896, -0.6037847956677773, 0.5398953626518225, 0.5467601819239641, 0.6399736719971616, -0.2810005483307544, 0.8337631990960767, -0.4752658410520278
57, 277.4534003083425, 353.0091654752737, 348.00450026690254, 5, 7.144160814817541, 17.152234644601354, 7.79298152891319, 2.727905426396393, -0.9633485500493576, -0.2598690838288891, 0.06654044174585994, -0.2593217287133509, 0.8386967468038329, -0.47889456868687347, -0.06864264079214621, 0.478597770753899, 0.8753469950222477
58, 277.6383211491988, 61.56606883357753, -190.89863597922798, 11, 11.530410799081706, 14.598958376810335, 11.504357882100996, 9.127463130119212, -0.3061416802093441, 0.3916323396269152, 0.8676989006544541, 0.9156386714483016, -0.1283195868952264, 0.38097231784924684, -0.26054384465381325, -0.9111301741120127, 0.319309741216304
59, 59.44286948174719, 80.2325468830559, 323.79466268162685, 40, 20.59847075222254, 31.48922738875271, 18.75392833847696, 14.799623948966177, 0.258320513900572, -0.96471245448393, -0.05099404143364086, 0.4617451091433594, 0.07693102470739074, 0.8836702278676463, -0.8485646506191097, -0.25181639660884314, 0.46532411942495105
60, -287.84465621715583, 349.95743363433814, -139.93658335220482, 34, 23.407487653829293, 31.50220176199848, 27.897269102485772, 14.593578835104788, 0.8816139007342476, 0.16869126983944568, -0.4407949472397564, 0.4494624834897479, -0.015097624500474863, 0.8931716171429042, -0.14401529768525576, 0.9855533051105851, 0.0891306727127602
61, 110.46639518654214, -235.16062725910535, -135.34098862152135, 45, 23.550142312612856, 30.320351128168223, 21.445073195918294, 20.087174317111373, 0.8136768421343785, -0.5612476305128843, -0.1514301615197532, -0.44977622103561843, -0.7728527883788547, 0.44766049466749647, 0.3682816144815586, 0.2961412918501926, 0.8812882546001369
62, -295.7943071147129, 208.05098046892758, 39.05685230674342, 6, 9.893870042074651, 12.692464964912226, 10.970983511721037, 6.955159099087619, -0.9101409424283636, 0.19307130710082895, 0.3665609571271705, 0.4119182481635529, 0.32699513572671934, 0.8505277996873082, -0.044348864083305385, -0.9250933204739087, 0.3771412555914279
63, 271.6311166663461, 284.4010401976842, -84.8467512875421, 8, 11.799135003794158, 18.329422566117067, 12.567637649751395, 7.1309612532800895, 0.0904288146810626, 0.19073140114453907, 0.9774682409637763, 0.8567143525736385, -0.515351089408158, 0.021301942168642046, 0.5078022721194827, 0.83548476183786, -0.21000491700678092
64, -163.05126725970482, 287.39782496581677, 26.893502762815814, 51, 25.750347929733984, 31.92446619025866, 28.800924021326505, 18.570313639875366, -0.5782114274606747, 0.7433808066727592, 0.33623878631776977, -0.5208819089626748, -0.6535372497800959, 0.5491548962408221, -0.6279757814353103, -0.1423869355679315, -0.7650963197599927
65, -339.9049819249653, -325.5307040612284, -328.9214927142851, 75, 28.272641990679883, 38.22814198395407, 28.422210025955604, 20.79975152407989, -0.20204277867388787, 0.14518374138825818, 0.9685558305137818, 0.5292665617794929, -0.8159184900509066, 0.23270995718955156, 0.8240483130058869, 0.5596415806831694, 0.08800953927044164
66, -70.870682514495, -258.9763384330952, 305.5306699640703, 128, 31.66528143614706, 40.57116344892828, 29.670844143040256, 26.37562093888916, -0.2051940214595057, -0.5142771343854963, -0.8327151029046598, -0.974640208893676, 0.18498860321150573, 0.12591933882270717, -0.08928536702599972, -0.8374355173564703, 0.5391937291038662
67, -17.91553972178548, -43.633624354257456, 167.9846872450568, 53, 24.12471543665224, 28.79568801080731, 26.119577682117306, 18.66779348214186, -0.7082712611877068, -0.6637396581229771, -0.240419397741465, -0.7038961931340459, 0.6381041549301963, 0.3120148021364017, 0.05368398147467947, -0.39022141624417966, 0.9191546531663825
68, -223.01150513289974, -179.0211491921562, 85.46775290326916, 63, 26.70697536765141, 35.213649245320845, 26.63015343637418, 20.313717796335215, -0.22383344069344, 0.8237346318830617, 0.5209221122814935, 0.9510436970102262, 0.30146884571128496, -0.06806189420392635, 0.21310672726232135, -0.48018516355879004, 0.8508864386588616
69, -218.30726991535025, -133.38426625235897, 220.4442673533263, 6, 7.5317860179615135, 11.538444833655722, 9.517049785394937, 3.890848311674119, -0.05836746196515923, 0.7812957158974702, 0.6214259760454217, -0.717663812325944, -0.46554505309306277, 0.5179058370190182, 0.6939394007127273, -0.41574608580338607, 0.5878803452043829
70, 264.7836657029835, 58.96230624940424, -327.2919253813147, 11, 10.94241564035179, 13.238472659981374, 12.04310552965923, 8.217945307742355, -0.365479398540396, -0.7530636151283788, 0.5471014538568943, 0.9098048073364036, -0.16482116051751416, 0.3809057594645024, -0.19667237170004587, 0.6369687406893975, 0.745379635886601
71, 297.71400899024616, 88.1593864838315, 311.84753351944113, 116, 35.099503462331434, 52.902473860101125, 31.313259148736574, 26.103495343373115, 0.8011669072041819, 0.4434416286820542, -0.40185956347048996, 0.4999304479982396, -0.12683389057807068, 0.8567279097619673, -0.32893940774125213, 0.8872838813776779, 0.3233050879311937
72, -123.4565654765316, 332.01726934270226, 36.86452327548277, 5, 2.7973059024094424, 5.594895032665033, 4.50417252364284, 0.8685862001481548, 0.3210189624710729, -0.8112643311774054, 0.48866861030075676, -0.4148465125936471, 0.3433916641792931, 0.8426058010487848, -0.8513807589574038, -0.47321490882204115, -0.2263149428245123
73, -148.30639083302964, 226.11446986282917, 160.93395221266422, 10, 11.569058435282825, 14.721702998261778, 10.51169310497411, 10.006064990132355, -0.9891689566989696, 0.031015639430195384, 0.1434670875629944, 0.1371064753357252, 0.5442246400333155, 0.8276601691525467, 0.052407914708429065, -0.8383660127243607, 0.5425825643941861
74, -16.443710021977395, -273.44404666751836, 23.077225839641518, 50, 27.001785783356897, 32.08920261356821, 27.121495537829176, 22.62064078869149, -0.2265369623389057, -0.5609379646952031, -0.7962597594113773, 0.9444818087298346, -0.3262564249368606, -0.03886975901441634, 0.23798133891690085, 0.7608582949216115, -0.6037048429293055
75, 216.16787707122472, -183.2539556848453, -104.23153162314554, 9, 10.189486849836468, 14.55510908929863, 9.743832934085699, 7.459533105214434, -0.9507618340485028, -0.14241252357485312, 0.27526461459070456, -0.30978562613574384, 0.41030154204487324, -0.857721114602692, -0.009208732617051064, 0.9007615210057767, 0.434216399412721
76, 235.09906587720823, 156.2627749194286, 229.34179040163818, 134, 33.862116953254166, 50.61512968684999, 28.42080806443942, 26.99140802531273, -0.6621484416961465, -0.7491984012546712, 0.016161581507070893, 0.1735882865803152, -0.13236735987593856, 0.9758821592803016, -0.7289900876702483, 0.6489843122887632, 0.21769890785579202
77, -307.5908606057202, 226.08284237946722, 59.39358104533279, 7, 7.80173789464283, 13.456171732519726, 7.081716829969226, 4.983265074043969, -0.19220757100321478, 0.6332350022242356, -0.7497130661840679, 0.9797541215295565, 0.16743201035908623, -0.10976512767250672, -0.05601884499782978, 0.755632155129192, 0.6525963033452779
78, -269.3324418775499, 58.74689306278187, -194.67068329467708, 20, 13.64689232765287, 19.34375308914727, 12.651061882919073, 10.385647424670708, 0.23148649263391194, 0.7333261355074233, -0.639254865221844, -0.6024403719977662, 0.6240054527050898, 0.49767739870473215, 0.7638583650882156, 0.269907343316303, 0.5862341035019147
79, -45.2272598140914, -185.69491226774556, -52.423924360626856, 7, 10.36174609467184, 17.23788089166549, 8.990744840316902, 7.178261745702741, -0.7058554921368365, -0.030051294928378873, -0.7077181246042747, -0.16677523687532847, -0.9639636140533293, 0.20726835539083585, -0.6884432036017516, 0.2643313648706306, 0.6754071993695261
80, 78.77245322672191, -90.82640108669457, -65.92858708916407, 160, 39.06359364821647, 71.41757024726599, 30.106942113612217, 27.72329604967263, -0.6053815997692124, 0.06529148356363719, -0.793252885803089, 0.305987825703951, 0.9391308149040167, -0.1562202388254678, 0.7347683779136398, -0.33729858385675365, -0.5885109142117819
81, 70.079824450684, 49.240607589599044, 207.99192371968468, 13, 14.003660897104712, 21.234311529450064, 14.139123494402114, 9.146692619790674, 0.3425025905744226, -0.284856305992948, 0.8952926116001748, -0.6282960555077113, -0.7779414052026159, -0.007157981896492946, 0.6985241886171598, -0.560057189050753, -0.44542104003886895
82, 22.970689098772354, 168.3055204351454, -27.79493676551185, 8, 7.288853309145092, 9.404456661020983, 7.543159225500355, 5.4587178284137305, -0.22995475825211592, -0.18278828774345823, -0.9558814000811112, -0.9468548373736545, -0.1849740954965438, 0.26315489913232787, 0.224914930805674, -0.9655946488351365, 0.13053830105232941
83, 253.85679806600524, 15.218731296704696, 194.65969835375563, 12, 15.023554705177023, 19.303847836522394, 14.594392424976089, 12.036166944709546, -0.035673342450031176, 0.9068050518646162, 0.42003810607045333, -0.2781145009612511, -0.4127102631415624, 0.8673652996590864, 0.9598852728287466, -0.08587686889048055, 0.26691838901816023
84, 74.92764019232743, -334.3641733254659, -133.37369279221681, 16, 14.82981028181121, 23.54627066721656, 15.158548693986782, 9.137492430914223, 0.9328684959158997, 0.32615445111944646, 0.15290403311417222, 0.21303151837657938, -0.8418171067400649, 0.4959450886720781, 0.2904719289462862, -0.43007817058618436, -0.854785836148134
85, 53.649110622098235, -351.23977244916335, -329.4480808126213, 17, 17.07104407575377, 31.393937807157478, 15.680260522703733, 10.106043966038586, -0.9010337670313695, -0.10182073197702857, 0.4216286152633877, -0.40440585364489967, -0.15424887142213908, -0.901478336513272, -0.15682492214887206, 0.9827715015224336, -0.0978065416439078
86, -39.54651912730446, 65.28237650555862, -49.46239008329706, 14, 12.475507037815158, 16.55396826728445, 11.713998425209605, 10.013071952472032, 0.22621759689936577, 0.13173090255885453, -0.9651282651358346, 0.4118218570482353, -0.9108404188630624, -0.027793693937722786, -0.8827391216607647, -0.3911734917864331, -0.2602977956364418
87, 125.49909064522078, 198.45097579737944, 37.708921687034795, 34, 22.181990349991608, 26.742357917077317, 22.18017231529562, 18.400809246012223, 0.3656112070771433, -0.03341271992973365, 0.930167745842916, -0.6712363641449791, -0.7017826829067472, 0.2386269251816256, 0.6448024416121748, -0.7116070939212922, -0.2790074464451999
88, -116.5990101865134, 10.710754839332266, 302.19909185834507, 12, 11.563689113509465, 15.692531298831812, 11.833210554691155, 8.327097046176387, 0.06112779988570584, -0.8885315729527786, 0.45472523126300574, -0.6306423468278732, -0.38750449534883674, -0.6724064964527602, 0.7736624732197925, -0.24566625724853602, -0.5840329336440969
89, -45.99625549285557, -4.8438190842282385, -335.1517008308285, 15, 14.657988828035077, 19.941653926977846, 14.112689456359531, 11.190569756449195, 0.45120085269546767, -0.6202908857017684, 0.6416050246391455, 0.4407857726398516, 0.7800302421312478, 0.44414043274504533, -0.7759675851252885, 0.08241382454407851, 0.6253657076933831
90, 329.34668334256753, -236.2133608134792, -170.5238167842304, 67, 27.020781265799574, 36.9724798277491, 26.429856950907798, 20.189255878785616, -0.9672475765454196, 0.04181668057993306, 0.25036671282798045, 0.059609774295772, -0.9213340957759317, 0.3841746461821151, 0.2467362974420659, 0.3865162987326958, 0.8886654884367672
91, -157.22067225043108, 57.71371051940546, 31.978721772251234, 50, 25.059685196881798, 40.01284112209602, 23.156821988183477, 16.984332613750304, 0.8356488230445106, -0.17886364233610835, 0.5193253719919573, -0.41146882984955335, -0.8301735707240725, 0.37617182846869684, -0.3638467350500255, 0.5280337488470831, 0.7673303809128975
92, -12.288917275590261, 175.8541856644911, 287.6797262910942, 34, 22.629666272598573, 41.284329594828165, 19.400373651218597, 14.469019995595584, 0.16619409666090615, 0.26946914390791066, 0.9485599099248309, 0.4184751485051655, -0.890294002642206, 0.17959715739092166, 0.8928930912033342, 0.3671007618363887, -0.26072774754616607
93, 266.1020738230947, 125.00090680182905, -326.81976869355884, 78, 28.63219096149234, 31.068022685789042, 30.897394802835958, 24.452781649526, 0.3515140483365345, -0.7899721705766192, 0.5023761972232818, 0.8372739078474981, 0.025209153677496838, -0.5462022535733844, 0.4188201010694881, 0.6126242472228219, 0.6702844580137707
94, 162.5525939885434, -106.44181028724672, -348.29558228473877, 31, 20.488628149763912, 25.877093949794798, 21.83586598406308, 15.221334100930624, -0.19395985451072928, -0.9446860762317387, -0.2644764492578841, -0.9555505839519697, 0.24295147673774128, -0.16702593050182526, 0.22204201482428076, 0.22032430035026204, -0.949818164875752
95, 133.2058519526458, -107.75148518892566, -28.026660349531483, 10, 13.339029146826679, 20.129920105550532, 15.52036764629201, 7.59676354291375, -0.7375060549203227, 0.47229476120136926, -0.4827240179415184, -0.3241665145294611, 0.37948570264390197, 0.8665487131989089, -0.5924532807012574, -0.7955678852433684, 0.1267708568863986
96, 282.4507361597338, -226.05721980786242, 153.1411574308494, 167, 39.366789743269614, 53.873938422742086, 36.70544631671559, 30.851818465487067, 0.03866660722189426, 0.953704067661062, -0.29825064092587, -0.8523184388787215, 0.1872756546934515, 0.4883452752986132, 0.5215919595174826, 0.23532186571987593, 0.8201008762834177
97, -132.45328638097342, -309.39092150123764, 82.29192269836597, 119, 37.37367339150967, 68.88515515676875, 31.21531926624576, 24.27749848989702, 0.3366010684494298, 0.18872789031300044, 0.9225407872482962, 0.763384986909322, 0.5189033618257295, -0.3846851476823749, 0.5513103322813372, -0.8337392185233692, -0.03059138793652854
98, -269.3962253273284, 319.1626564006351, 145.13028051738388, 119, 33.85620688169897, 53.11042627157164, 27.67571375611728, 26.40196689692865, -0.06242463767882279, 0.9969742086195832, -0.04632053494966839, -0.1138436653558255, 0.038995269799319575, 0.9927330904083076, 0.9915355689379068, 0.06724430296042959, 0.11106493258606581
99, 331.6097643498625, -100.90645033460726, -209.24375417012828, 101, 33.163262665313454, 43.38462571853048, 34.120531296160614, 24.638831753414607, -0.4722603032256453, -0.7914533190239886, 0.38803588726190535, -0.8524023139742782, 0.5221578496782182, 0.02759483920437686, 0.22445601156689246, 0.31773074107698895, 0.9212310649593567
100, 249.68115975070674, 345.1208520550975, -24.400609306255284, 128, 38.402790565173845, 59.21956739166157, 49.63690108883177, 19.267193588835013, -0.9826556324294045, -0.019060963722545083, -0.1844575499044024, -0.18186490176539788, -0.0953141304698081, 0.9786931970942919, 0.03623624650304534, -0.9952647367382972, -0.09019444686131438
101, 289.4407200046402, 342.4911789148518, 117.93160324298647, 118, 34.796915350743525, 50.92612737061158, 37.730485159571714, 21.927503976059565, -0.9301798152094859, 0.0018557913198255763, -0.3670995333903651, -0.3553650477757587, -0.2554131371074622, 0.8991550545997378, 0.09209339930841523, -0.9668302257539853, -0.23823962804772547
102, 288.45914599198807, -51.23398274159646, -131.59089463496403, 204, 39.156509004071125, 45.91409316371651, 41.61916918433756, 31.417561836850176, 0.0022401483112033634, 0.999958319629966, 0.008851030355767316, 0.8808581582882872, -0.006163058055726888, 0.4733401754471816, 0.47337499586745274, 0.006736150103482295, -0.8808352499583973
103, 86.98623024486358, -19.565168617567387, 344.64948361570544, 34, 19.705337813695447, 24.15319456595834, 20.221182159120204, 15.666447661894852, 0.7566468404689751, 0.5062830784159127, 0.4137185073428843, 0.47818616207880826, -0.8600475957331377, 0.1779216891499991, -0.44589634805037115, -0.06321058126101638, 0.8928498581575665
104, 178.97256259392987, 182.57501888475957, -352.3374675645424, 15, 10.824594164527708, 15.09505171221086, 11.54546905272935, 7.277608377796629, -0.5827151219132578, -0.8088615873854164, 0.07865125012332255, -0.811751189688615, 0.5839363851325788, -0.008848963635064006, 0.03876973991059765, 0.06900167078151609, 0.9968629177056512
105, 165.91422971272902, -151.7293262969267, 237.00720031583003, 54, 27.37692936463151, 38.00565882353599, 26.10935489231647, 20.67806039770952, -0.7950026935375919, -0.11052680320216106, 0.5964516267409157, -0.605356523152592, 0.08148094476904369, -0.7917729065307484, -0.038912686165044744, 0.9905274763546215, 0.1316856918650075
106, -279.4237786388441, -94.12478690122198, -72.65201581871096, 12, 14.312934747167672, 20.527943420184187, 14.357041137883444, 9.948914238575096, 0.034314229970206944, 0.9793690818723786, 0.19914501021618855, 0.8614791307972418, -0.12999747564346145, 0.49087102534897753, 0.5066322540288768, 0.15471540905411402, -0.8481667886558858
107, -170.75672819035248, 330.3981718132196, 278.80004568036935, 9, 11.806384741206406, 20.07602537089393, 12.744160011697282, 6.432234122155318, -0.629873927130962, 0.767296224673783, 0.12047962284958902, 0.7680541388736493, 0.5922484718289867, 0.2435869195488277, -0.11554945123053062, -0.24596392259351724, 0.9623669118910592
108, -92.10745616768418, -296.0357675785169, 17.857400052932327, 20, 16.702381094715385, 21.214140037001645, 17.145603563867986, 12.810230869356392, 0.2681928504869159, -0.7732583377773423, 0.5745817069882442, -0.26118564385006016, 0.5157299476605229, 0.8159685536420529, -0.9272834811395768, -0.36890942539313976, -0.0636488920702586
109, 75.05156137532691, -247.35014129868756, -48.37923229689848, 116, 34.0357015467418, 51.74939367058622, 31.91917074507603, 23.86971615378435, 0.34137818158708216, -0.22218879123393073, -0.9132869637667571, 0.43718761309154175, 0.8976884173236266, -0.05497723494613695, 0.8320624544441461, -0.38050971926221244, 0.40358942683298255
110, -97.29475431099644, 327.564681418575, 328.4499987903905, 25, 19.651113437205144, 25.289764165319504, 19.006641963910063, 15.787425519740742, 0.7566647410741713, 0.03929009291202205, 0.6526214509301103, 0.5461075537860733, 0.5108522298121431, -0.6639251004396148, 0.3594788023137792, -0.858770218332544, -0.36508725366975714
111, 26.628142744688486, 345.2609651209882, -297.3218440398267, 98, 34.09441164824789, 50.41604399395874, 34.92696122089987, 22.507125597905045, -0.8687053930586168, 0.003634571039420892, -0.4953157881233277, 0.4915378994229082, -0.11715928646193327, -0.8629392765581166, 0.061167258413216366, 0.99310648547328, -0.09999037458236097
112, 141.53920751507238, 271.1023435257667, 316.11363966786257, 68, 27.92487413932566, 34.45701523276533, 30.300398293285213, 20.856800209178513, 0.010695761053178817, -0.15201483448183992, 0.9883203381459638, 0.7952565212558158, -0.5978741557278654, -0.10056619368749303, 0.6061787410455697, 0.7870438259780396, 0.11449606933977029
113, -339.3769667887733, 323.8946834591556, 278.3935092558604, 7, 10.904312493764914, 13.920598534333916, 12.93408222038928, 7.201141432847516, 0.3528158843691852, -0.9214231043815235, 0.1627894789251006, -0.3792758114272372, 0.018213922450190434, 0.9251043789190435, -0.855377583645375, -0.3881336312932629, -0.3430473344250104
114, -114.81037688374694, 16.261207678606876, -186.84560470507168, 11, 12.329963112518879, 14.39124921848803, 12.417155682358915, 10.489739705982227, -0.021278591825250305, -0.25759027992782374, 0.9660199113976066, 0.9939679796848372, -0.10942844236622092, -0.007285009440350565, 0.10758660182001141, 0.9600378449248801, 0.2583649732854946
115, 190.58123323941516, -82.08651897094263, -294.2736695604787, 17, 18.923049351100072, 24.030883838677426, 19.472259783073355, 14.48062366782718, -0.9361100369854419, 0.35124262346670615, 0.01807257910040106, -0.059219981743648564, -0.20806430848928573, 0.9763207655761282, 0.3466857257191251, 0.912873410168738, 0.21557166926454527
116, 33.08473421486874, 250.90159527343852, 10.254866088513817, 11, 11.798348839294043, 14.30461626461579, 10.938917745937566, 10.495741587162827, 0.5687991705525357, 0.6646344492751249, 0.484487928038975, -0.4733429500247379, -0.2172028913262482, 0.8536798906272751, 0.6726172427470348, -0.7149013588155158, 0.19105520647997432
117, 271.4647951249276, 309.9505651451361, 252.4788354124182, 16, 16.189280474493547, 23.84284738902484, 16.375459351759357, 10.867534589046102, -0.12669148851706505, -0.03172471235561942, -0.9914347226939773, -0.9918653530167318, -0.008386887713885238, 0.12701488731431634, 0.012344562459809376, -0.9994614563555855, 0.030404095731463236
118, -174.57222469229524, -37.42279179763865, -92.4168646147245, 112, 33.548218315946485, 44.0048693568921, 34.251903995947195, 25.050876594952133, 0.3921154849850255, 0.8863884063704289, -0.24609152664618433, -0.44475104995852505, 0.4168388980846009, 0.7927432349786437, 0.8052589335088115, -0.20139743319046205, 0.5576711610873786
119, 276.65136649972595, -311.019816162632, -163.02686431690657, 19, 15.15444395381165, 20.14734560192169, 15.674747619060822, 11.020508260993555, 0.33394074796587614, 0.9243661106154508, -0.18447457926135938, 0.7931488791092421, -0.3813092949788403, -0.4748874362735789, -0.509311724208018, 0.012268459903500631, -0.8604946556927893
