# Void_ID, X_c, Y_c, Z_c, N_particles, R=(abc)^(-1/3), a, b, c, vector_a, vector_b, vector_c 

0, -195.2387832927145, 330.0981790296755, 280.99116473528863, 6, 12.074593213930253, 17.845959721212797, 14.523285506210149, 6.792235606712076, 0.2546418386925591, 0.803087643205572, 0.5387093569985514, -0.6091069274750167, 0.5658779458183315, -0.5556715768674606, -0.7510967213942671, -0.18663436920070584, 0.6332624474448467
1, -135.17352708792896, 177.6065230111894, -352.3595956548498, 6, 4.490881661738574, 14.684026399712002, 4.927231260118338, 1.2518339645921936, 0.09458292553954191, 0.9430467094539082, -0.3189309862408126, 0.9192835520527824, 0.040214834077907026, 0.39153610056456556, -0.38206258796380504, 0.3302206397368922, 0.8631236921613017
2, 84.49432928677685, -146.84493358444982, 326.60161095380136, 103, 36.386628728516705, 56.84847331609702, 30.927962393796204, 27.400301632599426, -0.8564703701952235, -0.13055071398147247, 0.49941467344941376, 0.21245845758396392, 0.7925898479380499, 0.571544168675162, -0.4704464993797917, 0.5956155169439966, -0.6510931171474903
3, -89.0925740181533, 87.05263567370272, -249.79006394127222, 18, 15.37922674902838, 23.322168771982057, 14.011693524342418, 11.131250008899766, -0.35260572914267346, 0.8874887474696586, -0.2967034258152414, 0.9228649956865148, 0.382279547992788, 0.04671773670629726, -0.15488511714265127, 0.25734426416993755, 0.9538262578617452
4, -322.97114761051864, 25.79312099775006, -68.50415583221431, 29, 22.86278433391814, 25.614029369623623, 23.75928873761857, 19.637039801195865, -0.3655973122705787, 0.2977237142901118, 0.8818725504344882, -0.3871025542186514, 0.8129992590242473, -0.43495266103729135, -0.8464574518414525, -0.5003926406086764, -0.18198073372407073
5, 316.7055740926432, -132.4322688246643, -285.9567989697225, 6, 10.240107404305933, 13.022022636389519, 10.663818608070798, 7.732542939303915, 0.7980191738259419, -0.21293273331639906, -0.5637597442958912, -0.2533974769744287, -0.967339229875373, 0.006673305561273388, -0.5467678820753415, 0.13752987103363215, -0.8259118704222126
6, 228.5980043117337, 135.11712087563762, 289.94489706075024, 18, 17.02286649794166, 22.028765977017095, 16.28817614485964, 13.747871149964105, 0.447251600294341, 0.7691573037154299, -0.4564680144055669, 0.8028729985679572, -0.5701674340280146, -0.17408057141567163, 0.3941585394288043, 0.2886280293303467, 0.8725439281091998
7, -253.02215342749614, 199.26203259414734, -331.70725337949887, 5, 6.7086669028707915, 12.54361726132571, 7.140636812257874, 3.370923899480861, -0.12779956347352703, -0.2678620258801666, 0.9549435620325155, -0.9912115856973367, 0.0013332854722187307, -0.13227930574818175, -0.03415939044168342, 0.9634563599049116, 0.26567833672211605
8, 191.07854554980307, 76.96335378537388, -72.67435797367442, 6, 6.575857096255491, 8.478302973897428, 7.568533376648364, 4.431353922953532, 0.1647052870836405, -0.985592468087375, 0.03846628726732395, 0.6830367688369062, 0.08583598206942492, -0.7253226568907221, 0.7115707560204638, 0.1457383649956803, 0.6873335348612429
9, 154.45429748292918, 26.616757100796303, -49.11139334585546, 80, 29.2163453684279, 37.59385668996268, 32.714170272747126, 20.27798875117803, -0.5541258609778845, 0.5550945294267081, -0.6203342595698382, -0.5797332879106074, -0.7921154295474936, -0.19095146284107462, -0.5973724508912971, 0.2538172761522179, 0.7607384210376084
10, -264.9987603778746, -60.93377082321305, 321.19153985079953, 113, 34.8096708937853, 49.10230264673921, 31.496733672105627, 27.272966240515785, -0.7631802690672839, -0.21254765699713868, -0.6102289491751557, -0.5938443325535707, -0.14162342417097284, 0.7920174962840738, 0.2547641764463601, -0.9668331289478632, 0.018136018540257395
11, -24.886173012419814, -314.90023426574277, 286.81380921590926, 14, 15.085653057626901, 19.179581622356505, 14.812412274926398, 12.084464935506816, 0.8943979292391563, 0.32261668576908425, -0.3097915722483121, 0.33700411352780973, -0.03068975949224205, 0.9410028512856076, -0.29407579233599807, 0.9460320357819182, 0.13617200753559672
12, -104.55746143175917, 76.12455531206247, -349.793687102497, 14, 18.53833363769019, 24.49423893616544, 16.873933843436514, 15.414583330337639, -0.7209910548706221, -0.46570540866858334, 0.5131182818155822, -0.6920164981900644, 0.5222132987782938, -0.49840388924230206, 0.03584780368876782, 0.7144310623957495, 0.6987869432486358
13, -276.64403444199075, -15.474793207000605, 327.36232844413325, 14, 14.652727096157903, 20.27976707953979, 14.20052788459052, 10.92415695953084, 0.44523969496331584, -0.7763414808263632, -0.44615638421668113, -0.8137066567583284, -0.5587543118286697, 0.1602345024021156, 0.3736884943052944, -0.2916976588202222, 0.8804938302240644
14, -275.6282791359491, -251.62410593316778, -207.52942461874872, 58, 24.726297280932762, 31.675862736427288, 24.167451577130006, 19.747764970056533, 0.4740286344244393, -0.4896825420881046, 0.7317840266908214, -0.8180037319430371, -0.5524553155859616, 0.16019681272759298, -0.32583239291538496, 0.6745399411858025, 0.6624417857231594
15, 278.7661001837039, -222.52834022182503, 156.3055713313156, 104, 36.51772607773521, 57.764149634246905, 36.71436570588871, 22.962372929488513, 0.14644751401210498, 0.9682847684974033, -0.202429574755282, -0.777300204971437, 0.2392097777823323, 0.581878916583759, 0.6118476256316079, 0.07213382915981277, 0.7876796263073629
16, -269.7770182771693, -339.0282447861264, 306.9083582241245, 14, 15.402090567077448, 20.246050285784694, 14.550144860795749, 12.40313269498914, -0.32689498596096744, 0.8572265532180422, -0.3978722214624864, 0.07364351447309787, 0.4428273103045121, 0.8935774202745513, 0.9421869776905376, 0.26280526955597044, -0.20788720346376321
17, -176.91779335921416, -138.51012951815056, 187.97122961939618, 32, 20.81413808301556, 27.06306469252631, 23.768785203174843, 14.018170325089379, -0.09111173736409736, -0.6272313503084761, 0.7734852839613054, -0.4881622622112616, -0.6488617284353261, -0.5836746209359326, 0.8679840189008546, -0.4307659347744748, -0.24707175550959626
18, 17.535668273905365, 344.62101343072544, -306.7604199079982, 101, 34.71857410862375, 59.43794128170701, 34.74605545310811, 20.26358927809247, -0.9667269391382208, -0.12777162981598728, -0.22161551335277266, -0.24549412875780502, 0.21984116480384588, 0.9441411414630413, 0.07191423982698383, -0.9671319831707847, 0.24389356128904263
19, -299.9750908205385, 254.5812815540493, 24.88896949916402, 31, 22.846747376800604, 30.55705969478243, 22.818601777708633, 17.10300989242956, 0.763759648205933, -0.06442727895050808, -0.6422774521181505, 0.21250588104370438, 0.9646372768639234, 0.1559364441251421, 0.6095182116181512, -0.255585699544375, 0.7504422029005452
20, -314.6733585933466, -26.32907438578122, -22.45035311725482, 8, 7.128413116228166, 12.322693266532552, 8.247253038034215, 3.5642127878443453, -0.17277438671412787, 0.9172218338557331, -0.35896116613623114, -0.21826882002666048, 0.3197269600413343, 0.9220267855257221, 0.9604726615056394, 0.2376526425711543, 0.14496029794126641
21, 17.409793026409154, -70.6465537906386, -239.68192418613705, 165, 42.529292416103075, 63.04935116402947, 38.246406165411365, 31.9001861301451, -0.008782627972127576, -0.9712825256101292, 0.2377669465891173, -0.8968356949297819, 0.11281784073802252, 0.42773574916182233, 0.4422766122526926, 0.20948124082031563, 0.8720716759525344
22, -10.763616283793313, 41.15272510641277, 1.8595800580261153, 35, 23.792047154459993, 39.625926400447675, 18.98540100676225, 17.901780695870027, 0.6814327651660201, -0.6820760963536291, 0.2653706565187391, 0.48225850457696956, 0.6912006986839092, 0.538208443729807, -0.5505234975197488, -0.23877561207516687, 0.7999438016240594
23, -94.7729871884641, 332.8846738606183, 3.8343492918108004, 17, 13.511611896246064, 17.779863639874343, 15.53581541072176, 8.93015523029049, -0.3036823579242033, -0.9185840006488606, -0.2529435890421623, 0.9118722126444067, -0.3571664829103103, 0.20228982004162452, -0.2761631642572745, -0.16922038067979084, 0.946096384873125
24, -171.08143230217235, -29.841246103442625, -312.64300405600426, 46, 22.37659091065152, 28.674114335038443, 22.44176723062579, 17.411440392391125, 0.826372895281833, -0.34327013987723026, -0.44640054772836874, -0.33030931697861465, -0.9375053412013228, 0.10945085808760217, -0.45607410917595553, 0.057003037530103697, -0.8881143285927213
25, -342.15500551057244, -335.48392651084055, -321.47037898581095, 59, 27.52839825124995, 36.31531149408232, 24.605859526999566, 23.346109260256863, -0.3380339142974795, -0.9100639848593426, -0.23982622093227954, 0.37666230322428446, -0.36435023230224767, 0.8516891554734481, -0.8624723660005035, 0.1975663222394784, 0.46594953181890875
26, -182.73653937036966, 195.26298419985883, -117.38407915569616, 35, 20.239471704341724, 26.349954710666708, 19.798318255846013, 15.892394696161094, 0.7255868695185729, 0.33292253732115, -0.6022344052990373, 0.46924028542004814, 0.4007585765196557, 0.786896510276193, -0.5033261858091123, 0.8535544197586854, -0.1345644945342744
27, -57.05005453792163, -131.22500874825877, 258.319446161748, 7, 7.201466962656841, 10.323271097489503, 7.331600115214745, 4.934541618466815, 0.39493741415851547, 0.622491391784321, 0.6756692282857081, 0.7535653318811082, 0.20119378335578317, -0.6258277335864091, 0.525512825233316, -0.7563236930662722, 0.38962897969978266
28, 25.060243461773464, -60.92828734846013, -278.9917089841388, 19, 17.320882628968015, 19.31215461454359, 17.695915973345997, 15.205695146464194, -0.4770584319121138, -0.7959040286396636, 0.3727626989610262, 0.6021131590226786, 0.012985516130960892, 0.7983051547513289, -0.6402148047907724, 0.6052835315502687, 0.47302943900009864
29, 349.563121083626, 102.62106804621386, 351.9494112461493, 14, 14.506306488245276, 20.350675618115478, 13.398690751187745, 11.195135426096487, 0.3563619126457377, -0.9223924283514872, -0.14899125925811263, -0.8699341162917631, -0.2693672592733309, -0.41310520808051227, -0.34091174888398984, -0.27682754153338984, 0.8984128737509491
30, 176.12696098228201, -294.99960089597164, 18.199161537120013, 10, 12.381043082585066, 18.2638773060697, 13.624058263928324, 7.627324634887157, 0.3511617548909095, 0.20286926852127746, -0.9140730177571038, -0.8446586782448909, 0.4898938954288348, -0.21576767247934886, -0.4040261614889936, -0.8478490615146096, -0.34338728823482323
31, 71.7260873455785, -356.44891887541684, 299.6259536236164, 6, 7.4108176828902, 12.965038567018782, 7.215880001183685, 4.350460922146891, -0.9786309529799886, -0.018077858504736588, 0.20482834008350026, -0.20293285884683812, 0.2455614807469649, -0.9479017955324314, 0.033161915953825796, 0.9692124381193432, 0.243982657426772
32, 106.71722344164984, -324.10972930088093, 103.9001691815547, 86, 29.95146870349548, 45.65102587331189, 28.962767032674698, 20.32187509171732, 0.31597689165534437, 0.3317670531367194, 0.8888696340818513, -0.5990325335381196, -0.6567543968309953, 0.4580760701085105, 0.7357435882851637, -0.6772032816637353, -0.008779954506673975
33, -165.54836529102556, -121.85146270889265, -239.5701936221074, 107, 33.196351177105676, 37.27782110763731, 34.192652246195735, 28.700386251814887, -0.6701359131813598, 0.7397602197918836, 0.060602599598112226, -0.2033289535839102, -0.2614893590618397, 0.9435468466016409, -0.71384535755236, -0.6199823645160342, -0.32564808181540195
34, 1.703022993243939, 140.12315836589875, 269.08041414885423, 240, 49.14797576370691, 91.83285708246409, 40.64297470264659, 31.80777738497449, 0.4645923032408804, -0.8341487978981857, -0.297236900021423, -0.7427044306270006, -0.18426351896350496, -0.6437678807662034, -0.48222828670284046, -0.5198487650694165, 0.7051334206796938
35, 353.8526456690701, -322.0685990399826, -136.3650724080943, 7, 10.579726718619915, 14.644062728793045, 9.352928838197357, 8.64597824877597, 0.1815112095012998, 0.8949275444414374, 0.4076252826130812, -0.690407627503978, -0.17920631661022896, 0.7008726018124282, 0.7002792219605721, -0.4086438379408323, 0.5853368474675779
36, -57.90127124577515, -161.30679128536855, 206.69935266057738, 10, 10.237688574353463, 16.453365003406876, 10.366842203813887, 6.29078036827398, -0.6095416907645833, -0.05342941085382593, 0.7909514683440865, 0.7677801121999729, -0.2882451147598757, 0.5722136429055699, -0.1974148589393678, -0.9560648784851783, -0.21671945366549558
37, 1.5896043894641843, -324.30453806387357, 225.78592357197635, 8, 7.156481083749319, 13.000146968535642, 6.3326085228616575, 4.452128388462334, -0.3027643540104271, -0.9125767048078441, -0.27484086992786516, -0.056195435600656644, -0.27078048075580025, 0.9609994819245794, -0.9514072834271878, 0.30640118975571007, 0.03070003188897412
38, 188.01531741270162, -104.6377089862087, -93.95074019539265, 15, 19.652677406128944, 24.168778441197844, 22.112080108554437, 14.203025819860496, -0.6624042847443431, 0.6409196890414964, 0.3878691992815192, -0.7116255879990185, -0.3765246752367397, -0.5931426400478376, -0.23411447212290454, -0.6689178732376783, 0.705506408763092
39, -234.9950639973471, 239.8429046644616, 191.59564714941462, 5, 4.586200061123926, 10.557202915272665, 4.793922987295652, 1.9059831871368564, -0.6006493501649209, -0.749615199449434, -0.2780241192789638, 0.006917016475784267, -0.3526012353406015, 0.935748109118771, -0.7994826533637438, 0.5601333962465251, 0.2169748035597708
40, 273.10670378182374, 172.80245380572885, 34.50317192820221, 7, 10.645764563565093, 14.943994870218804, 10.450339393013826, 7.725622210385572, -0.9360176763759914, -0.3389813620972473, -0.09467072230835084, -0.35193460792176867, 0.8987231985048363, 0.2616078061071338, 0.0035973960917444437, -0.27818743433148013, 0.9605200727321774
41, -116.79858140862831, 181.96509231361824, 254.70288801065732, 8, 12.39986464002612, 16.85534421445738, 13.610115263647659, 8.310964050505188, -0.24750305246960003, -0.45198186674423446, 0.8570032853802998, 0.08066419149012254, 0.8718400856306951, 0.4831026322622419, 0.9655234472706891, -0.18869885326058417, 0.17932433060983455
43, -147.99067684810308, 300.2679361894122, 150.5776075406773, 167, 41.18849447496681, 54.21624880579501, 41.741136633212506, 30.87692315985005, 0.17517751059592898, 0.8882239009769932, 0.42470123794807313, -0.7593332310551159, -0.15268677836082709, 0.6325344195608565, 0.6266784534327081, -0.4332955682291297, 0.6477106348950777
44, 42.975470165632345, 312.41499148567624, -53.9173513658857, 72, 29.28195645183562, 40.49274786532941, 30.879582243716932, 20.07944042190789, -0.10962492222972495, -0.9323835258330644, -0.34444642135059267, -0.5162001654240339, 0.34954355762040207, -0.7818930173254348, 0.8494231958466445, 0.09208833846462655, -0.5196152155937095
45, -133.10729540151257, -173.79914568005134, -132.44896702306082, 24, 20.732793882715605, 29.46626437070862, 19.434975183707262, 15.561964452449308, -0.3101551150442746, -0.6260298171778442, 0.7154652141202589, -0.9136014250830691, 0.404416798205339, -0.04218399477915408, 0.2629377125823873, 0.6667336209713868, 0.697373671691386
46, -152.78773757098415, 266.24048693192407, 37.71392506654553, 38, 20.615225405764185, 24.57622940794756, 20.777180930548248, 17.15783113094605, 0.4273633543404824, -0.1218112440421972, 0.8958362485363849, -0.28479852498539676, 0.9222938742137498, 0.2612734386690203, -0.8580503269231899, -0.36679153536127906, 0.35946294114181293
47, -318.45037046936096, 55.42259900772953, -183.26906123869915, 23, 17.195764091976166, 25.569498332070214, 16.67065431498977, 11.92860291695798, 0.1559046045787556, -0.9821084171543963, 0.10562580757385066, -0.24928463073137846, 0.06435187734251226, 0.9662898161336558, -0.9557985808486335, -0.176979922129547, -0.23479178011752805
48, 322.9707452775989, 271.41301000630557, 355.8283755786483, 8, 12.889613654472955, 23.879545271350025, 12.690488431447495, 7.066678131842435, -0.3942960344193269, -0.9175415539559261, 0.051460023370936074, -0.9151021002010309, 0.3868735302505192, -0.11365305890807809, -0.08437288337407399, 0.09190412589021908, 0.9921869018463708
49, 155.55362476104062, -254.18412289955634, 4.8966066555264085, 11, 12.444632528929363, 17.6638065651702, 10.816101365001595, 10.087677334482802, 0.142461981800921, 0.4621102957446858, 0.8753048944842666, 0.48814566061163883, -0.8021021839970282, 0.3440143898926677, 0.8610565589828457, 0.3782673142024806, -0.339846202330794
50, 263.42711876559144, 339.9670151133419, -122.7748750877419, 78, 29.492888438579428, 44.79748178681914, 27.27471537666126, 20.99607402687368, -0.8595600394253176, -0.2623096466539572, -0.4385774594018973, -0.509314591649589, 0.36936253597599117, 0.7772837086612564, 0.041894932342219464, -0.8914959149035181, 0.4510874065570662
51, -293.2590717680833, -93.13864047037676, -300.06987503278424, 12, 17.027077312953963, 20.579444918153026, 18.007636618445787, 13.320788998401136, -0.7527544264586002, 0.4527398542869359, -0.4778989409773032, -0.4704021376520024, 0.13792227638235346, 0.8716072937796794, -0.4605242690015477, -0.880910931943607, -0.10914819120276782
52, 180.07920996076655, -131.99766876169735, 300.36249081744813, 9, 10.681352257081466, 14.355285658299037, 10.993943036115486, 7.72170830847762, 0.8689336182089488, 0.34167163340780693, -0.3580710293653283, 0.4201583101157124, -0.1268744046192099, 0.8985376340995572, -0.2615747724590687, 0.9312160760945668, 0.2538016115709758
53, -61.40073114514525, 141.5045176176009, -210.36704095335108, 6, 9.153700050124902, 13.150151613212888, 9.341537586812244, 6.243683877753368, 0.6110952420164915, -0.5324395687760026, 0.5857223837164073, 0.22815616110323633, 0.827038107226476, 0.5137633067336381, -0.7579626450791884, -0.1803221417266124, 0.6268784203238198
54, 157.7169888164383, -217.6803560014683, 288.061985991061, 20, 17.855191185337173, 27.124250854907483, 16.874767356874194, 12.4364940937233, 0.4145432395531179, 0.8895793182770929, 0.1918398786344196, 0.43490081964348837, -0.3788326748882684, 0.8169131419621191, 0.7993842502915774, -0.2552144998440761, -0.5439212989533602
55, -270.6082481800926, 307.92329253257145, 56.19436250581692, 22, 17.55328069450665, 23.848237358824342, 18.202788142930952, 12.45892848753385, -0.3873382101687077, 0.7052556580591917, 0.5937874768962365, 0.9176962890932904, 0.23323038132729074, 0.3216164022719155, -0.08833250776303049, -0.6694908856746473, 0.7375495387232442
56, -260.6798348701443, 88.38411028569807, -229.9224723153063, 21, 18.470988789588173, 25.692148322742593, 17.225682597249335, 14.239461740417442, -0.01891064429178577, -0.9458440436314219, 0.32407010454441837, -0.8773864488713, -0.13971951680965214, -0.4589896251109461, 0.47941152141920795, -0.29301450774567167, -0.8272285605448363
57, 195.2270710075733, -101.14152996050582, -161.3847568464276, 14, 15.660589706561531, 30.39037224182208, 12.66581390943956, 9.978269102257329, -0.49316655174267615, -0.7235307125687938, 0.48300109752663284, 0.0684315534231845, 0.5212296216168724, 0.8506684454270195, -0.8672392257839402, 0.4525737393163965, -0.2075406845484668
58, 349.75224984013977, 143.6784918571087, 325.52681913543444, 24, 20.703192018340033, 27.29491391344512, 19.11615874940028, 17.007072891880167, -0.010797437551419492, 0.7926462265628678, 0.6095862325036304, 0.5309486470789297, -0.5120394216278843, 0.6752104596820431, 0.8473352049262309, 0.33094952819822643, -0.4153257279268812
59, 182.45742326359792, -259.4433307656111, -312.77300014432876, 161, 40.00306291965739, 45.36855346744039, 41.75267290704407, 33.794071625138585, -0.9396278408684866, 0.012740711492487681, -0.34196080906368664, -0.33954323678728715, -0.1589494683676056, 0.9270628117110878, 0.04254304898380405, -0.9872045080814413, -0.1536793681885801
60, 118.9894928942296, 107.70614346953245, 234.03842132112322, 24, 18.66252869829107, 21.894971900732344, 19.41594719883478, 15.290035412669353, -0.9280493775327809, -0.03820834051165348, -0.37049220717359693, -0.07047467556667263, -0.9587411999291694, 0.2754063028729526, 0.3657289610692468, -0.28170096605038897, -0.8870664534077968
61, 169.08384711283227, -92.37496234207816, 56.37553359283435, 12, 9.091286291344147, 11.745818931534403, 9.543044163357871, 6.703564113703209, -0.28126112452394947, -0.17325117206981172, 0.9438623899742801, 0.7669926105021906, 0.5505277232725645, 0.3296081936835943, -0.5767274185146388, 0.8166414496489646, -0.021959677790862202
62, 324.8024306718253, 6.689551897719445, -336.1011672706151, 5, 6.65082367401754, 13.758931263498603, 7.6128264209181165, 2.808637392005304, 0.047372788070959085, -0.022279770271709305, 0.9986287752648749, -0.8949046117065107, -0.44507079589653653, 0.03252264728528416, 0.44373590670217755, -0.8952181848447133, -0.04102251365449393
63, 118.51790565990177, -177.83109353254355, 203.6489747608003, 10, 13.678184889620493, 17.08690129093184, 14.506122079676189, 10.324541420101236, 0.6075096180411321, -0.5724520187976249, -0.5506639176140394, -0.016382812686861394, -0.7021414325357058, 0.7118490093869444, 0.7941433544618912, 0.4234336959799372, 0.435936047686797
64, -19.909625507624224, 123.3770892780572, -131.64920831330804, 113, 34.215246548365805, 50.38368288412371, 31.364701079054072, 25.34708134881601, 0.1319055988296649, -0.9909586457932232, 0.024533147475377548, -0.7568474467702632, -0.08469875782020138, 0.6480802903507009, 0.6401428397746253, 0.10405326881639006, 0.7611767612939206
65, -345.1337827986811, 282.44972983370013, 350.24281569508065, 6, 10.928673601797481, 16.80471007499464, 12.072262367496382, 6.434024001616597, 0.8912574402414594, -0.4366038764726955, -0.12262638485764994, -0.380448360972956, -0.572673336853112, -0.7261572101759464, -0.24681819188875148, -0.693846023485425, 0.6765046014967162
66, 30.371039368617293, -309.66903983284396, 347.91634184726666, 33, 23.956190252675167, 33.92672563976206, 23.544147645802866, 17.211881249427726, -0.06347145230008307, 0.9390879899223701, -0.3377648914947807, 0.9952523399983471, 0.08458487199672363, 0.04814747300858762, -0.07378451375954993, 0.33310530859303406, 0.9399982441028315
67, 321.12965854227167, -127.81728113827779, 83.54528485395994, 16, 15.972440991477344, 19.619077424751854, 16.458480441761363, 12.619599152356821, 0.7095572181610071, 0.6941030427249382, 0.1214476028400539, 0.6541766007316614, -0.7129309536683447, 0.2525518369695874, -0.26188075379985737, 0.09975179888867783, 0.9599312732730876
68, -312.44541883666193, 92.86884924611908, 197.56841302514283, 8, 13.604912645656508, 17.739417316451796, 15.82175987813532, 8.972079914878835, 0.14523605609214554, -0.9818562931528352, -0.1219209071774531, -0.16584636070085346, -0.14564339941377114, 0.975337369759553, 0.975398109826486, 0.12143401419443699, 0.18398996587733718
69, 37.76819171205971, -214.56781011103712, -279.68645563562035, 7, 10.935965028785327, 14.771294605992345, 11.406498091793283, 7.762479140320302, 0.7267417531622267, -0.4969156233768133, -0.47425867145970707, -0.2855779815959383, -0.8464952341429595, 0.4493228627622304, -0.6247332555885614, -0.1911038508698587, -0.757091591251962
70, -153.26520767583546, 98.58664096025484, 324.18679027631725, 62, 26.935159130942697, 31.440066580836564, 28.24923340858299, 22.00232183435597, 0.6814916052345533, 0.6817658329269571, 0.2660160541174987, -0.6275592586002792, 0.3574233283480181, 0.6916776281604696, -0.3764818308230823, 0.6383133348176553, -0.6714294584348114
71, 108.53050763527149, -348.9672720025271, 273.5034404406119, 44, 28.030544351700616, 45.56184994211819, 33.13908834711759, 14.58655349985809, -0.948367612609154, -0.1269908726572968, -0.2906409978233485, -0.30210181932726166, 0.08255270070137648, 0.9496944468438613, 0.09660932725763018, -0.988462629475008, 0.11665448134632957
72, -189.35440245270897, 92.12071856750016, 341.1945264744745, 7, 13.117335401997526, 16.8545220847517, 11.982260207627442, 11.175878739819495, 0.6548106444574416, 0.7553769741507961, 0.02507283047479011, 0.4570669716710239, -0.42220019511802126, 0.7828389225439575, 0.6019242504773419, -0.5011512966810453, -0.6217190479004139
73, -318.06935771779666, -215.01377019217702, -68.69823213839145, 15, 14.80532122940871, 20.645967488729337, 13.602212633227522, 11.556031189216052, -0.9810498755445451, -0.12415033364547849, -0.14875428178626965, -0.18358529809384277, 0.8410858235714272, 0.5087937457467112, -0.061948204314793795, -0.5264611401071218, 0.847939318547785
74, 268.2722058702669, 114.9140130420151, -156.98154871466417, 6, 8.761359752450673, 13.703267689534774, 8.759270111420259, 5.6030239586548936, -0.07799986200662808, 0.9111082937708752, 0.40471928363851356, 0.11468569161855383, -0.395060882900432, 0.9114680965014108, 0.9903348997510493, 0.1175098967060028, -0.07367639046006319
76, -156.54391428620892, 152.475570895368, -299.6384639151612, 21, 17.172682094070765, 25.042472481704174, 19.959065264800948, 10.132042133597508, -0.3133709763046312, -0.9496290352750182, -0.0018238893936693306, 0.7973727550293083, -0.26416959219269953, 0.5425966421732755, -0.515747341967802, 0.16857971978675537, 0.8399914031284881
77, 47.94304144830146, -265.1016913337858, 117.72616923860643, 141, 36.70311587522274, 48.83162919478039, 32.68188001706714, 30.981365768960842, 0.633599504897219, -0.2429641436965482, 0.7345203144037624, 0.40991479481149684, 0.9106185811978444, -0.05237996345811103, -0.6561413935948927, 0.3342786628772873, 0.6765620793070839
78, 177.90865795193176, 323.1848431664958, -338.6471170091943, 22, 19.225072592652058, 24.390236244178187, 18.560999161288553, 15.695913874142102, -0.161035730774742, -0.9498299278693035, -0.26812422780800393, -0.02559687283724067, -0.2675590790977396, 0.9632014012102161, -0.9866165889112137, 0.16197298329092782, 0.01877389594724549
79, -42.48310479662691, 287.86186810129936, 305.85555787561043, 70, 26.896518474327564, 37.09646782474797, 25.549195535176548, 20.52950196823491, 0.36536188935512115, 0.930711117767382, 0.01695597449415288, 0.67858942590163, -0.25383123966959936, -0.689264893072533, 0.6372025430436947, -0.263337268596726, 0.7243109843890702
80, -29.782992317548402, 202.3282715367786, 202.93946440119777, 7, 10.966267485497646, 14.664378959011673, 11.431307950113409, 7.867140473394876, 0.3408477077004672, 0.5419667008972526, -0.7681763699007442, 0.5681559548078993, -0.769757279828635, -0.290985465559957, -0.7490137857020129, -0.3372622499915583, -0.5702916127377035
81, 106.97954887956841, -215.63298070173136, -130.37275678042914, 26, 20.160806228554343, 23.419393519672237, 19.44390232430885, 17.995528744552626, 0.7498287245620844, -0.6437986689728157, 0.15257836560413365, -0.46541905110791154, -0.6771496125754692, -0.5699592170100445, -0.4702573664360928, -0.3563589146039748, 0.8073823959530374
82, -286.3145585040731, 232.18192948033686, -130.19134506823727, 9, 14.78774620082366, 18.696079012916904, 16.821300801972573, 10.28243216180057, 0.8790658138986441, 0.473283382474767, -0.056974860315385595, -0.42990933017024624, 0.8387370647526411, 0.3342126628999778, -0.2059642266688192, 0.26930090249267136, -0.9407740224141757
83, -17.152000988798857, -8.54542144882742, 91.15871388857363, 6, 6.030772304660548, 8.072024469117098, 5.827429224556577, 4.662934530923449, 0.4530369629270127, 0.7494768360758534, 0.4827442204807811, 0.48310237942684425, -0.6614937320005454, 0.5736184563942412, 0.749246021820597, -0.026655481794906108, -0.6617551541743296
84, 167.40796179998597, -354.66703311177884, 114.86954665810153, 7, 11.712647920862732, 17.900309178108518, 13.625298357259812, 6.588077704462862, -0.4837435361054275, -0.1728872645627121, -0.8579639765329543, -0.8684171415851338, -0.0270803980755933, 0.4950942538963393, 0.10882949727588603, -0.9845692691690565, 0.1370382965837939
85, 8.289256612141775, 64.61906329249017, 12.518741136444437, 26, 21.440530699333536, 31.645259747637432, 20.72821471229137, 15.025745520441937, -0.6257630991912886, -0.34025022171256325, -0.701890540123647, 0.15673753975570073, -0.9363405539321515, 0.314165101011175, -0.7641033224125148, 0.08658033082971664, 0.6392573495796301
86, 192.52967869177374, -71.15223267904247, -118.0157238401179, 17, 14.513725357669795, 21.330648146152736, 13.647035982736028, 10.502539255038759, 0.7707508041514419, 0.4418875225271425, -0.45899740231806296, -0.23242982935604126, 0.8657672000810271, 0.44319694232855467, 0.5932280946865441, -0.23490971180154047, 0.7699986071259411
87, 265.78831397874416, -136.2986618632977, 344.95228632085934, 54, 25.173260427062193, 36.317058261441524, 23.341206493890834, 18.818475712168688, 0.8886131794587195, -0.4474908076023879, -0.10059122428735093, -0.3095522521323522, -0.7469661133666645, 0.5884037973039332, 0.3384435262965659, 0.49172512910493205, 0.8022857202485181
88, -290.49661600411525, -44.3693753583931, -344.5586363041751, 25, 19.363110970784398, 24.035506144613908, 19.96668867950106, 15.127462491674995, 0.5822025859738321, -0.7969836398994882, -0.16080182405043011, -0.5682318296452354, -0.5403161264318773, 0.6206215201680326, -0.5815090168375807, -0.26995473926237185, -0.7674449179494091
89, -153.85767517912046, 8.269146881425518, -33.572420056789845, 92, 36.275634886592336, 51.63685013270638, 38.03716965612069, 24.3039649577185, 0.7520195824464946, 0.17695664504236372, 0.6349432206050796, -0.4862184342096742, 0.7993178251476065, 0.35310430277184857, 0.4450372814177396, 0.574262448865196, -0.6871422399850382
90, -60.48383551100923, -160.26247947363265, -215.42529609208293, 9, 12.138728063798242, 15.81486061782935, 11.741328139357805, 9.632454197979508, -0.6734287284889373, 0.7037406552655412, 0.22636880918580604, 0.7122666668101395, 0.5356973989854087, 0.4535465710061555, -0.19791397878105038, -0.4666662478117476, 0.8620050290783452
91, 155.66332008265, -112.71641202044182, 280.5361203460177, 142, 38.52602049788109, 56.89475254104991, 36.57541885253602, 27.479000565112234, 0.9116959425837754, -0.32327611467865985, -0.25358048417524437, -0.2240456869829693, -0.9085156168075691, 0.3527079587436209, 0.34440388850971304, 0.26474880112105, 0.9007186208158217
92, -354.1824957292839, -52.83498994110723, 162.26435114869662, 8, 11.65887182627131, 18.75440765580657, 13.291627154864127, 6.357525068953511, 0.04435808064879837, -0.3060168318247501, -0.9509921447210261, -0.02467954169286357, -0.9519742846427615, 0.3051817189818757, 0.9987108094453495, -0.009932774982091311, 0.04978010725350268
93, 180.55728684219912, -168.68013648025183, -129.79639967466184, 61, 29.875558982035347, 43.60985243460033, 30.028163616157133, 20.362670268050845, -0.03897778550158545, 0.5404208208227252, 0.8404915637046481, -0.40368517330664305, -0.7779511518555442, 0.4814875763496059, 0.914067291335697, -0.3205266630842492, 0.24848268584007707
94, 63.00892629919752, 348.1561136767578, -334.6031038590862, 15, 15.587960102428402, 24.709284250680486, 15.992732188759234, 9.584843506625996, -0.7462341473362771, -0.24925929069279806, -0.6172555413705273, -0.634512848389712, 0.5467556527468805, 0.5463073323850843, -0.201315778263091, -0.7993297581052864, 0.5661659608539444
95, -310.5425278352411, -57.48376330047127, -26.5447971946807, 5, 4.050742357960534, 6.287092659986028, 3.7996282238471366, 2.7823572887525834, -0.33728899795998635, 0.937107766181499, 0.08980627159318656, 0.17350475776257293, -0.031881691045593956, 0.9843168477730249, 0.9252741382362847, 0.34758105865883143, -0.15183931234270873
96, 309.7334745087886, 125.7755567775104, -320.4061088987043, 8, 12.01213905373346, 16.164887323512218, 11.640304041406973, 9.211366179051318, 0.3559600581180677, 0.17957450771223035, 0.9170852922190454, 0.814729449474802, 0.42103929958621494, -0.39867509624057984, 0.45772083324125545, -0.8890888056790832, -0.003568533742606391
97, -235.1960360536353, -234.93313198041366, -216.5155912479399, 6, 9.143250203264047, 15.109735687763242, 8.646601198764726, 5.850588010232216, 0.6407759520944172, -0.47976149412631, 0.5993622343551385, 0.5320229557815456, 0.8403353731458099, 0.10386546664488676, -0.5534959383220084, 0.252319974226345, 0.7937108269813736
98, 35.869240294028295, -163.83747029710722, -174.2014329258372, 18, 20.294259304019157, 23.541883552801927, 19.22741336189187, 18.465350054150708, 0.40507002986475243, -0.4205050136920377, -0.8118459240306795, -0.7219559483344599, 0.39771257123931236, -0.5662193208843243, -0.5609793931775597, -0.8154754712056462, 0.14248465282993159
99, 193.34240996014537, -307.44437615292384, -262.0156034338548, 41, 21.142448706560863, 31.856504867777517, 20.324593366366628, 14.596403685730477, -0.9603932785624468, -0.12512324277161846, 0.2489757510489504, -0.23925643944261113, 0.8282938327910135, -0.5066415722634856, 0.14283244266383788, 0.546144212345683, 0.8254243712442677
100, 268.73060397329675, 206.43333872677692, 132.51693304931155, 19, 18.799151411069197, 24.2514680307287, 17.700152567896286, 15.477460142615952, 0.1696471408114795, 0.9353571520583392, -0.3103656645117223, 0.6934024707630293, 0.11049805771387816, 0.712027522488553, 0.7002948387316715, -0.33600175198170174, -0.6298332807267405
101, -288.0559564083099, 320.442586045922, -233.15486881596016, 31, 18.63486980635678, 26.48219069911893, 18.267124964239365, 13.376884592327954, -0.6247908117620443, 0.4451158845265909, 0.6414891198452523, 0.7659394703211082, 0.18991842227813055, 0.6142212310589775, -0.1515690250082306, -0.8751016182258469, 0.4595911100495294
102, -137.43695611981911, 355.59962409118185, -329.99361130667927, 8, 9.822579641805962, 15.144619050688895, 11.952397440950927, 5.235561879703518, -0.7639746383164513, -0.08810906704214688, 0.6392022718312332, 0.6310698547998953, -0.30854363529144235, 0.711724429455657, -0.13451241716691506, -0.9471206984466679, -0.2913224883214643
103, -211.59667801603624, 92.60916399935232, 231.99637963041738, 5, 8.320510844421717, 13.272582760328051, 8.61877288134412, 5.035575297044066, -0.598870829542334, 0.13148260294527447, 0.789978515306595, 0.7953197894614688, -0.018035363539939796, 0.6059217425979588, -0.09391571761021261, -0.9911544031001011, 0.09376986296802013
104, -147.67484336509185, -93.04539956237419, -300.80661509892667, 154, 38.37497517287614, 53.49327204564234, 41.77817865153813, 25.286903806598588, -0.6914779059457562, 0.09722007989338795, -0.7158257900176517, 0.6993164702322234, -0.15839327224309632, -0.6970423557934396, 0.18114850275620908, 0.9825781533158813, -0.04153784509981316
105, 297.72083579646863, -68.74461191227797, -298.2598195207473, 11, 10.518496506238625, 13.890256223934635, 11.542050880379428, 7.258848957804665, 0.13989727500353782, -0.869778971908072, 0.4731947722377351, 0.3525313882878547, -0.40282744325188335, -0.8446606840826608, 0.9252839416732694, 0.28498173799331267, 0.25026992686275484
106, 286.9726838066667, 19.97456633508766, 305.5364565350179, 10, 7.699810242071213, 14.317049325553269, 7.887954638892468, 4.042240428437777, -0.045597299121080764, -0.8711855232168376, 0.488831944997734, -0.9976278539320077, 0.014450046512843534, -0.0673042436611062, -0.05157083838643338, 0.49074125595183216, 0.8697778269966066
107, -73.21219574224332, -243.18022414417837, -338.3269760998898, 78, 27.806878836288508, 37.04974003399014, 32.19423504003218, 18.025754758025865, -0.92421081011077, -0.29031757213847964, 0.24809289748401273, -0.3695645956583234, 0.8436189107857923, -0.38952425213392444, 0.09621012478057608, 0.451688875966868, 0.8869728131219656
108, 110.86800193184536, -84.56372604164358, -284.9209511863454, 112, 36.15779180446678, 44.86693739568992, 33.397027448843986, 31.54797297255768, -0.40149544835507, -0.18594623734677035, 0.896786151636353, -0.8802712620535871, 0.3486571083816784, -0.3218085237800755, 0.2528317823232395, 0.9186197350326772, 0.3036673710752404
109, 62.33217409162957, 9.288186336439349, 194.76130739873577, 52, 24.926348723234018, 33.75093498351442, 24.353886176174058, 18.84177960288898, -0.2566740841297037, -0.9592084991509983, -0.11847982820998343, -0.9653078584015342, 0.26050623040696896, -0.017811300553149886, -0.04794948429776228, -0.10979780997652228, 0.9927967001757904
110, -10.921478578838279, -176.25775841798745, 271.9922223877868, 17, 14.065217503756433, 24.120989306437373, 14.839553721413951, 7.773621679295644, 0.6053499431208921, 0.48782010327030995, 0.6289538879829562, -0.2716513161792489, -0.6161215907356687, 0.7393238450418265, 0.7481691044019487, -0.618405799030615, -0.24045219679531418
111, 14.933791334180034, 344.26311561583225, -205.93495729042928, 7, 11.314883235035664, 15.50753813161782, 12.085914303141548, 7.729081049944517, 0.8755504405942535, 0.1775329304034841, 0.44932558862984884, -0.2921558673547112, -0.5461579165155742, 0.7850837403726965, 0.3847809443637052, -0.8186535218575189, -0.42632151717319655
112, 4.075727761454718, -334.92846217054, -251.94602196348015, 302, 54.211554594954784, 92.3621872507713, 59.77910363074199, 28.85572409528755, -0.9692140851622406, -0.12887378163462687, 0.2097989645596744, 0.1500364014907246, 0.3664831147369655, 0.9182478994478595, -0.19522585728031816, 0.92145627949452, -0.3358648383342354
113, 188.35492279510646, -191.58101963056805, 290.75014511317227, 9, 12.810355649724581, 16.25602518468591, 12.333324688037797, 10.485497303745257, 0.3978260479867763, -0.5057006902248247, -0.765507183146807, -0.810495498163806, 0.19727228438662367, -0.5515257865858015, -0.42992032168696936, -0.8398514497927707, 0.33138807957069566
114, -161.6308466702893, -315.62724756156575, 175.68589953926354, 15, 16.672303721496966, 20.923647277009877, 15.777082556301423, 14.038566112019694, 0.22775387058676816, -0.6454740580315343, 0.7290345772602621, -0.7721677179850159, -0.5758487625444099, -0.26861723321091086, -0.5931991147452595, 0.5017583512851329, 0.6295660149508274
115, -41.17754168456601, 265.5158217123626, -352.4315201984167, 20, 15.853065701926319, 30.221744345314523, 18.882775765581133, 6.981591195573, -0.49220019407856697, 0.8337723886006693, 0.2501251146049827, 0.8683815870188686, 0.45035650267082095, 0.20758718608984092, -0.060434992145379916, -0.31937849725559453, 0.9456981480446846
116, -211.02832474014357, 74.1196901703003, -251.402137426144, 68, 27.342110663883, 31.578172378383833, 28.195539310277574, 22.957717795214723, -0.9858557191495929, 0.05958255760058372, -0.15664743805696915, -0.11394052161918816, 0.4471643636431012, 0.8871649166985852, 0.12290670670547736, 0.8924650977586931, -0.4340506776050237
117, 167.73959932174049, -271.2251830155386, 60.34769188357192, 15, 13.749841587406076, 16.62583895273341, 13.451572040317204, 11.623488032113999, 0.4926493798072013, 0.8657486584379052, 0.08818077448371246, 0.71502203001889, -0.46045927343655974, 0.5260425401941761, -0.4960242788042208, 0.19610333479888417, 0.845874338727396
118, 81.6028422431423, -10.38989093435917, -276.0153920982615, 45, 26.276987414271627, 32.376754573088014, 28.548483202429004, 19.629551058762623, -0.5713480606725316, -0.7941928587263726, 0.20692775723369983, 0.6719947158603214, -0.3079603486941649, 0.6734860989567448, -0.47115230597073854, 0.5238493359547189, 0.7096459524285724
119, 192.54092258277313, 185.45127700275518, -255.90726147457445, 29, 20.79195014038777, 23.718411221614375, 20.565708706956148, 18.427074875711643, 0.4528730977495642, 0.759747732075263, 0.4665719032916663, 0.4470839497817897, -0.6462783697326735, 0.6184175051396847, 0.7713766260279268, -0.07146784187432102, -0.6323531042033392
120, -344.8956945240959, -224.8717506107652, -3.0377738153181224, 13, 16.000908154168354, 22.839053300069757, 16.825466937730226, 10.660772447068851, -0.04264645767579723, 0.21297703785658728, 0.9761260476974992, 0.10215145098531496, -0.9709651669347211, 0.21631395160974667, 0.9938542955128287, 0.10893771589886977, 0.01965231145275024
121, 22.557851425799385, -45.246624686958235, 21.221557712554713, 6, 8.462098437233431, 9.936575058973354, 8.88242379763953, 6.865402618478239, -0.7502719798329489, 0.2981549525797228, -0.5900809948894562, 0.37159262013604993, 0.9283897532733923, -0.003375007762164769, -0.5468188739774568, 0.2218019167391312, 0.8073369982806895
