# Void_ID, X_c, Y_c, Z_c, N_particles, R=(abc)^(-1/3), a, b, c, vector_a, vector_b, vector_c 

0, 37.63327427604548, -286.05775108126284, -183.26041647393967, 47, 25.633378180289576, 34.90848317042932, 23.559945592275998, 20.479166319403532, -0.9764382879078575, -0.17110407013206888, -0.1314977836003789, 0.06073322561501262, -0.8026207728084875, 0.5933897288988934, -0.20707425048510492, 0.5714221663888664, 0.7941013553353796
1, 316.71675879102304, 272.61509597075826, -78.96691922291886, 107, 36.038315565633006, 47.717942289798884, 36.0042201817932, 27.243213563386842, -0.055743842284289635, 0.3178539801586112, -0.9464995886658976, 0.9981069507753554, 0.04240995393987735, -0.044541111579523646, -0.025983434363193524, 0.9471907110525031, 0.3196163607116308
2, 345.51342897384865, -256.9219638102519, 103.41726679801559, 71, 31.124736057214097, 58.17249952053645, 26.691522124043043, 19.418959957461247, -0.10740166036015429, 0.8979485779784356, 0.42679413615745376, 0.026258427419633194, -0.4265655054914952, 0.9040754197047021, 0.9938688939399049, 0.10830614401450414, 0.02223512598074558
3, -295.52250974384526, -151.58307586266687, -42.13832099243071, 17, 15.643463396006641, 22.083591607970188, 15.89240617428431, 10.907855289670698, 0.6858430652229951, 0.7250237994848864, 0.06292678337580945, 0.2070106244837251, -0.27725519938358245, 0.938230331936475, 0.6976860979239768, -0.6304522540171216, -0.3402411852911779
4, 166.7096899986551, 230.75784510521854, 339.33411745324963, 10, 13.561310617514591, 19.91797404311317, 14.067803368207974, 8.900892152385863, 0.8865648313970184, 0.4491775197368907, -0.11064517835401395, -0.2809895839963887, 0.7128779808544952, 0.6425339198037365, 0.3674883037805597, -0.5385578336407638, 0.7582267513143113
5, 295.30558759845024, 298.6783525922581, 116.11916759542066, 8, 14.87024091348703, 19.761285569931196, 13.669438467408725, 12.172734375322946, -0.07198936835070587, -0.7419262266367039, -0.6666055843398616, -0.9967231594452614, 0.028797538766834666, 0.07558865778957093, 0.03688460749313375, -0.6698628038558307, 0.7415681693145156
6, 162.47335622170755, -225.17645641554856, 299.0318104029076, 63, 30.026126472253143, 33.26938523636761, 32.56339617857107, 24.987537546621283, 0.33593741311242536, 0.2321944591655016, 0.9128153085943355, -0.515724569997307, 0.8562961586465581, -0.02801886129451931, -0.7881460666478164, -0.46134869873013573, 0.40741030400271705
7, -69.2109786431082, 39.72884005395599, 162.6795971565646, 7, 10.607125684066204, 18.278953372033833, 12.640260718625548, 5.165183888987584, 0.632484652867103, -0.21741814136138313, -0.7434329261571229, 0.22351232370862753, -0.8677388246170248, 0.4439274415967477, -0.7416234927764561, -0.4469437146433831, -0.5002358552751132
8, 294.7705417681951, 347.83047173850315, -265.24476143819334, 27, 19.85302823302561, 36.04581920072121, 15.782099778035443, 13.755000033900474, -0.829207161661079, -0.32297502151524665, -0.4561826591697705, -0.47112290533209045, -0.03530608031976246, 0.8813607029836901, 0.30076351361398485, -0.9457487066708999, 0.12288487583462243
9, -294.91048581549575, 187.81048322234938, -322.39754406260084, 41, 23.546721018495006, 35.91981037882203, 21.940146114751016, 16.56600408314158, 0.33295570694722065, -0.8133671945919599, 0.4770474860775198, -0.528548648197918, 0.2579781263380997, 0.8087543587636712, -0.7808820805342057, -0.5214221831612925, -0.34400884175829227
10, 47.28854655484773, -270.50417274166244, 127.40297730169947, 180, 41.917558610781725, 54.60872747462967, 40.87735593516167, 32.99461671338095, 0.4200851231481821, 0.2153667337139438, -0.8815586533628741, -0.8290603543420566, 0.4861200935226213, -0.27630813149775657, -0.3690357952391617, -0.8469382649774096, -0.3827638399186297
11, -84.07808056900483, 112.06122152602124, 221.51336148545283, 48, 25.244673420556403, 30.460915458511884, 23.66564792844513, 22.31762211663218, 0.08743984305347309, 0.2255191887545824, 0.9703068428854137, 0.7508573424485653, 0.6251856135256527, -0.21296995077153727, 0.6546506894045552, -0.7471840764791703, 0.11466660681344933
12, -110.18035630535125, -338.1823212073818, 143.4413157118791, 8, 8.997362340190655, 16.038406097068894, 7.949516297531355, 5.712730311263498, 0.5806283455358658, 0.7681325614408943, -0.2698945950080026, 0.6789180237083735, -0.6397657029533252, -0.3602362591530089, 0.44937850576568444, -0.02592707810163596, 0.8929651421958824
13, -224.52640473142773, 291.61920721182724, -215.36765226493088, 10, 13.231441212990912, 17.818256385475873, 14.7218254741252, 8.83068892149078, -0.7515693230120913, 0.6040384109973715, -0.2651059236360387, 0.36036829386692193, 0.7125812181807338, 0.6019656969225949, -0.5525199050555459, -0.35688318191788265, 0.7532304753404352
14, 23.187079141973836, -74.0519568451749, -169.69913224267196, 41, 26.323960736834728, 36.72211231501074, 26.775577604208497, 18.551848979604276, -0.33697210806986716, 0.19718583818404964, -0.9206343158945379, 0.9335009550180438, -0.057333747632678886, -0.3539615916491397, 0.12257962866377638, 0.9786881968237106, 0.16475329445751496
15, -240.6836275220448, 254.21313483316095, -186.21962330272132, 10, 12.612995508190684, 15.96595560560327, 13.353021881616277, 9.411963735707948, -0.24388122700708761, 0.9427618404396111, -0.22742484324372916, -0.3033386035370131, 0.14858452469982864, 0.9412270345798301, -0.9211447436303009, -0.2985343384447484, -0.24973908394887626
16, -163.79036478426468, 291.6388387886911, 60.61263878824304, 9, 14.114896402557614, 19.38794231939022, 13.703240559011979, 10.584688561437156, -0.15923387527087868, -0.7299783742821996, 0.6646624301452092, -0.9552092434542168, 0.2840253239653527, 0.0830958276088473, 0.24943911919713177, 0.621660026402449, 0.7425085436461087
17, -349.09225354855386, -39.319661930975926, 221.19530936905403, 11, 11.011863022334287, 14.977888144093122, 11.999593275240217, 7.429597607847885, -0.9794291772384807, 0.1979078045197995, -0.039382580973134504, 0.1286605013840187, 0.7628274467456656, 0.6336724405204173, 0.15545083517808977, 0.6155702944438115, -0.7725983758983666
18, -111.25099206651132, -29.731720540434498, 145.5462371525736, 15, 13.633534577100482, 18.0719106715752, 15.231068623784513, 9.20642343508397, 0.9658045710628083, -0.2173033553582966, 0.14142412193190682, 0.017330845919308748, 0.5983567229735661, 0.8010423670768332, 0.25869126829853817, 0.7711993800713023, -0.5816617091434957
19, -194.3825115382165, 43.161956062900906, 218.94069091745328, 7, 10.086521688088986, 16.544577752572252, 13.462726284337446, 4.607184201736394, 0.492386777466716, 0.8651027147318706, -0.09566898316325052, 0.20810559344233107, -0.010286843661704528, 0.9780522699863717, -0.8451315420418043, 0.5014892559278086, 0.18509781963873836
20, 310.1484385235883, 339.84965363468893, -208.92980401356337, 52, 27.378026772837156, 37.768699960356585, 27.24625623410802, 19.94194705010936, -0.9963812925513997, 0.06393689149942053, 0.056003515594945125, -0.05538691465548166, -0.9882035185411006, 0.14277988523575386, 0.06447177319221427, 0.1391613446628771, 0.9881687662606381
21, -156.42799537879404, 303.29045619824495, -61.38614790560545, 7, 11.427079888282274, 16.911076429326435, 11.46140821889363, 7.698330596851889, 0.346375668941975, 0.6077603933654677, 0.7145986287569066, 0.7298697038707948, 0.30395723692153487, -0.6122909549344855, 0.5893336163299671, -0.7336465786598331, 0.33830250706160114
22, -8.221786745649208, -41.17178291387599, 103.35643067477939, 36, 22.718930364726102, 30.371525362538968, 22.602225593092435, 17.0822798207786, 0.4124369648979076, -0.6797269145931013, 0.6065204626090903, -0.34148478377969627, 0.501882753920668, 0.7946709028043877, -0.8445613609636287, -0.534869164277348, -0.025121398697421096
23, -276.2528254071056, -211.57594023674193, -242.9355801950992, 8, 13.396050751500914, 19.499326117926277, 11.885923304728466, 10.372365842428136, 0.5650818840550759, 0.825005181281457, -0.006993938197890934, 0.7337482295174163, -0.5064158268242481, -0.45294210007678704, 0.37722142037909695, -0.2508175855091973, 0.891512500645119
24, 98.25320369057721, -337.8479275139652, 81.45294795998998, 23, 17.658214075104535, 21.85176549985427, 18.028403780208674, 13.97643873375138, -0.14171826579915225, 0.15909136456687106, 0.9770393394634281, -0.9884650291196154, -0.0759978493120459, -0.13100081338488456, -0.053411790331711534, 0.9843344272249114, -0.16802653371824014
25, -132.45088003076404, 36.25109776564007, -16.25516327707198, 140, 36.117622219626554, 56.72771783078227, 29.523209908476687, 28.131867728191686, 0.029152733133954188, 0.9970693414663815, 0.07073080275676905, 0.7398001524057823, 0.026063038173040804, -0.6723216882873642, 0.6721948026065026, -0.07192667341805238, 0.7368722419794477
26, -95.66684365871733, -213.73705655660942, -299.0103322246113, 6, 8.771999486078219, 14.473787185562278, 8.969272513463073, 5.199437840721035, -0.25386868430971815, 0.41583797773334225, 0.8732865895005472, 0.9472823416381927, -0.07556477924053338, 0.31136173393464994, -0.19546574213225923, -0.9062939591616914, 0.37473244220338253
27, -344.8251698941301, -19.593437082778582, 99.29396548506183, 9, 13.682834441408955, 21.68674831989824, 15.558784760822705, 7.592033297949001, 0.004975896450616123, 0.5925232833434163, 0.8055379563685688, 0.08411023362513527, -0.8029413547986056, 0.590093763188279, 0.9964440320730702, 0.06481774024229507, -0.0538326248277422
28, 319.38197870098116, 297.2882230463714, 31.80717013042464, 5, 6.68648420126061, 12.842480124643155, 9.867404727073616, 2.359074326643935, -0.6606478754291079, -0.7157061089015214, 0.22651523209720306, -0.011539058282605142, 0.31138626977317896, 0.9502133661082103, 0.750607244053078, -0.6251426690586624, 0.2139752520672766
29, -224.98394201667625, -85.30460807672469, -171.03562805286828, 38, 22.114166376337803, 32.75358339755687, 20.334653180685578, 16.23738647209875, -0.7992378088963275, 0.25618852949830484, -0.5436785467388735, 0.5587513927070498, 0.6499527656919922, -0.5151293852201234, -0.22139513539942546, 0.7154920263167331, 0.6626125219905259
30, -95.18715829928223, 251.1480465320219, 337.1139920198327, 59, 25.540607843389374, 29.69913217734072, 27.504317817435837, 20.396190032558867, 0.5814918720976127, 0.7363682912199834, -0.3458741712966947, 0.6065455136852207, -0.6757359750042468, -0.41890742642425405, -0.5421897661453468, 0.0338028367274286, -0.8395758606084581
31, 81.93084580922104, -15.440063546876335, -306.1700953195954, 121, 36.867323599134934, 57.35593249905629, 33.97312882720277, 25.71644557041821, -0.017019691493402347, -0.02808194588113057, 0.9994607217980097, -0.9951675285927378, 0.09715695507234061, -0.014216754752524206, 0.09670532630673258, 0.9948728212171646, 0.029599822082369633
32, -34.62864368718644, -179.49321680646946, -272.4033576653121, 26, 19.703965194631962, 27.826791671891097, 17.937462224938212, 15.326280119918001, -0.0494543298355992, 0.30419351691857105, 0.9513256926653578, -0.9547149374178222, -0.2941848329144739, 0.044437285632305853, -0.2933831241428103, 0.9060472329563146, -0.30496680822740396
33, -151.43315146538458, -299.6575622838805, -302.85914768858805, 33, 21.50271187153297, 31.526858620726454, 19.476281060627365, 16.191719599325488, 0.675152070348266, -0.667686073061517, -0.3136319335529163, 0.4275961716544304, 0.007771769960492861, 0.9039364543916547, -0.6011083062900777, -0.7444023827416, 0.2907471352871816
34, 274.2319528193319, 294.6965956210149, -148.5679934969545, 9, 14.910096405677395, 16.584509799548517, 14.791109677721384, 13.512570033957914, 0.7653707198086915, -0.5762300491200801, -0.2866471554901518, -0.18257071843861367, -0.6214847046913586, 0.761856085230999, -0.6171511921955054, -0.5307689632276607, -0.5808689298334873
35, 214.28900232017583, 252.917034453342, -177.32695066337118, 37, 22.44054662966669, 30.371087379549188, 21.569803774445305, 17.25018510049763, -0.7569844908016677, -0.5912583323580043, -0.2781871044871983, -0.6358842029103704, 0.7645641177964935, 0.10532326555473298, -0.15041861977422583, -0.25662286374230314, 0.9547350127809895
36, 77.18880764995359, 41.46558945398117, -227.98355109276196, 32, 22.796113102973926, 33.33702587860906, 23.28239691317676, 15.262577010677157, 0.5907295694129956, -0.7810331726505907, 0.20254816474233805, -0.5362777699255704, -0.19249022100564786, 0.8217990437453999, -0.6028637734221498, -0.5940830733462698, -0.532560393437831
37, 226.78074327347585, -115.44556033964759, 274.77395783860953, 11, 8.083905479109108, 13.03506429460646, 8.461712580719572, 4.789522672970977, -0.2532514119822396, 0.5293152365819406, -0.8097463199368098, -0.18006241804350487, 0.7966146011268053, 0.5770465344146061, 0.9504952645528161, 0.2919427299896087, -0.10643399113481813
38, -22.918250600279162, -348.4914104420315, -242.6163355359697, 6, 12.43896571847851, 16.23332758886788, 12.585486761466033, 9.420527957494075, 0.05593614173034865, -0.9984335682268428, -0.0012481530902305408, 0.40480063563557395, 0.02382123009756743, -0.9140946309795687, 0.9126924966478893, 0.0506256736691281, 0.4054990107610492
39, -306.6222989775718, 323.50896256346687, -281.03133284159173, 5, 9.462716013264552, 13.617698955488871, 9.437320955676476, 6.593180500142266, 0.532457391845681, -0.12909049281273344, 0.836555300344371, -0.42839220841214176, 0.811288549484426, 0.39785802146899596, -0.7300474242408246, -0.5702162170096728, 0.37667522379168394
40, -128.8370593523334, -245.7262807665309, -133.788044974887, 109, 36.030509808457666, 48.766141324594294, 39.72219126459682, 24.146802519017676, -0.4785897241167091, 0.6490707130156408, 0.5913197827531733, 0.8730115618702015, 0.27979940975334444, 0.3994535056081386, -0.09382264551185777, -0.7074033501525471, 0.7005553592558614
41, -235.61022316437578, 243.40762708670744, 62.77026608039395, 18, 12.790034051397138, 14.81475529645156, 13.989755822292327, 10.095096747244261, -0.699187197503952, -0.45340366411849886, 0.5527769714907533, 0.24035207831762917, 0.5791090652654636, 0.7790144857290893, 0.673326177491241, -0.6775380490358317, 0.29592913140438315
42, -331.48268443657446, -42.98318543723845, -186.16385963954, 167, 42.12268291323495, 56.594987089999975, 38.81487778840393, 34.02294367965654, 0.10887265237293031, -0.24509334018223022, -0.963367012183623, -0.7813104772706372, 0.5780633855915706, -0.23536495139578475, -0.6145735787295209, -0.7783135466100601, 0.1285587005646028
43, 168.10410892913126, 348.7820910296098, 326.571079184548, 29, 23.967111803457765, 33.555550049789936, 31.32366643762098, 13.0981558191716, -0.2943079610868186, 0.10213702122875616, 0.950237261390773, 0.9460298056335515, -0.11002568965083545, 0.3048310260944622, 0.13568504299983455, 0.9886669694651353, -0.06424322995272165
44, 119.56702595926158, -174.1312193756267, 114.14354283783176, 122, 36.64491924062739, 54.86780565393684, 35.42460665388907, 25.317375235193982, 0.6389667746767036, 0.20325460341351598, -0.7418955634389959, 0.3721212831977972, 0.7624239144037713, 0.529372765956519, 0.6732363711583589, -0.6143267379305944, 0.4115281856848682
45, -46.55351976256168, -34.35643952598017, -154.85904075856052, 17, 16.693686027552555, 27.4475928048045, 14.376631998950138, 11.789497777929455, -0.6138989695522797, 0.25200191102752123, 0.7480796027303019, 0.7893684972993286, 0.18992205545218382, 0.5838038954342607, -0.005042881522353005, -0.9489070816951968, 0.3155153239617
46, -311.6213594101593, 121.90570716254284, -72.00066425057811, 60, 29.333318918565524, 46.648196038304825, 28.445042575386722, 19.021386507709437, 0.9024789295113048, -0.11975515081489375, -0.4137517198048019, -0.1544230955081879, -0.9866747622423503, -0.051248620739203374, -0.40210109346008766, 0.11014362172774174, -0.9089461442961834
47, -193.29703711041282, -179.09497725204216, 34.73986227761864, 22, 19.66283288711573, 26.5693350136796, 20.53085475782831, 13.936398272585642, -0.012421761080902975, -0.9492135176144406, -0.31438733726037527, -0.9990211982164129, 0.025130252224173342, -0.03640214193412565, -0.0424540382754313, -0.31362743566398893, 0.948596587719426
48, 351.56446420226, -230.48118788410633, 21.863377922858557, 24, 18.796683307353103, 27.001749129415405, 18.431687633862765, 13.34401966687765, 0.023647836949015993, 0.9460925725391324, 0.32303192410955206, -0.10943589707153095, -0.31873069264015264, 0.941506521486324, 0.9937125158916849, -0.05761588110421532, 0.09599919793833112
49, 258.08628962117035, -272.7644135358639, -298.1425541810554, 107, 34.93855173190098, 53.08344941847082, 33.50209121938751, 23.981903069135992, 0.25447597391993104, 0.75365187071302, 0.6060122411868162, -0.45974021444597263, -0.4570267086543646, 0.7614233531996045, 0.8508119145373279, -0.47237214709096054, 0.23018175586697248
50, -354.1308889544543, -128.8463022154436, -199.9524681118871, 6, 8.513318557230612, 12.214335770902288, 10.838297245192761, 4.660856599239946, 0.05891527697394226, -0.13644776111150067, 0.9888938257602493, 0.18194372289030003, -0.972554339477278, -0.14503288752808233, 0.9815423943161607, 0.18846767694109914, -0.03247249464584058
51, 313.6639167248304, -309.3631166714738, 77.12643753708808, 38, 23.63627785804199, 31.06026424341099, 23.783048130940372, 17.875763459563903, -0.17838517319242783, -0.20500341344179804, 0.9623680847068439, -0.8783699754507783, -0.40760787522462855, -0.24964375874726538, 0.4434466328789822, -0.8898479760791023, -0.1073576418156551
52, -193.82738348931758, 63.93358910145942, -287.6885271381962, 109, 36.55038860323547, 58.71328828037213, 37.7074654905826, 22.055263455505784, -0.9378559590465358, -0.08674077734491745, -0.3360092820540852, 0.0864819285954955, -0.9961286675715312, 0.015765584942193267, -0.33607599751738604, -0.01427288295213473, 0.9417267165717071
53, 120.37880923536825, -87.44362098862038, -350.0639613840729, 7, 7.063364523296725, 11.775618929222329, 7.360215058765806, 4.065936689231902, -0.47947128906522907, -0.8770250587347868, -0.03056680083639134, -0.12498068884848125, 0.03376766673008477, 0.9915843746744727, -0.8686121748957284, 0.4792564981665345, -0.12580182267385198
54, 136.11723246963925, 151.73907740507966, 342.7830018118143, 65, 29.537279041195003, 42.226561000540485, 27.620062238270208, 22.095360483173476, 0.6790177883923355, 0.7235199348728335, 0.12431310022838388, 0.6291515441946683, -0.6607807644245955, 0.40931298025338947, -0.37828980621243996, 0.19971901563961703, 0.9038855775526552
55, 102.2809499657575, -151.6976700466217, 314.1621949427274, 40, 26.02370030237847, 32.63201195876863, 24.74055170663141, 21.830009010483572, -0.5303695451219489, 0.8035685382984096, 0.27015874937542655, 0.20198372961453778, -0.18971958295068347, 0.9608376828663726, 0.823353337624946, 0.5641667165847132, -0.06168628145613574
56, 29.055817509230888, 306.18325738005063, -64.68267400444293, 33, 23.251509678529434, 31.280208306362116, 21.112657100708752, 19.034476523312147, -0.9296593559797723, -0.16900932155611437, -0.3273672724424613, -0.3111551787785706, 0.8359704963416725, 0.45203515788656695, -0.19727122587582385, -0.5221007359441284, 0.8297559189111272
57, 305.990570104409, -306.2510715821036, -276.42145348733095, 70, 28.76879601406356, 42.71895000962595, 28.346895624046194, 19.66251135305107, -0.8531130190036551, 0.022244554325581478, -0.5212517209653367, 0.5026013835075487, -0.2329873975063867, -0.8325315140578758, 0.13996437440565834, 0.972225309486467, -0.18758443829693303
58, -5.496616931675277, 261.79850776799674, 73.75265677181149, 7, 12.018341284950019, 21.676205834503556, 13.120037049725799, 6.104010468030508, 0.5620404353679687, -0.381332546166185, -0.7339591529818253, 0.2733885529863372, -0.7518524072170751, 0.5999805470662578, -0.7806210656313474, -0.5378693586702107, -0.3183195012817715
59, -138.02543956991553, 154.53135258162186, 257.39132935773586, 43, 22.625486300602937, 36.49933033284176, 19.93069621178477, 15.921588730546455, -0.7487229058097673, -0.6515816154799381, -0.12188276614982284, -0.6330491742943141, 0.7573751319907408, -0.16009888309196593, -0.19662846498171535, 0.04271191649366217, 0.9795473132770938
60, 47.084993674901845, 99.48833561131269, -88.2491463149066, 49, 24.130469325086725, 35.38695185923301, 22.18194162723525, 17.90006438256093, 0.4814132855878494, 0.8760328085242527, 0.028421239392783147, 0.5625808078415331, -0.33369962701425976, 0.7564042527504139, 0.672119098901288, -0.3481538127317487, -0.6534866789556367
61, 302.89570953881037, -289.1417182609876, -160.47185084975206, 23, 21.042429845641262, 31.007274533173106, 19.044026351727346, 15.778484793363475, -0.912927472010641, 0.062034160255802086, -0.4033797141771233, 0.40090648293917336, 0.32134210846785516, -0.8579121407596324, -0.07640302864155625, 0.9449291043706881, 0.31823193574436676
62, -336.4721401731877, 286.11728446540974, -72.11238414323468, 16, 14.401731657794597, 18.244073984088537, 14.298806077600732, 11.450449688067371, -0.007213937873198025, 0.8280704913239657, 0.5605775775919402, -0.1562942104943406, -0.55463612677345, 0.8172826234808227, 0.9876841999679413, -0.08171920383992744, 0.13342373423591503
63, 22.2249551376928, -321.88876435297414, 295.54971625742076, 70, 28.555611368205863, 42.0630397588014, 26.923273906188104, 20.561077218686368, 0.0919298686261847, 0.9446577392546592, 0.3149137261547177, -0.9271600850022722, -0.03415244277135809, 0.3731055982310217, 0.3632121639385882, -0.32627498573906255, 0.8727093202481697
64, -86.34643583449649, 348.2725440916181, 288.2572968329073, 69, 30.59762961362931, 49.73021831055422, 31.582495089305745, 18.238811986120652, 0.5326943512351849, -0.11915654148341254, 0.8378773459068083, -0.7954330358236985, 0.2675932897438779, 0.5437647623783135, 0.28900348385862107, 0.9561357382222259, -0.04776438434460042
65, -287.3669224902222, 353.6834719555116, 125.77076399469011, 14, 19.06526267207335, 33.39301428352637, 19.939115347372535, 10.40799010021195, -0.26568967539378247, -0.003954338432439908, 0.9640504963935801, 0.959300519088992, -0.10031357380278325, 0.26396912885128043, -0.09566352734839298, -0.9949480137768382, -0.030445679772145035
66, -153.89496330180606, -76.42050363902891, -266.3246553716716, 8, 13.246594813495824, 16.8941558865104, 13.521862763620714, 10.175124595332237, 0.35298679376253783, -0.6361129401105993, 0.6861199974152428, 0.667388947420461, 0.6851380940944438, 0.29185233403493965, -0.6557379936302699, 0.3548888832359824, 0.6663794446599217
67, -336.0802264236876, -208.79425601712154, -299.5193849001761, 20, 17.53445469468415, 27.68899256153326, 15.687932790158074, 12.410918340360706, -0.5191650283465984, -0.8228366878058746, 0.2311005377374389, -0.8014963862640699, 0.5626161321163383, 0.20264903327696251, 0.29676795000052175, 0.08001795475459579, 0.9515912519403377
68, 136.32726860373285, -313.2588982152258, 41.141692760402115, 21, 17.558667774296477, 25.648438777648124, 16.431108421003785, 12.845378005845824, -0.7892169402393231, 0.2552466133614893, -0.5585568794731395, 0.028364759861636533, 0.9237122995130426, 0.3820353754906984, 0.6134590953252486, 0.28566545835262813, -0.7362494035766075
69, 37.547718360957376, -257.0578618064072, -337.78375737584025, 88, 29.953442108100496, 36.143130376046585, 31.11858949074931, 23.894312655984102, -0.35594025640525756, 0.8388026537783458, 0.41196679706569084, -0.6321450688822172, 0.10855745828540068, -0.7672078532826097, -0.6882580517204698, -0.5335029393218165, 0.4916049918144904
70, 193.84436656679844, 181.30196439324422, -252.64332246396327, 45, 25.6875237039245, 34.61065384997191, 26.031016429472363, 18.81333504077265, 0.4196913379794801, -0.4513734046599782, 0.7874777650134976, -0.8337646939249075, -0.534614941345112, 0.13792497835732198, -0.3587417120844724, 0.7144570764267242, 0.6007124686191218
71, -19.38397060451275, -271.18550738603574, -19.42713117781951, 6, 7.877613303631971, 14.443460447750697, 7.338979567125322, 4.611869821037674, 0.9590006335756017, 0.2571834144688464, 0.1190566089040846, 0.1928517032830166, -0.28437677256328064, -0.9391155795573468, 0.20766801713897567, -0.9235727056104667, 0.32231576459883016
72, 338.8559419292769, -256.37101872169933, 202.99508688569003, 15, 16.613006996658317, 22.136065321580666, 16.79545560788154, 12.332539832388433, -0.36425601107350103, 0.8865012381973038, 0.28536487708102526, 0.008362217228413463, -0.30329029468003493, 0.9528615169456275, 0.9312613122640958, 0.34947181835957103, 0.10306219701039276
73, -223.06961310099177, 211.7803373833761, -6.481988427304128, 5, 7.736166675460274, 15.047948775431024, 7.386240114356813, 4.165591976972556, -0.027817788029571862, -0.22861665747832613, 0.9731190033046212, -0.5107001223110569, -0.8336069061501626, -0.2104398039588174, 0.8593087662421544, -0.5028259638703947, -0.09356545472125366
74, 296.52512769221556, -110.54965183579729, -302.9447304759454, 15, 17.47286325193491, 27.36995295538426, 14.827063413632052, 13.14507408418837, -0.6141964199471179, -0.7409678674470611, -0.2715315398532885, 0.16529702994259154, -0.4572419268303642, 0.8738459316381886, -0.7716473609209723, 0.49182968572404306, 0.40331614228082624
75, -61.21899676345165, 310.75079400837643, 161.81479234301136, 5, 4.84095072750173, 11.902587237869781, 5.340802246668924, 1.7846132616926373, -0.774173525650194, 0.6049104247222171, -0.18638328853396527, 0.21414568720760221, 0.5273972568851755, 0.8221883957344422, 0.5956483667674516, 0.5966033116672925, -0.5378359523822174
76, -174.0234181500337, 151.38196275394805, -304.4798732575159, 11, 14.802228060094269, 21.63947358369418, 13.762823892064493, 10.889978670945665, 0.35138677393637174, -0.27003220366240543, 0.8964429396720207, -0.8195032813769011, -0.5517035829040176, 0.1550404090015296, -0.45270487838666024, 0.7891170797771997, 0.415153619144557
77, 253.95308458750185, 165.35833010524578, 201.12261226300586, 8, 12.829065068957789, 17.990458858298403, 12.733595181944684, 9.217045772837224, 0.32944941553825596, -0.7659595276631919, -0.5520589502792989, 0.3084993413315287, -0.46528275983124684, 0.8296626481901132, -0.8923515221029852, -0.4436416970774931, 0.08301087648427265
78, -332.20945507466735, -236.30002753749693, 229.3421940211674, 11, 13.047518454072149, 22.08353505078176, 13.606936314972865, 7.391878372858992, 0.7366494727376177, 0.5495429521300266, -0.39414476792113484, 0.39929766928199745, 0.1169447528746037, 0.9093323353323922, 0.5458103385072092, -0.8272402725564764, -0.1332839294113597
79, -323.20718907777285, 182.84997999210043, -115.42754760065941, 9, 12.111542404361078, 13.734370435522266, 11.487821134658498, 11.260351314744646, -0.6090937781165374, -0.1960794134421821, -0.7684774772782166, -0.3150877790000297, -0.8293791354274663, 0.46135663129775956, -0.727821723353012, 0.5231473151434141, 0.44338744419941456
80, -58.62260509461071, -252.9661196602967, -190.18723153644936, 18, 16.250359815939063, 19.633611072919088, 18.73533738959182, 11.666141579417046, 0.9440653102941747, -0.3289492889651932, -0.023087987969021527, 0.08398252248207731, 0.1721372875462371, 0.9814864696743258, 0.3188849727044395, 0.9285263160113009, -0.19013483283651855
81, 4.1749555812818056, 93.78074629997747, -342.67772057793763, 97, 32.06017010725908, 43.62801552223098, 28.547152066249748, 26.458743710131085, -0.9492035130694602, 0.2818893430511445, 0.13982520892453215, 0.30566324357577074, 0.7205042334892326, 0.6224497016232172, -0.07471728249430783, -0.6335708703833274, 0.7700683605358546
82, -282.47170362571336, -262.99923540451255, -144.8471339421343, 72, 29.147161622511693, 32.387534340595955, 28.93318334041534, 26.424982110276204, -0.05015682501662857, 0.3349342491722359, 0.9409055965588057, 0.8657188760285376, -0.45518318208229663, 0.2081804468179471, 0.49801116512798826, 0.8250014057447812, -0.26712835852263656
83, 135.08533459121386, 110.18814227983015, 243.5700042558148, 13, 12.611265102843216, 15.178315292177729, 13.657222447279871, 9.675869720556056, -0.5406496935477988, -0.7660346066506887, 0.34769079694492333, -0.830952930337205, 0.5507487434419263, -0.07869592849157782, 0.1312064648966819, 0.33146161619509334, 0.9343008404998107
84, -128.2387107286623, 126.14358315878482, -112.93155318532465, 7, 15.986750167075279, 23.10565508451258, 14.50732670034879, 12.189191127860997, -0.8018169641004317, 0.5107319107801165, -0.3102297074615167, 0.5816740954016406, 0.5481239448808034, -0.6010119697535061, 0.13691166064090546, 0.6623541774301697, 0.736574599630854
85, -291.2608960626826, 133.83200069990647, 252.59144087773987, 98, 32.82041550476683, 56.530487216873624, 26.335522883984403, 23.746934295516866, -0.6722417483375314, -0.07993835922851873, 0.7360033223538813, -0.3253080004675431, 0.9249305171671224, -0.1966678500537604, -0.6650306283351951, -0.37163610849434064, -0.6477814957524476
86, 96.90112608465196, -349.3927873667709, 263.0914391444628, 43, 26.388580702808703, 39.32211344054108, 28.627524593649092, 16.324032448640907, -0.4834677331635578, -0.0091045217223165, 0.8753148340305325, -0.8748648650515829, -0.02867615864068094, -0.4835174720978448, -0.029502862369035338, 0.9995472903318893, -0.005898771245894922
87, 170.59025080298758, 79.83463651817993, -186.9910706229908, 23, 19.977985824809384, 24.494394038719655, 18.801894433809686, 17.313576570150015, 0.37458768386472374, 0.9151196874828572, 0.14913089779834302, 0.7338965164713921, -0.3909316137637686, 0.5554893126525582, -0.5666391887330217, 0.09863280864567446, 0.8180413185473266
88, -46.7134236812139, 91.14621525612523, -85.70388197562947, 46, 26.264090046413195, 37.05935697183436, 25.06423934479337, 19.504493081411603, -0.9698236137995384, -0.2348572861091751, -0.0654539019328623, -0.18828422811364218, 0.8920225029027331, -0.41090741506912914, -0.15489095377217402, 0.3861837768169147, 0.9093244101875687
89, -125.8761781217515, -30.322305471377504, 166.47619567712607, 69, 28.557719399688477, 42.596620087438794, 24.49972638684837, 22.316916647355033, -0.7901278587452736, 0.6064399455779032, -0.08904245752492906, 0.01767183484617835, 0.1677488592552438, 0.9856713582486476, 0.6126872555290982, 0.7772328561158709, -0.14325995353268625
90, -316.2805836214465, -184.968495601388, -115.2828158360247, 22, 19.74917851612597, 29.644576882125516, 17.063829767750793, 15.227385430383748, -0.10405332742635322, -0.9846161547723246, -0.1403706978427694, -0.9464876474797127, 0.05467799352452139, 0.31807459847094305, 0.30550619996953127, -0.16595585191699108, 0.9376164551642011
91, 141.77386045387146, 15.76271900130772, -271.3596250551877, 5, 6.8593610466024435, 13.239245921435964, 5.614874551267828, 4.341578735808649, -0.10656428309206827, -0.26098815653314866, -0.9594421481874258, -0.9719359070884518, -0.17618845555067372, 0.15587886528589046, 0.2097251679728054, -0.9491273941258347, 0.2348883642045325
92, 183.74057986568025, -2.6494786730555497, -209.68690770463093, 22, 18.95810444347748, 24.891620149362996, 17.89660970978759, 15.295398718194848, 0.22547307057396335, 0.40070744166216643, -0.8880289638533813, 0.2714975028681848, 0.8495490923679312, 0.45227806225060746, 0.9356553854824373, -0.34307416960970133, 0.08275937266754375
93, 52.23318816126598, -70.46017674966099, -56.02498161079045, 30, 20.77808468611834, 29.640734655956784, 22.579115270282372, 13.403575090426914, 0.6493278051838559, 0.5777262835526565, 0.49457632647302474, 0.686853490398749, -0.7246939243956966, -0.055235845888518605, -0.3265052589808824, -0.3755676466848534, 0.8673772297111725
94, -285.9663460239389, 217.1081387128651, 94.44013889184808, 43, 23.388466751529673, 30.000650623078517, 26.88749852730096, 15.86076694620351, -0.2663678597838946, 0.12477519804970737, 0.9557611172389279, -0.6082834344410845, 0.7474267808541649, -0.2671038574160602, -0.7476893918324019, -0.6525215377392812, -0.12319178595854756
95, 276.2834843872912, 13.253929827032826, 137.11563038493043, 13, 12.553418768668987, 16.527544327219474, 11.99225888510771, 9.981061326514258, -0.3432353112176546, -0.7785797266655493, -0.5253600007220937, -0.0793322699259887, -0.5333098506472242, 0.8421917799118116, -0.9358931093248363, 0.330747959068584, 0.12128427552760654
96, 285.93197122410874, 10.053054135621775, 239.37428229052563, 14, 14.419149448642667, 19.988119667080095, 14.743059150985527, 10.173242117203863, 0.19445280854152883, 0.9749231798333152, 0.10822614598150028, -0.8772957059515398, 0.12349527903747992, 0.4637899959835747, 0.4387941995620511, -0.18513160043372517, 0.8793099231508458
97, 211.04359159571348, 138.706013651517, 315.79429769348667, 6, 7.357161823144801, 12.308231019225087, 7.0966211471524465, 4.55914773760386, -0.9563746134096083, 0.2533604802252138, -0.1454512491719177, 0.14954818586810234, 0.8522756682321089, 0.5012599379993096, 0.2509640191923573, 0.4576403089759051, -0.8529844129122504
98, -29.254965560860747, 157.4593038591096, -177.66970020748028, 7, 12.87067865766337, 17.4180608313173, 12.702766864398255, 9.636209020420822, 0.7184852869409075, 0.4206545940134795, 0.5539211180166331, 0.5673394231782158, 0.10627611166012163, -0.816597432642434, 0.40237404408988736, -0.9009745282890965, 0.16229611214378922
99, 33.3686828178235, -296.68143211668314, 348.2055670586384, 16, 16.811659463273468, 27.62548994856222, 15.430327097131274, 11.14670817957379, 0.7628394219358732, -0.43146909330494043, -0.4815708025442941, -0.52213264412881, -0.8503688966266574, -0.0651938768982078, 0.3813836890529025, -0.3011762958344715, 0.8739790160820945
100, 331.68125695753156, -238.64659673650792, -165.92925394688578, 95, 36.66312696942224, 52.07372948544444, 43.67818331084999, 21.667323085684135, -0.9102463064122704, -0.0902754021950867, 0.4041064382329666, 0.10962136102499852, 0.8885824131156185, 0.4454261468623628, 0.3992928985968144, -0.44974620271897736, 0.7989327470256897
101, 221.60877602664203, -145.1519979365131, 280.7071128501718, 9, 13.806422896892897, 18.311362737271335, 13.153659892630063, 10.926378517285567, -0.7408374772888788, 0.5160598328504906, 0.42993264723974356, 0.6622067512844609, 0.6683060097531686, 0.3388942252105777, 0.11243687472324257, -0.5357698444725322, 0.8368444437028597
102, -97.63928457993035, 342.5838584645451, -96.81931919686507, 21, 20.126183341791887, 25.228253192657046, 20.19886836648417, 15.998160665100125, -0.46127641237750483, -0.09769302642932033, 0.8818617487856122, -0.8872199774350897, 0.04177121664942061, -0.45945171356705805, -0.008048790233142384, 0.9943395989533492, 0.10594328166087547
103, 267.52308530540665, -254.19013062995495, -117.69442225137344, 170, 45.30217900963365, 74.2989509621644, 39.55096663363655, 31.638617013545435, -0.8974500119511752, 0.11044353091153536, 0.4270663912421909, 0.3748715639056276, 0.7012308804857953, 0.6064211101438218, 0.23249685293307693, -0.7043276785225083, 0.6707218012285788
104, 233.39993658143777, 12.359519831331916, -39.788266515691205, 52, 26.417562964733843, 39.37321468208147, 24.097581751764814, 19.43139215152613, -0.9495833139929191, -0.28117070658301124, 0.13868872897908954, -0.2924401580660588, 0.6349219441154256, -0.7150894201643503, -0.11300568010734492, 0.7195951352255635, 0.6851368896966353
105, 222.5817151325929, 130.3563889005371, -305.9371876781117, 6, 5.807540860914145, 10.351834313332205, 6.47801119710259, 2.920907579824511, -0.257034542129487, 0.25121376583410604, -0.9331799869305664, 0.9639053055957784, 0.13601166305793957, -0.2288829162618357, -0.06942482262558423, 0.9583279560607948, 0.2771059772645577
106, 152.57460362906548, 50.62599392041405, -302.7668203026592, 14, 12.938733546717575, 22.803358854512748, 10.451702459679979, 9.088442178734693, -0.27673860330971684, -0.7977894899896677, -0.5356749715081085, -0.9461600997830913, 0.12880696939775746, 0.2969677258777722, 0.16791906090922928, -0.589016718180894, 0.7904824442622189
107, -120.36911070807957, 166.33848062392642, -54.52382259692689, 19, 17.484081632255503, 22.36244158584366, 19.531716449047053, 12.236827745221257, 0.10916422497528895, -0.5117592610714055, 0.8521652602008566, 0.610200907528426, -0.642249570128696, -0.4638645730393626, 0.7846897631784361, 0.5706294317480952, 0.24216528897803657
108, 54.51355072326533, -88.49067677091301, -88.88855383666966, 88, 33.534093299480176, 44.53467559545943, 29.365679647600757, 28.835092908012, -0.5870463647458611, -0.7262213147800084, -0.3577417610481969, -0.733694408125265, 0.6640385815687844, -0.14403221054275941, -0.3421535928853812, -0.1779195440285242, 0.9226459530764262
109, -310.8969169017325, 257.1028723009023, 295.1789707952898, 10, 11.391008209038459, 15.472121282520286, 12.99559613873753, 7.350898515073573, -0.48051834637008656, 0.8655098848997265, -0.14140282155112652, -0.2409430790170432, 0.024742426402653617, 0.9702238118132828, -0.8432369485948447, -0.5002803728676263, -0.19664942676724012
110, -340.2009234045981, 28.19491127189218, 282.0971843233425, 43, 23.202718591893532, 39.61958042149893, 20.606029508151135, 15.300739778894089, 0.02688392737926384, 0.9369451637763295, 0.3484408336071041, -0.9405008436788524, -0.09440420343822556, 0.32641386216360485, -0.33872616888577367, 0.3364841845456353, -0.8786597612629279
111, -23.763858192246577, 113.60627523028832, 171.69775829618825, 17, 15.034650510272488, 18.793125919158786, 14.230342334733491, 12.707661557836344, 0.25060798249671834, 0.5451151555803941, -0.8000281909192247, 0.8742276113680526, 0.22754498531357864, 0.428893183881899, -0.4158385776123159, 0.8068907898936548, 0.41953013068689077
112, 172.73095423724067, 23.62131986846552, 277.92206541031106, 6, 9.009053248430382, 14.02153837108019, 7.948603532867217, 6.560711813494295, -0.11379259785172546, -0.9584215399536867, -0.2616856825028057, -0.08301184259914156, -0.253303378171832, 0.9638186720514565, -0.9900304433008366, 0.13139844123710714, -0.05073628857147138
113, 3.6277975013755532, -63.339061451249854, -227.39343334314202, 248, 50.878048595308606, 70.19335998271482, 52.207824093275526, 35.93848064620629, 0.7634047816331913, -0.5746987439489251, -0.2948465585403831, -0.2722407154553758, -0.7002288877755258, 0.6599731036739264, -0.5857457914726535, -0.4235573850473841, -0.6910144783894884
114, -216.02258691318733, -276.36229691808114, 133.42711290656337, 25, 21.453286547360705, 35.74741700244134, 19.792543699097426, 13.955172905259975, 0.18902609919173932, -0.9819514200031048, 0.006367305414433175, -0.3697342494309177, -0.06516400601383396, 0.9268496302626359, -0.9097063914374298, -0.17755298103415487, -0.3753787691169745
116, 98.69286135696188, -159.365978051911, 95.38718037286016, 16, 16.48778996798245, 23.256792733530784, 16.657275283058187, 11.570005195056527, 0.15004825369829036, 0.4917164096265303, 0.8577298491168929, -0.5120994081633014, -0.7034525330715101, 0.4928577176772949, 0.8457184624453282, -0.5131953879559616, 0.14625585820691073
117, 84.9609884866165, 236.82676793735172, 351.65212336845053, 6, 8.02053762846781, 11.891349957607208, 8.897434843270922, 4.876570029724956, 0.41028720478590675, 0.21665246286556067, 0.8858476843810421, 0.820296874230259, 0.3367545373815548, -0.46228716149272586, 0.39846887923278757, -0.9163285938391434, 0.039553260241657444
119, -248.50429629200517, -109.90596687066547, 134.6286070855877, 12, 15.011718353244634, 24.79680269141216, 14.0115255519601, 9.736662435791574, 0.8796075580745517, -0.439558146255938, 0.181876826006414, -0.32530827223844777, -0.8347795072266121, -0.4442045726101104, -0.3470807856844858, -0.3315596633707689, 0.8772702649891324
120, -66.19199061132338, -65.97113609142262, -36.05846460874204, 83, 30.650638761911075, 40.058955124472966, 31.706102954754527, 22.671283426160958, 0.33689939752126247, 0.7702815113217077, -0.5414473097779285, 0.8593175292492573, -0.48657591733129535, -0.15753495040199914, 0.3848014811234002, 0.4122017345780506, 0.825843538532623
121, 265.12781484211797, 128.6483279637115, -324.29495475676754, 97, 33.48825514570863, 39.49600353504902, 31.239110476606815, 30.438675277621225, -0.8115565786767818, 0.49267125654839894, -0.3140874919150047, 0.5168196900272362, 0.8560621666022639, 0.007414506887824529, -0.2725313332565424, 0.15630930837048432, 0.9493650891570389
