# Void_ID, X_c, Y_c, Z_c, N_particles, R=(abc)^(-1/3), a, b, c, vector_a, vector_b, vector_c 

0, -289.56568870976514, 168.66679072971385, 249.7752647932804, 306, 48.479896804052736, 75.76707603602263, 44.1683807687427, 34.04811353675359, -0.07299473179794425, -0.9908781959611795, -0.11327916798098636, -0.8494812770957798, 0.12128172176337669, -0.5134903152249648, 0.5225450497263077, 0.05874644444414797, -0.8505854021035757
1, -77.90098895071931, -77.11198335861036, 302.8589305303093, 10, 14.218309111324865, 17.499591242874335, 13.753388261661573, 11.942802413855656, 0.04194847703460279, -0.44309524670088396, 0.895492561457414, 0.539757743476789, -0.7441843401988292, -0.39351143078655054, 0.8407745855051298, 0.49985624948970625, 0.2079466908002185
2, -312.1823738161936, 340.25917511401445, 190.3750023032661, 6, 10.090072537901253, 13.758913100700061, 11.482598139038428, 6.502173766808329, -0.8404228585019506, 0.24733384419246282, -0.4821984948383691, -0.34430793470566085, 0.44342776754603347, 0.8275408516006104, -0.4184990621329192, -0.8615090159053006, 0.287507826863457
3, -336.5838912163538, -331.0011364746077, -324.3913260130583, 63, 26.17125197929973, 30.175056892384568, 28.201368924183033, 21.064696643736433, -0.04981870611862258, 0.751691615416264, 0.6576304523313633, -0.8067463858382707, -0.41845871733225515, 0.4171960819872734, 0.5887939923755622, -0.5097568216331498, 0.6272715658635543
4, 17.76670932284213, 310.7330356433508, -279.13770923714594, 20, 16.98358854755657, 22.497789695617037, 15.127157454620951, 14.394321530612743, -0.4823246739797972, 0.6458280964759865, 0.5918352631201408, 0.06587616394437347, -0.6469622907335053, 0.7596710639433553, 0.873512014739498, 0.40539593506972765, 0.2695011983919257
5, -289.6829331690594, 76.1641590333874, 335.1196589187689, 98, 29.404242169245066, 41.51616118954469, 31.914999555084783, 19.187480014709646, -0.8133485257094868, 0.5108807750734319, 0.2783253660494742, -0.14486083873303338, -0.6411800956183424, 0.7535936719376135, 0.5634532040265339, 0.5726158560878515, 0.5955095030551655
6, -348.02592168726034, -270.48877095662874, -346.1214316444906, 21, 16.830066786148933, 23.974496160751205, 16.25283213395879, 12.234295876642724, 0.013350530030170303, -0.9175509194927236, 0.39739410348666593, 0.06429651855283644, -0.39581927122643823, -0.9160748125714167, 0.9978415310308038, 0.037781141642735515, 0.05371093265130732
7, -152.82236986867107, 225.46149835444723, -35.47541624004874, 6, 9.000081354159441, 15.208421342596255, 9.057096975188973, 5.292564406094335, 0.30281106331437513, 0.5585179570639043, 0.7722455254461371, 0.8619467844273828, 0.18523071356882556, -0.4719505520349337, 0.40663644788645337, -0.8085463959402367, 0.42532284780192736
8, -48.26731003047924, 243.992298793219, 252.44794701613358, 131, 36.25442671958652, 62.30508396929576, 34.372200647827185, 22.251141855945498, -0.9592752873098322, 0.22727024771686788, 0.16774730298682133, 0.2101090952038984, 0.9710053591898873, -0.11402964762340148, 0.18879907645229072, 0.0741405889323215, 0.979212991030823
9, 169.5400001435235, 349.42686409566795, 338.7132268100102, 39, 24.943429455774286, 33.69814555365269, 30.41473275142519, 15.141834176413019, 0.774179157331387, 0.3178549229698659, -0.5473708800233021, 0.6087195787272517, -0.1368167494366988, 0.7814996171129536, -0.17351399605732443, 0.9382160865266572, 0.29940519059432286
10, -308.55203974626374, 348.60737752859626, 61.91037429092739, 41, 22.154448413279592, 33.03754722226313, 24.07027773771681, 13.67394808848932, -0.6997004371399015, -0.14701001802592026, -0.6991475901884018, -0.6959466793242506, -0.0809431527198719, 0.7135169413302784, 0.1614853485731148, -0.9858175595046914, 0.04567517453096004
11, 163.62882899766254, -235.48927302283877, 293.50963521678295, 71, 30.430321088124124, 36.03801193821519, 34.06207254440932, 22.95555040290684, 0.6435351142247282, 0.5583364660373679, 0.5235675194783086, 0.4846239871345539, -0.8266779706723852, 0.2859075443194783, -0.5924543424210619, -0.06974183463237915, 0.8025795466173661
12, 154.5250818244501, 192.52575928307976, -182.4591575136195, 12, 12.30061959441988, 13.81751110336323, 12.195028153956146, 11.045066473836215, -0.7810207235363176, 0.616151831647328, 0.10180152142502479, 0.624502082300823, 0.7710775853872653, 0.124243738334295, 0.0019438643837709668, -0.16061219652002756, 0.987015675519021
13, -54.38977952176585, -134.4365878212594, 353.83859958358227, 19, 15.14113868936794, 21.538245804692043, 17.164326930992956, 9.389414367915782, -0.8119745380027061, -0.5835163795640879, -0.0143521571797063, -0.578852897736432, 0.8081581242223612, -0.10867276124001908, -0.0750111486209045, 0.07993172732910134, 0.9939739667359295
14, 299.695922629515, 186.28521329293633, -142.54933064269272, 89, 32.15930714695968, 39.790574750523554, 37.24538331869608, 22.44230137242501, -0.9808266109201942, -0.18961977953082015, -0.04498331381178111, -0.19182768539722622, 0.8986725215273343, 0.39444877762118313, 0.034370022198841485, -0.39551490270580875, 0.9178162470296904
15, 49.202418264219055, -314.60547205230756, 72.90058527294055, 7, 10.166971403470765, 18.05462766640632, 9.486886599890898, 6.135678005286242, 0.8063692728144404, -0.23335852685700653, 0.5434265302723436, -0.28610692686334555, 0.6502607922864397, 0.7037781812587145, -0.5176016057370014, -0.7229831947964909, 0.45758483123934185
16, -200.97678574498096, -249.32555108603452, 95.87571375551589, 7, 11.381469075946667, 16.0596853807394, 11.224087572139261, 8.179125815559765, 0.2811085179735236, 0.23713106630990766, 0.9299176622225515, -0.508342809703831, -0.7850889985908484, 0.3538684107320597, 0.8139813197765318, -0.5721923817059646, -0.10015133235514796
17, -160.86848294290485, 273.9442917461598, 37.521803684362936, 68, 30.241630232967847, 40.529888383394045, 27.981783139315404, 24.387360750244486, -0.36110713944577316, 0.6483565040849453, 0.6702503095501257, -0.09491253240121934, -0.7405694693605206, 0.6652431677546673, 0.9276816506940723, 0.17660890312162872, 0.32896208034315483
18, -30.7275468732288, 211.58598689209148, 211.29959596651906, 5, 6.994407315426468, 8.623250342458938, 6.845481008027054, 5.796659556705434, 0.8734769304286865, -0.41723345916693383, -0.2509069400404741, -0.40036544934215174, -0.9087968195635943, 0.11745572665542042, 0.27702988824662406, 0.002140397787880437, 0.9608589176957107
19, -197.73661825809165, 179.15611440827576, -206.8995781918223, 62, 26.54195857024805, 41.97932412528242, 21.991125807317378, 20.254242046150857, -0.7068629003530011, -0.2470763104102984, -0.6627956977369248, -0.6516447321732133, -0.1370151474092998, 0.7460469103289076, 0.2751435682247441, -0.9592602077718233, 0.0641550516336322
20, 214.4071460966736, 216.21381296370114, 238.6404043947373, 12, 14.796423200200467, 19.082790940814963, 13.780751126509179, 12.318432576735415, -0.6848918241301469, 0.5222999943258891, -0.508060926628742, -0.10571175754444562, 0.6186660104928992, 0.7785097249088572, 0.7209356514672749, 0.5869029590894704, -0.3685060420881581
21, -351.32892735201347, 268.8471483354596, -221.00905638355624, 23, 20.60217874066819, 30.926344021945024, 20.525386041173135, 13.775885848744297, -0.09279869104468672, -0.7493406071245382, 0.6556501029166557, -0.13889392031171785, 0.6617955438827371, 0.7367055972350112, -0.9859497359606293, -0.022700498038172822, -0.1654926147838149
22, -319.29455842470816, -171.82700617865245, -144.31012800979025, 28, 20.858282326783065, 28.92989156353137, 20.047568025184173, 15.64685734447591, -0.734835849214024, 0.653808928272356, -0.1804166290042502, 0.6518387736971862, 0.6072807085373207, -0.4542206007474319, 0.18740994588028878, 0.45138013508545444, 0.8724296452066403
23, -65.64928405000951, -94.75732990121837, -46.26987567427176, 12, 16.09028467187328, 21.138065085067385, 18.835137030288923, 10.463022720475339, 0.16760981081050613, 0.4818467553221132, 0.8600759592650046, -0.6076255126542599, -0.6365167605506308, 0.47501331550786957, 0.7763363882311037, -0.6022209876147473, 0.18609592790978308
24, -115.37869085510084, -326.6393764363811, 81.33307577593997, 153, 37.14057585807887, 73.62828257676628, 27.811125310359856, 25.019732783911884, -0.5578676636738705, 0.3677359063771323, -0.7440120785229539, -0.19866030563173065, 0.8112446584553625, 0.5499238011706253, 0.8058025519898561, 0.45459037307078, -0.37951263472775754
25, 198.56531680495019, -261.2691243089776, 276.962062625275, 23, 15.079048948442608, 17.76849829850032, 16.248046267892047, 11.875994309494326, -0.8311450874114713, 0.28301587004006423, 0.4786437725252918, -0.3436192405199493, -0.9381715500319971, -0.04195188023263251, -0.43717692209936027, 0.19933930875777164, -0.8770063732765593
26, -54.09176918758003, -260.3389434299024, 188.37319638363334, 89, 31.899321748398954, 44.81789118083963, 30.88160574986109, 23.452711175904124, 0.23624555055941807, 0.9544436213742029, 0.18227839548057984, 0.44701257715065773, -0.2733117046372123, 0.8517514120783296, 0.8627675212419651, -0.11974174596354621, -0.4912169770718403
27, -117.46718182210363, 227.8672693957427, 288.88693408339265, 29, 20.653710691561553, 28.708707121852022, 19.635356311714244, 15.62938346271072, -0.8289406275865345, -0.4215204291145971, -0.3676655596809255, -0.5295751123135237, 0.3798986106760225, 0.758437371194581, 0.18002121084628125, -0.8234060805249582, 0.5381401213438419
28, 13.34156146742012, -264.0311470246838, 166.17490642040673, 6, 10.853122792367955, 15.305753789356384, 10.759019481972276, 7.7631277525473035, -0.9066473365512521, 0.373917546026152, -0.1953875018989215, 0.3955756706829024, 0.9144362586195504, -0.08559332734302771, -0.14666456930115226, 0.1548935043688376, 0.9769838823727074
29, 152.53292590181675, -127.70519569194882, 22.293040274862523, 44, 23.387829712808287, 29.396519639050847, 22.312802628808587, 19.50382221935829, -0.8834301654608399, -0.27492009035112946, -0.3794339029068961, -0.4628302972468727, 0.6382757368055669, 0.615135919741062, -0.0730702313134731, -0.7190431334256925, 0.6911133869121314
30, -344.9362707360986, 12.289155690747558, 352.9665474078097, 16, 17.186029897260166, 25.460376129741928, 14.893483820781023, 13.386454792590518, -0.6175787314358093, -0.7595892064140285, -0.20401163686771143, -0.7301802975721567, 0.4573281026961314, 0.5076295297968721, 0.2922896568740896, -0.4624664787675567, 0.8370731822850163
31, 245.9681136087553, -295.8867762176826, -6.360078193185576, 13, 15.395992288938972, 21.053133727420274, 13.910566870775401, 12.461246221726563, 0.6369641946305965, -0.4559161993105588, 0.6216245120366558, -0.5327701343849202, 0.32245862251824153, 0.7824170375644388, -0.5571647859171189, -0.8295546130122198, -0.03750393798092673
32, -250.92439550427517, 231.60710510801152, 118.35331793215867, 6, 8.709989925295277, 13.793650923245453, 8.434950444648901, 5.679252677768361, -0.8945233482508749, 0.44341578270407167, 0.056660595504985145, 0.4416064331517653, 0.8962292589635933, -0.04191507576688685, 0.06936668965014321, 0.012472330435973126, 0.9975132597316572
33, -220.52848201902304, 131.07104451620728, -121.12622626206047, 122, 36.42492578104792, 69.81403074305625, 27.094579801889356, 25.548822764620173, -0.5129897148524104, -0.5332429278974576, 0.6726763949351795, -0.8532937538927905, 0.2314758119407801, -0.46723518494855076, -0.09344154334766089, 0.8136774104850798, 0.5737575704451335
34, 163.12277125756037, -13.924869289697495, 305.708713571509, 123, 34.906358464169216, 44.85548746757825, 41.006695130855846, 23.12295226700412, -0.8783358282909016, 0.04525647698822907, -0.4758970729382033, -0.4314220461341103, 0.35376861909743484, 0.8298932354534235, -0.20591549443884408, -0.9342374513112328, 0.2912030111751909
35, 305.9504015500466, -240.94689054012397, 345.29814729417785, 17, 19.944264148215566, 21.103769248955444, 19.660531802273272, 19.120478733084042, -0.07202482179855144, 0.8886775858002851, 0.4528405608390926, 0.13444954643714427, -0.44122526171529003, 0.887267483844145, 0.9882994204732354, 0.12478949042468125, -0.0877031274916426
36, 149.58714535102925, -126.51326468311312, -286.4193059861578, 21, 14.37355349550568, 25.814062128286952, 11.279700413039283, 10.198552433098302, -0.23511465155213385, 0.9480003566902532, -0.21451439191968338, 0.9699316464716607, 0.21455913129231693, -0.11487811084736542, 0.06287846847921837, 0.23507382434937146, 0.9699415422114205
37, -219.06044268915306, -72.59563788791188, -234.13813088156954, 135, 40.22595000320694, 61.29541097972478, 40.38231268770962, 26.296610871644628, -0.997327926074867, 0.003068779001071137, 0.07299034502348595, 0.007286951376291241, -0.9899558369035543, 0.1411890269115238, 0.07269049601457199, 0.1413436364893235, 0.9872882396813656
38, 181.8052649321316, -178.057007946668, -109.67413769608416, 110, 37.84380283607007, 57.95597632598911, 34.21866163635515, 27.328957659182123, 0.46885010987291564, -0.3034870524866254, 0.8295029737409838, -0.49072677989675184, 0.6913469119178492, 0.5303080942940799, -0.7344159597696115, -0.6556943314949687, 0.17520885160586575
39, -29.778457788831712, -306.5400871090008, 143.23610769699695, 10, 12.779043487067199, 16.074003885961055, 13.099757046808719, 9.91077767828134, 0.5547746954844591, 0.5193478132504912, -0.6500022200900997, 0.4658526220740738, 0.45340527868660113, 0.7598716916465805, 0.6893521391544639, -0.7243628249234348, 0.0095982348432275
40, -3.886796450138656, -146.3902147720339, -57.69868908180692, 18, 16.94298631925215, 22.54272375035983, 17.509851162772463, 12.32199524831619, 0.5046448708889106, -0.3975675613809461, -0.7663377769776996, -0.6544017880079832, 0.40282482738851677, -0.6399144148176116, -0.5631090961238946, -0.8244223387178559, 0.056885440013339
41, 18.71791927961845, -110.77069427469108, -250.39002098927415, 75, 30.05284432215709, 41.08899804047549, 32.21442093925761, 20.50599582849006, 0.19862399664993222, 0.21558099446990367, 0.9560718292984973, 0.6935747038888013, -0.72015238088991, 0.018294218325899343, 0.6924612899508318, 0.6594735651426529, -0.29256106849283503
42, 332.80754777576544, 318.4144618619831, -27.673954201611174, 71, 28.374434464635616, 40.452668584944746, 25.480144449165447, 22.16320587697523, 0.3203210725176185, 0.5772158245571027, -0.751143330118844, 0.8506353897028927, 0.1737044015717543, 0.49623201696344293, -0.41690987549609626, 0.7979026712296824, 0.43535902765231216
43, -138.0971879399832, -106.23855168677044, -281.7108477413852, 12, 15.864929116474972, 21.257220697668917, 16.44623925405531, 11.421978087921763, -0.7888731599288914, 0.5992340375224973, -0.1363734058322662, 0.6119561353206159, 0.7863411659992315, -0.0847187057173628, -0.056469690872735186, 0.150286855477965, 0.987028386158819
44, 208.45338596681023, 289.29165380437945, 203.76690172440308, 40, 21.430348544597607, 24.333653374617192, 22.730149424896133, 17.794184750779298, 0.3177812315475559, 0.9425524404351955, 0.1030047858391824, 0.3677748968568009, -0.02240095597683715, -0.9296449980574808, -0.8739317559844642, 0.33330630687249363, -0.3537657299413415
45, -3.3869441345994726, 192.29849799365087, -71.6530892392442, 31, 18.475573691155066, 25.543302020400375, 18.599442841956623, 13.274458826966022, 0.7140244641042335, 0.5130018785319832, -0.4764432151718802, -0.3860766679848183, 0.856204054031143, 0.3433066039247946, 0.5840495450716509, -0.06118570489331255, 0.8094086967770399
46, -341.95881465915875, -267.6717246565322, -130.28298964395498, 8, 9.838063511098587, 16.180286409914174, 8.39671446712439, 7.008632297833541, -0.9852118288161021, 0.1279577704027908, -0.11394938066693543, 0.1709328494092364, 0.7798696079231496, -0.602150608760493, -0.011815809480132852, 0.6127235948054711, 0.7902089489590648
47, -145.5180055590303, -310.55627986830086, 152.50399858657454, 13, 15.151992043355968, 20.300005506530713, 13.31604276915921, 12.868794439683843, -0.10455055509177295, 0.10122031163867454, 0.9893551586471725, 0.9901716052975881, -0.08232684523707902, 0.11305964185202295, -0.09289442121246873, -0.9914518339612267, 0.09161816109549765
48, -287.080777395227, 268.15810071445225, 186.7777355013255, 70, 29.29820983716167, 46.328796179808386, 25.975379386970694, 20.898270223627932, 0.15720188601786994, -0.6986790282526588, -0.6979507020645119, -0.6021714438984355, -0.6279691370884608, 0.49299524847370213, -0.782736941242521, 0.3427861991741997, -0.5194424919757797
49, 79.81134138297492, -51.79243794297961, 112.71994238123128, 5, 7.021164036948551, 9.400643389771826, 6.730567428629667, 5.4703876291679565, -0.7671316870358226, 0.23731699586339386, -0.5959778672232273, 0.09924997073706078, 0.9617745708502698, 0.2552236630378769, 0.6337652704702786, 0.13663937331586737, -0.7613614539793708
50, -117.610808971957, -302.2827555441595, 124.77437753563393, 68, 26.063635913920326, 44.2124568904375, 20.892667355112142, 19.167543690898025, -0.28439567858264764, 0.12911005736876377, -0.9499735212571716, -0.17855185175497953, 0.9664205258688696, 0.18479881875760296, 0.9419332960663316, 0.22217551680050562, -0.2517929814272922
51, 81.84683138867366, 319.2371752991734, -35.11094958129621, 10, 15.102660772716858, 19.974300463440912, 15.530135129915125, 11.104872838613487, 0.7452214483742954, -0.3366790141306991, -0.5755799113302148, -0.5427903241326256, -0.8076668951323868, -0.23033204409115435, 0.3873288743573307, -0.48406758613977724, 0.7846368046031823
52, 242.01896974308485, -209.47613419273725, 224.45688329537842, 7, 12.970345273399657, 19.884625636052156, 17.4407964029981, 6.291741635152625, 0.8634440996905266, 0.44040527385294786, 0.24598268530960876, 0.4459633107935668, -0.8943351056187947, 0.03579726642999316, -0.23575625577205198, -0.07879031425453832, 0.9686129641110601
53, 300.39470467442067, -180.09176386306154, 256.80472030743556, 7, 8.352713499937963, 14.233925645472546, 7.528566201959765, 5.4380824666436345, -0.37197970727019425, 0.8847880884238482, -0.2806797747655739, 0.0973750301684568, 0.33790481186171517, 0.9361295004540723, 0.9231192777094804, 0.32088997601042524, -0.21184999980447408
54, -191.8221386949174, 161.6673672195387, -355.067847787121, 5, 4.966917464760007, 8.232813491560343, 7.055043358535967, 2.1096619311277984, 0.4200223096202201, 0.8731667040076975, 0.24730783738820314, 0.6517238294789537, -0.10057983069997051, -0.7517577719888587, -0.6315356755644014, 0.47693144650850927, -0.6113093209012246
55, 245.74573261355823, -90.12550571184626, 23.512444134048835, 9, 12.130364418563973, 16.76795415848776, 11.988807580609187, 8.879029038942063, 0.5083394638096729, -0.861031852450167, 0.014667603755489785, -0.3384500400922894, -0.18409567851068784, 0.9228002771538473, -0.7918601896138117, -0.4740600491709079, -0.38499936348629793
56, -104.7022861961712, 138.27936063688702, 314.74031835066194, 53, 27.661595754610005, 37.43554609167556, 26.546547407174277, 21.29803186363126, 0.8270937680568666, 0.4731366275291616, -0.30341000400749063, 0.24813480831864818, 0.17699475697986597, 0.952419011203738, 0.5043262988801614, -0.8630264119318536, 0.02898959409630822
57, 103.39167524696444, -104.70322871579803, 237.9307341799913, 79, 29.982302454120383, 44.143748735475626, 25.902083063055564, 23.571707309856937, -0.8970529843302916, 0.22216205823413218, -0.3820208936501924, 0.4136887297222235, 0.7261845192000186, -0.5491062547222085, -0.15542708324140533, 0.6506151427344823, 0.7433319297861881
58, -296.51552613640024, -117.24520433617525, -83.7608985881332, 5, 8.034861227963745, 16.08239685538519, 6.687380884118317, 4.823122660314522, -0.9710990565056691, 0.22758708828766505, -0.07190785561078802, 0.23863676493856487, 0.9203040954614438, -0.3099884938131571, 0.004372284695157142, 0.31818939190619905, 0.9480170852916671
59, 206.18175612540065, -262.95232542171226, -300.0504243529567, 315, 52.49734830150282, 82.50424112488125, 50.17956844693227, 34.94692000144061, -0.9219557778634208, 0.11162101947985388, -0.3708615532439739, 0.3869895431326569, 0.3035378047931527, -0.8706916185236491, -0.015383015641681012, 0.9462587114904846, 0.32304460026153625
60, 157.94995520663073, 102.34698267666404, -12.543521933066561, 21, 18.121159648629312, 25.113504389355054, 16.598772021371794, 14.274952778661257, 0.7842125911530909, -0.6020385497292797, -0.15020052102712755, 0.3697887343687558, 0.25907716599327735, 0.8922641503472195, -0.4982638897320465, -0.7552672419089536, 0.42579864899777864
61, 159.02395307984375, 291.872332572138, -38.77287263124073, 34, 20.38945955753498, 26.01044078725028, 21.76178025998021, 14.975282051962093, -0.9817875203340231, 0.1496386190499139, 0.11705361423384045, 0.1889366634575703, 0.8335972404302949, 0.5190554671213069, 0.019904826497381276, -0.5317178992998377, 0.8466875890470327
62, 238.76737519960741, 327.14186861916556, -148.7527880059069, 13, 14.403014938265454, 20.86615559269376, 14.10505983493513, 10.151795463617937, -0.13794374855921965, -0.8539232117253752, 0.5017834898739205, -0.8466182767581326, -0.16126568854372236, -0.5071793284013153, 0.5140126610235599, -0.49478129125416526, -0.7007014044030023
63, 256.17808373903887, -179.33598942879468, -8.445302254740046, 8, 12.639064411106562, 17.114408695248244, 14.51702874773241, 8.126530050443765, 0.39070728341861083, -0.44796135045661933, 0.8041631968579086, 0.0452654042522292, 0.8818942489466385, 0.4692691944425147, 0.9194013605936917, 0.14694611996213638, -0.3648396578862307
64, -16.524291112885514, -73.48679138458867, 269.5547766344836, 22, 18.62521392033908, 27.431024573156126, 18.140863492113102, 12.983860003554097, 0.20444638248723226, 0.3134951172612074, 0.927320057014441, -0.29211458191138034, 0.923704198580732, -0.24787017682461757, -0.9342755202415527, -0.22020754977454685, 0.2804244769981158
65, 88.82634261940356, -13.095037089701899, -304.35448235624955, 147, 43.03814773236939, 69.11426482241171, 36.496318442621, 31.60413919355083, -0.39366560860096206, 0.38978134545775, 0.8325250094369421, -0.0913724307689348, -0.9177598561794277, 0.3864814682244058, 0.9147012996056201, 0.07607462861337072, 0.3969057613352665
66, -154.03654388836037, -242.78054102783713, -303.12436291354066, 9, 10.898863382183094, 16.643883530928832, 12.535268634996063, 6.205193267266157, 0.35485068674553405, -0.6403512312848377, 0.6811984224205273, -0.7085374752067036, 0.29116975937057105, 0.6428023160006454, -0.6099636352635565, -0.7107534536110787, -0.3503910555878837
67, 11.179726976887903, -76.64471133611355, 102.66027531168118, 50, 25.348879572071876, 36.343520286390785, 23.49170177844113, 19.078087403004425, 0.7655902633802382, 0.11397419222054801, -0.6331519818535287, 0.5086477526144646, 0.4953436165915684, 0.704210313231949, -0.39388959414743624, 0.8611878918155199, -0.321257533161027
68, -346.40918850052174, 208.8005573443548, -266.78745949833694, 21, 13.433729040584, 15.652366442968699, 14.22365680921133, 10.889262849171333, -0.44053326662357, -0.7766617845051152, -0.45025205550590913, 0.13649388187729194, -0.5536570044184038, 0.8214824049658687, 0.8872991948649757, -0.30043367645416935, -0.349913910618308
69, -117.3695638021477, -234.9527617202725, -305.0136278844339, 11, 11.801986003711578, 20.617996729747993, 11.708648939703494, 6.80944998924877, 0.6981157274532889, -0.4166154895819617, 0.5822937101864895, -0.6019366561061534, -0.7818877522271284, 0.16224612461612478, -0.38769407155398655, 0.4637705000941638, 0.7966242716138529
70, 9.49128709823307, 163.46288909503616, -348.947669630608, 32, 22.380328465766457, 34.01724844141176, 24.048185320820636, 13.703070012626176, 0.8705563861436765, 0.33847967436680226, 0.3571597521908166, 0.3601517381190137, -0.9328729158040457, 0.006232855614483678, 0.33529435437286326, 0.12320565327857796, -0.9340225173548461
71, 194.24231759794122, 36.218654092974276, -337.3698722596868, 11, 13.81439449077535, 16.627130647081074, 13.86073778002515, 11.43910126309695, -0.8828311123850727, 0.14755894367021163, 0.4459098397073856, 0.4688143370594125, 0.21887168782318026, 0.8557501397236088, -0.02867654742953249, -0.9645317736665618, 0.26240448398447386
72, -84.66238099174265, -68.09221344616051, -17.634166243256853, 32, 20.91698879490129, 26.894898110326423, 19.062143559391544, 17.850724691622773, 0.7755181575261054, 0.40811677733512075, 0.48167653399860594, -0.30714117668401075, -0.4226852755714102, 0.8526438033553532, 0.551575819749629, -0.8091834488376031, -0.20245063890935774
73, 5.217443185276688, 111.77315530112277, 148.1950500448475, 13, 15.670638607245792, 18.20260505310442, 15.612978226572464, 13.540689677403876, 0.5485712538444742, -0.2355177643516989, -0.8022474444523204, -0.6205196921932796, 0.5284062544437185, -0.5794326033846541, -0.5603792386017347, -0.8156704070514862, -0.14372507089788752
74, 302.7448459823215, 175.18566422525328, -28.620478666164423, 11, 12.819320320728929, 23.615757441149142, 10.612684376758503, 8.405583576426258, -0.08040588220568753, -0.9958667061923548, -0.042242130679155596, 0.045124129947400164, -0.045972658043267015, 0.9979230068541995, -0.9957402808981944, 0.07833274034544263, 0.04863409078782237
75, 148.3640809894892, -195.51901166904554, -3.342384752099642, 8, 11.991169755341955, 15.219188588173576, 12.758951876255967, 8.879288266235077, 0.313359196756253, -0.12862403013848686, 0.9408835595753652, -0.06649169090319246, 0.9853812946100243, 0.15685202986734662, 0.9473040002286015, 0.11171196490800016, -0.3002258617229425
76, 141.94146419763132, 56.59747394045058, 197.31678091444368, 6, 8.508099426089679, 10.57643034190683, 9.188169567970629, 6.337669015284453, -0.9729853056122837, -0.19871171851633898, 0.11752977489493466, -0.21338765033430004, 0.9683745378528865, -0.12929216961214182, -0.0881209722335021, -0.1508787836724932, -0.9846168223680375
77, -40.33612866056475, 42.517096607106375, -105.5155592169481, 86, 32.593567327100764, 38.63802592509023, 35.99617141240265, 24.895706046146845, 0.6433348947050752, -0.7040162569170761, -0.30080113572139194, 0.14002330804526966, -0.2780746855381095, 0.950298870075589, 0.752671034688375, 0.6534795936059147, 0.08031646332962898
78, -96.02069724732644, 66.47489711209074, -148.98588501168518, 8, 13.900624717647716, 17.353882522121197, 15.390103599479964, 10.056914533731677, 0.7407649491173982, 0.5610632962571797, -0.3694255916312871, 0.24775972527972856, 0.28297755102269523, 0.9265737014110162, -0.624405644343813, 0.7779021038731198, -0.07061096303947507
80, -331.10169007726256, 252.38314038324586, 142.68973744915476, 38, 22.991458625793967, 26.321446572628734, 21.589845302397283, 21.38652826374351, 0.048388463190656955, 0.9771928207990483, -0.20676737559113428, 0.7117672330454866, -0.1789664126676557, -0.6792337072758113, 0.7007467178608844, 0.11430316756621212, 0.7041937398837967
81, 119.84770085641183, -215.2599249395957, 203.54278642758405, 7, 7.86767094121053, 15.750169578822861, 9.028735326934802, 3.424730540612162, -0.5022784622002966, -0.7627229926889041, -0.4073941369649143, -0.8587188993939803, 0.3846273248795931, 0.33862024862603685, 0.10157853234466604, -0.5199187026638395, 0.8481546700850344
82, 153.5196979824506, 278.518563166778, 326.85801913469504, 221, 44.37753437613237, 56.00993818912501, 41.77925858562888, 37.347684822689885, 0.8833632823826437, -0.27218056254186196, 0.3815587146332233, -0.30068243317746096, -0.9535919518631177, 0.01588910697210434, -0.359526613363523, 0.12876385640498775, 0.9242080304601727
83, 261.29434660565516, -98.98195234040841, 288.96456964561776, 53, 26.644795141156983, 38.25582530337739, 23.616090000280803, 20.937825970594982, -0.404747992819049, 0.07421231188292017, -0.9114118690657607, 0.03978478685177074, 0.9971866867219575, 0.06352859639283483, 0.9135623859617418, -0.01054725506834329, -0.40656183092662895
84, 268.5611644343573, -344.8959483963955, -115.1577929805713, 17, 15.092711626603458, 19.440531838123622, 14.921363909867525, 11.851823038149874, -0.6520341099329076, 0.3036817232401858, -0.6947149994450043, 0.007647534545973218, 0.9188689467344576, 0.3944887500835437, 0.7581510632448978, 0.2519072640814073, -0.6014563122984503
85, -73.54190227448743, 69.94845592496625, 185.74907307080784, 6, 8.65594246263263, 15.991339874105108, 9.252042949995605, 4.383495741166729, -0.2946290450741825, 0.7566555317282669, 0.5836661135475393, 0.9489191347754731, 0.30381337392351065, 0.08514640028903517, 0.11289907641625295, -0.5789385460739568, 0.807517156730512
86, 217.02444719699602, 335.9426833158755, 193.1445623653858, 7, 10.999152456163488, 16.513356275278042, 10.242996524728689, 7.867111200527522, -0.5938593112013942, -0.7894660346696772, 0.1551595907520436, 0.1026099131517425, 0.11695777109981677, 0.9878218895642851, -0.7979989500133429, 0.6025481390580332, 0.011550579868718608
87, 296.5184749014381, -61.7101698205875, -134.46320363875822, 231, 45.86958028541433, 62.00933775551713, 46.07291175999374, 33.780925634934256, 0.4402638413083587, -0.42090634355985324, 0.7930987328116741, 0.4726506888809697, 0.8596634535093154, 0.19385580466104677, -0.7633931335404799, 0.28951096119406655, 0.5774204075123555
88, -355.0647971511444, -162.8431064012447, -177.22029187688176, 5, 10.481320188221288, 12.52190780155765, 11.0786628038734, 8.300229844340558, -0.7164375013215073, 0.5305547242582646, 0.45302206487921964, -0.19827897596027744, -0.777424298188737, 0.5969061134532745, -0.6688817192840149, -0.3378211733343336, -0.662173769077781
89, 87.73241277551959, 351.3381461766872, -207.7217648605094, 7, 8.177023304067415, 12.461083239287088, 7.645961825850067, 5.738492045062742, 0.7635102388244409, -0.597160327907395, -0.2458691887646311, -0.5508060500126682, -0.4034041698342481, -0.7306693992701371, -0.3371421220786386, -0.6932998042217186, 0.6369227354918641
90, 119.05652701339787, 231.38374795415, -58.783570183007434, 13, 10.651155243069082, 14.83879079161835, 9.403447799557112, 8.659733243535559, 0.05999689679740874, -0.5152784693543411, 0.8549201549820477, 0.8489302365737156, 0.47686997994784885, 0.2278430943773223, 0.5250883980870044, -0.7120976908011888, -0.4660461918630366
91, 253.71915559541003, 174.12816429501507, 307.4214788278169, 11, 15.564350936271111, 23.564630624794678, 13.824885121460708, 11.573664149246854, -0.41801191190869563, 0.7483107307331867, 0.5150699872561021, 0.017351989417102854, -0.560301571369222, 0.8281069119289183, 0.9082758116154507, 0.3550960424881485, 0.22122805121310815
92, -340.12506114782246, 101.0452397911643, 212.27499279714684, 74, 29.083830868103195, 34.21117659258342, 28.00436247547354, 25.67799619722617, -0.19290924502415188, 0.8702155140817444, 0.453333191191266, 0.21288487782516083, -0.413887555930035, 0.8850859392395908, 0.9578444821460208, 0.26724904134104416, -0.10541298745749596
93, -356.31361554974734, 112.16260784372867, 337.78686060035864, 5, 4.6091098149376215, 8.771038328569173, 5.520261383641554, 2.022276410513049, 0.09015845328058837, -0.5755067144508157, 0.8128120784806776, 0.33970952127275605, -0.7494192479372518, -0.568302940321268, 0.936199174566335, 0.32735731615956076, 0.12793863020261906
94, 72.88062206952448, -36.55955256380537, -115.79039009130521, 47, 21.8265563088039, 30.24002367387856, 21.261712957739626, 16.172430110975647, -0.09853195561601535, 0.8551714001628293, 0.508894222865646, 0.5034906367679842, -0.3982579675942437, 0.7667383973264104, 0.8583639277191544, 0.33177171005263295, -0.391329656427031
95, -229.03121870965197, 10.371860037419351, -305.02631704650156, 11, 15.895574778774384, 20.46957265486571, 16.017469723885664, 12.249716047509567, -0.8389814400048866, 0.1445752447042883, -0.5246028421063137, -0.067084649393852, 0.9292258363160515, 0.363371703546711, 0.5400090676488969, 0.34005491283236955, -0.7699044506401678
96, -82.09715932738871, 110.0178355347252, 274.5619807031284, 5, 6.930461232695117, 11.210168648247318, 7.5272398749117375, 3.9449228402625915, 0.7306012903841842, 0.06023343487897592, 0.6801424025979009, -0.5614567453503032, 0.6198595433341633, 0.5482157145122779, 0.3885718435368289, 0.7823976481689111, -0.4866886505253097
97, -101.7789451718945, 343.331807629968, -108.42274119303592, 31, 20.32416307894711, 28.01737288222108, 19.973223671963577, 15.002458609786885, 0.8375540906152632, 0.5322395331715175, -0.12338648476638199, 0.3384818894015299, -0.3282074697191997, 0.8818786012641939, -0.42887428908808406, 0.7803851204052299, 0.4550449516358853
98, -52.804531766338904, -247.8774457850474, 6.5672409588529534, 12, 10.501808818343388, 15.005052575414052, 9.369572616234578, 8.238251017167947, 0.12531538910280954, -0.1484397679679005, 0.9809493812321037, -0.4884086459667831, -0.8698639732516878, -0.06923628083368223, 0.8635699437792546, -0.4704277875768215, -0.18150660835537705
99, -45.82712856326475, 224.2568884507622, -289.5332373046354, 6, 9.734986056816638, 15.300927782944965, 9.69492934269795, 6.219329807945816, 0.8584191830298609, -0.2835427840722967, 0.4274575953318377, -0.36199646265623703, 0.2555437955872355, 0.8964685881620398, 0.3634213356845163, 0.9242839705076574, -0.11672221139047154
100, 355.2048684358412, -300.306122491323, -132.67650699342073, 7, 9.032559123363791, 13.70719359023871, 9.688110229215695, 5.549384552820195, -0.5071534698437535, 0.7612441923002664, -0.404107210668847, 0.0638735638403013, 0.5007891432307133, 0.8632093615482789, 0.8594856170220535, 0.41196785519183776, -0.3026003311644866
101, -279.78115061491593, -19.69636837169899, -193.84928591146033, 30, 19.861749473735603, 29.268791951725, 17.484186304763412, 15.310954846334244, -0.021417155643706276, -0.043475850923607715, 0.9988248874705724, 0.07222226348214608, 0.9963765989623614, 0.04491789952472374, -0.9971585882404308, 0.07309940784073377, -0.018199628339208695
102, 211.88214691178135, 352.05838963306826, 179.82838469267094, 9, 14.152622984022484, 21.999791716550877, 14.227477114569947, 9.056582501686123, -0.7713243113834936, 0.2373770132790779, 0.590517535925466, 0.6190743656797499, 0.0645557408521108, 0.7826745722720587, -0.1476676553175895, -0.969270194470943, 0.1967474362813045
103, -314.3939400509242, -303.8950672619971, 131.8161328513834, 18, 14.790986758977397, 18.17008069667199, 16.21714438703272, 10.98146306854582, -0.16687598747110774, -0.8380748782915712, -0.5194062987509017, 0.9846513892630451, -0.11433590612146408, -0.1318671384149184, 0.051127746164860426, -0.5334395925950302, 0.8442915104536761
104, -3.5772728567768635, 275.5487880450015, 348.6573851423305, 33, 24.924572209106284, 35.419306057685574, 26.462627174335363, 16.520003419815808, -0.798773853246334, -0.6015777011941832, -0.00803746203263601, -0.5989926781522792, 0.7939496664815583, 0.1041714865679771, 0.05628590311937484, -0.08802384063277778, 0.9945268727341116
105, 89.6523031198186, -82.55397435244252, -50.499496896733945, 14, 16.175514418496228, 27.251575738156088, 14.367872591501564, 10.809116958750273, -0.9949453249541564, -0.03541918569282459, 0.09396425722967904, -0.07584635736531449, -0.348189654930558, -0.9343507340788854, -0.06581132445317514, 0.9367547413726798, -0.3437432531549131
106, -206.33861935149275, 95.36490714955629, -36.512737310832, 17, 18.340021921303016, 24.75922669718075, 19.03292789752004, 13.090519219640807, -0.32397943562092524, -0.6205074183284423, -0.7141483523009197, -0.9454925064029861, 0.1861275137458728, 0.26720866184047865, 0.03288229965415118, -0.7617920270166603, 0.6469866010539188
107, -37.81746481652356, -58.88407311057239, 343.26448191716116, 12, 13.35566474980953, 15.329133588692256, 14.200077198230138, 10.944305627935236, 0.026608972711618023, 0.7412773080477356, 0.6706712422228454, -0.6332021731668213, -0.5066526451071133, 0.5851137539853088, 0.7735289073254124, -0.44023976396898523, 0.45589689596715377
108, -178.4025072308401, -349.03033481467367, -183.8259804573665, 8, 11.324910528851522, 15.234588330652175, 12.64177854848791, 7.54163374416659, 0.5070894377106155, 0.7806455035297961, 0.36531205835702013, 0.1627603591137228, -0.5029544260084445, 0.8488497575305585, -0.8463860630135068, 0.3709844244402016, 0.38210101957370995
109, -35.84483389133586, -342.2194771808843, -215.5843431064499, 109, 36.172015290937054, 71.13918979567755, 27.291242815661892, 24.377316115380665, -0.9187866247330442, -0.07169029492363116, -0.3881902108830454, -0.32427311437655365, -0.42372359837177176, 0.8457572107144036, 0.22511793687795542, -0.9029500616294687, -0.36606433956225704
110, 149.51229703620493, -83.25874855102862, -128.80030742084887, 53, 28.11772905755002, 46.63983346382916, 24.093469340661404, 19.782646632142036, -0.8097112648448779, 0.3527992038909895, 0.46893537861542517, 0.5765554437334146, 0.6271417747890464, 0.5237146308972189, 0.10932286075964996, -0.6944248815014676, 0.7112120612496662
111, -73.15428186239392, -170.1273570364774, -294.55274810964005, 129, 37.32787385330916, 59.439063202598675, 33.23017752163162, 26.332684996868498, -0.6599247891233425, 0.28381827124737935, -0.6956626061580864, 0.02829826368972846, 0.934638427975323, 0.35447174390064357, 0.7507985621807345, 0.21423864697566972, -0.6248226317679092
113, 160.71020300680962, -215.2383884216782, 87.92106116143226, 13, 13.270199611287492, 20.7528832647125, 11.924662241701014, 9.44295319058212, -0.05021618076059254, 0.600744886097109, 0.7978620914782146, 0.673664375489811, -0.5694005046876738, 0.4711256461469119, 0.7373294001908117, 0.5611493981905306, -0.37610730985273744
114, 230.6280595063629, -75.51610922457944, 355.0224074089362, 8, 11.448967867856826, 17.59878057856977, 11.953220177805527, 7.1339738602228255, 0.336042542651287, -0.9406061133815262, -0.048327518017765615, -0.8596074457991587, -0.28532688281627805, -0.4238674428037524, -0.38490316789434675, -0.18398018755193618, 0.9044339898153158
115, 188.00805298024721, 164.9257425468245, -276.79966068884494, 67, 27.104063966330056, 49.08423310957546, 24.34746289132236, 16.661247593081743, 0.3102508497474308, -0.7094698178284464, -0.6327693006313345, -0.7934609560843559, 0.17335739262388303, -0.5834097407417439, -0.5236068385732716, -0.6830811020758225, 0.5091523215955946
116, -148.33621317650812, 83.51973283695742, -268.84125145478384, 9, 12.357998833600917, 16.96664205089691, 13.255679000860109, 8.39163476433802, 0.5894339932698687, 0.03168696993727115, 0.8071948361542775, -0.6012094866676507, 0.6846055490004023, 0.4121436587146253, 0.5395504802321615, 0.7282246756421075, -0.42258028949205784
117, -225.31315132084455, 33.581498959247824, -236.55890254114743, 48, 20.977540092151386, 40.43133100938109, 15.679798624587436, 14.561467993462545, 0.49521325533089755, 0.45291448649468313, 0.7413719037486064, 0.6783344040195225, -0.7347410680007128, -0.0042425601529411435, -0.5427948673928803, -0.5049990405104051, 0.6710809943781121
118, 95.80778604764616, 349.29815483520656, 253.34293644025706, 27, 19.14504337024351, 24.814239599934634, 22.160036827072883, 12.761379218357975, 0.9457359279045459, -0.31966321759487587, -0.05830078890905686, 0.02363953554273033, -0.11125980650365339, 0.9935101548630962, 0.32407518730975227, 0.9409764517636247, 0.09766570634817517
119, -287.1627967897461, 208.93063309171868, -336.2096719742116, 58, 28.4994841478482, 41.48580577842381, 28.08718599064058, 19.865670947298685, -0.12333947607349521, -0.5116720701855244, 0.8502817569688152, 0.9729680319009355, -0.2309296428803639, 0.0021700087482753525, -0.19524492961594567, -0.8275646153813049, -0.5263233082697908
120, -21.8224810588913, -265.32192897965837, -26.794565900793337, 5, 6.251664795724708, 9.183238772486572, 5.829428288152465, 4.564205718454181, -0.9712841773583147, -0.20704989636198678, 0.11720660062416495, -0.029736024412284515, 0.594404048724584, 0.8036165725717549, -0.23605680601400578, 0.7770548032644243, -0.58349208825669
121, 103.66240265283123, -181.98772228435993, 116.0732626450292, 238, 48.00275585599686, 64.51612026165097, 54.90014101386896, 31.228908883486724, -0.035086553379976994, -0.9372703888971835, 0.3468330316859053, -0.37231410243163704, -0.30980560742155666, -0.8748729592007544, 0.9274433367610327, -0.15982710566947697, -0.33808897259579385
