# Void_ID, X_c, Y_c, Z_c, N_particles, R=(abc)^(-1/3), a, b, c, vector_a, vector_b, vector_c 

0, 18.812936628739063, -71.37683876051796, -172.17537613073017, 47, 29.74633793506324, 47.13535875492868, 26.872953411786657, 20.779653730058563, -0.6074450056339503, 0.5023209041534921, -0.615373280522309, 0.04242986503079005, 0.7940879550618103, 0.606320069088284, 0.7932277552404723, 0.342195892547194, -0.5036781705017503
1, 339.8351414179504, -136.23797773324384, -332.4455870999826, 40, 21.909970843447436, 25.049182174300583, 22.32041099457112, 18.81177000903641, -0.9314825882513736, -0.010170687704033284, 0.36364370597626006, 0.10624069481354402, 0.9484262581120408, 0.29866460735937156, -0.34792686379475946, 0.3168346414696768, -0.8823620047433616
2, 284.3821989479528, 276.1091006944045, -281.1873315912525, 7, 10.577928818362377, 15.561726096687012, 10.917242747638522, 6.966765404937203, -0.16889347043389247, -0.5074381166339672, -0.844974291580382, -0.9852986105224005, 0.10929548342366908, 0.1313055421747821, -0.02572243665407665, -0.8547286441264027, 0.5184373647437251
3, 211.63369006003856, -202.70331782604, 14.908304963926467, 8, 12.499957354624984, 14.404612543270844, 12.171835756328756, 11.139557242174421, 0.5623483067041817, -0.20909775120796617, 0.8000265698004732, 0.3467145373822933, 0.937969590395992, 0.0014412009427270756, -0.7507019458578239, 0.2765703851321496, 0.5999628409769485
4, 210.18788976396786, 172.28953641164378, 343.3063793964742, 10, 13.084458344238692, 23.153092091032132, 10.924227135286557, 8.856610106378337, -0.30666760207080673, -0.010115570425035048, -0.9517629206242053, -0.9138749847111907, -0.2763827472464495, 0.29739719121677377, 0.2660591929613828, -0.9609944080271653, -0.07551326758428605
5, -131.06855524552745, -71.80259579451867, 162.5348663815519, 88, 35.175799372314046, 41.95984672086735, 33.34075547948448, 31.11161796748003, 0.8413082531891003, -0.24854301333155965, 0.48002790923025795, -0.379971613182876, -0.9035301434699091, 0.19812837509162715, -0.38447626232461724, 0.3490840161985552, 0.8545866564272923
6, -85.01284621319687, -147.65955915477213, 267.22728449960874, 11, 12.989189122754604, 20.044312142336047, 13.54569171140274, 8.07149117214969, 0.5323749281176738, 0.5971663829150418, 0.5999743719758932, 0.6833685269744575, 0.11510789032190114, -0.7209421820967347, 0.4995842193789369, -0.7938151451703394, 0.3468041566154177
7, -218.70100870306788, 73.6680914157442, -243.7642873049927, 49, 26.223313769233418, 30.4968497773108, 29.02562890831878, 20.371644804484927, 0.16471920536071744, -0.9447168247665667, 0.28350961956926596, 0.327325228230766, -0.21879002488195284, -0.9192328975704859, 0.9304438609335929, 0.24421516336036772, 0.2731907312407537
8, -60.49558743290737, 57.40461334360403, 150.9648920111571, 10, 15.019989347616566, 25.609758407682854, 15.56132872539032, 8.502697243700446, 0.3972284991148241, 0.5547268560986797, 0.7310866122518307, 0.8246676774017915, -0.5652933894368358, -0.019146950351126003, -0.4026571014395732, -0.6105092128558657, 0.682015952656822
9, -182.78161267698178, 40.03478719426892, 274.01903568896205, 23, 24.473095824117486, 27.00475426440057, 26.52990691610788, 20.459300263613464, -0.04974651256406818, -0.21473496358300934, 0.9754046236832778, 0.9188751431929066, -0.3925603044731023, -0.039558546158832024, 0.3913997390263928, 0.8943071635444885, 0.2168431265294873
10, 260.2973823773078, 329.7534729080747, 169.42328774579588, 26, 21.770561487384672, 28.853453719573555, 24.110416140302824, 14.832227530806856, -0.6671417814156846, 0.35131036480940914, 0.6568887813526628, -0.3057859828105722, -0.9332439350239654, 0.18854890733588722, -0.6792766566032427, 0.07507852767911818, -0.7300318064820577
11, 2.0604201341952413, -330.5101330660381, -238.62991560402094, 313, 59.45734723132644, 87.55004229824962, 58.04645211827087, 41.3603824183824, -0.8840945905577732, -0.21877357438256587, 0.4129344719181959, -0.4249709314055605, 0.008873504104756985, -0.9051635036749953, -0.19436167936806437, 0.9757353043099233, 0.10081742665058924
12, 264.46579257111307, -123.89458151899579, -177.35576297491758, 30, 23.100902412584706, 32.309928363298354, 23.185271477121084, 16.456544781140636, -0.0036756966466207734, 0.7709749871386894, 0.6368548174118334, 0.7683857741320671, -0.4054000245057195, 0.49521118953657134, 0.6399763990692359, 0.4911704279954764, -0.5909160848184071
13, -42.65405550727647, 100.06249432910849, 20.19582660276435, 78, 31.926737442491103, 50.94380010096187, 27.483782732202346, 23.243192442748935, 0.6861073581455119, 0.5331402968072254, 0.4949930474450016, 0.44671468610499504, -0.8457675930246955, 0.29175874932438395, 0.5741974245124255, 0.02094283909875651, -0.8184489691934256
14, 239.22006341505232, 338.744855221988, -197.72683010600255, 45, 28.28078631440886, 29.507795749246768, 28.54686344330467, 26.852163002234867, -0.3177839818073219, -0.8262178083064076, 0.46516392179966004, -0.943675118062511, 0.22792530105675018, -0.2398485536497886, -0.0921445194050646, 0.5151836472322716, 0.852112197523345
15, 87.11922124526495, -33.18240673787628, -254.57187892555726, 8, 10.909365132014347, 15.739606734037622, 12.481187801458487, 6.6091961015987, -0.13306640427204547, -0.03620985626294295, 0.9904454444155547, 0.9868768047411818, -0.09707401055952529, 0.1290380127626135, -0.09147406363523918, -0.9946182598280138, -0.04865195678233246
16, 267.0823971635831, -267.1761765828563, 113.95741110826125, 49, 27.528636587981463, 33.10364798598392, 25.96490260325873, 24.271217090717897, 0.8813977146194989, 0.10129827682056627, -0.4613856605668498, 0.34270565263428543, -0.8093431538306987, 0.47698689185331555, 0.32510137544469564, 0.5785346303036336, 0.7480686981978358
17, -192.2782839521675, 312.7786304228804, -356.9163517176069, 6, 6.538444615535797, 15.38280942413352, 12.068298646269435, 1.5057110569696677, -0.9697088844098252, -0.0487436168804418, -0.23935066181246467, 0.012242883894752053, -0.9883543262586061, 0.15167675352484417, 0.24395653565869413, -0.14415195308877832, -0.959012733559935
18, -90.87821859304168, 178.52335993867908, 3.2804104159430505, 141, 45.35700082222058, 69.1924880826861, 51.24592259935485, 26.315687771161002, -0.4454095268863889, -0.6005741512728981, -0.664018856796764, -0.8792744428971491, 0.15360810881269432, 0.4508669459772977, 0.1687803526088012, -0.7846752434796358, 0.5964880173510807
19, -138.27359719109833, 176.49715343571404, 312.89716591791574, 11, 15.187990750696592, 18.508470070115756, 14.746367347872518, 12.836463863037796, 0.17994973636591807, 0.8373152424977379, -0.5162569874227282, -0.5251527579618439, 0.5255499072963626, 0.6693368925629706, 0.8317647943901609, 0.15066678340542855, 0.5342909761462897
20, -218.1137004499091, -40.6327806738039, -257.25744610285955, 9, 15.56597804579679, 19.90297788432559, 18.926993482047035, 10.012200724671633, 0.8042902195337805, -0.4048679067619117, -0.43497036776834697, 0.2505068649315126, -0.4327531944032142, 0.8660086508551742, 0.5388539258319346, 0.8054853510822169, 0.24663697169619564
21, -113.68720502963075, -83.922738850978, -316.219805100908, 51, 28.204525557766264, 40.391472739326865, 24.39334969371878, 22.77169014210556, 0.08400429275291384, -0.6256735905423451, -0.7755487327672792, -0.8375555816167409, -0.4659939212252518, 0.2852197627860957, 0.5398554681595149, -0.6256054854930232, 0.5631818978086119
22, -100.16943389434422, -341.5805412936747, -317.9452264860406, 40, 22.50305873108542, 27.516929832524212, 21.462378438958066, 19.295091224740343, 0.2541574855758155, -0.6831329856759553, -0.6846409981933846, -0.5924460841298879, -0.6694954932570185, 0.44808863175459296, -0.7644681876474267, 0.2917277984525936, -0.5748767534742224
23, 141.59868278605612, 176.2246699217901, -233.3082932185983, 16, 19.313726115998914, 26.44711166026445, 17.854494192885575, 15.257114489251755, -0.5737933042412006, 0.2695128878393801, 0.7733847989820092, 0.8175745967301585, 0.24418393398376978, 0.5214844054866153, 0.04830137461277275, -0.9315240252793745, 0.36045799691202296
24, -308.28859322416014, -104.55340263466393, 240.57609830125082, 104, 33.99526258956519, 49.1831733565978, 31.234029669347148, 25.574705149026098, 0.5301700259774477, -0.84534115527028, 0.06571205948211312, -0.6222225270420306, -0.4405407811103801, -0.6471189589403836, -0.5759851303605867, -0.30219555156382566, 0.7595518272103182
25, 292.0294405816626, 339.61155754648456, -231.7725627604677, 116, 36.35607894611799, 53.52098957556336, 34.66746403119091, 25.899113869835286, -0.9043248334160652, -0.20200535660109992, -0.37601919042978177, -0.4265289642590731, 0.3937678870365108, 0.8142603353884335, 0.016420667315556862, -0.896738917993004, 0.44225521437474125
26, -345.1187690030975, 7.483343142659994, -301.5407066416961, 18, 17.954929748300373, 24.883814033210335, 16.677688086501746, 13.947563149370605, -0.9582036771602024, 0.28062008595462956, -0.0556604027606964, -0.08132775107320055, -0.08065882551594844, 0.993418316104431, 0.27428363053970634, 0.956423818829918, 0.10010978370146371
27, 278.72088074539613, 91.99783525421019, 127.45178636382416, 31, 20.863372606676926, 26.53217970978385, 21.10899525171778, 16.214854299556748, 0.4853249235061353, 0.6499359632613322, -0.584844391512245, -0.2968005209132762, 0.7516492810703053, 0.5890100245769174, 0.822416664112159, -0.11227912506809634, 0.5576954622951231
28, -314.7923474706415, 275.45418725902084, 175.08109819793972, 266, 59.92933899600937, 83.52886723618676, 58.353502418730706, 44.158564103362956, -0.08298586999332093, 0.2512142345320078, 0.9643675408006789, 0.11553339626228647, 0.9636054425984976, -0.2410738172067952, -0.9898309854361771, 0.09141093678029469, -0.10898926968924841
29, 180.39482845516417, 231.16322397054418, 72.54683280893445, 20, 19.311637381364044, 29.269705195608562, 19.569938326567172, 12.57330610127942, -0.9353928271860678, 0.28489414416643916, 0.20946499819427397, -0.07306990910727997, -0.7353040806933989, 0.6737868337231661, 0.34597839127886115, 0.6149497829378494, 0.7086153521006887
30, 266.282066229027, -188.53838060754666, -350.6582199770017, 10, 14.277249378056572, 20.612964732247907, 14.869425453371763, 9.495087862701608, -0.13728141600812407, 0.9177172641149702, -0.3727584150145219, 0.9898576700870668, 0.1132186720689766, -0.08580982032810193, 0.03654594079522224, 0.3807578698336671, 0.9239522924757103
31, 332.0248142461808, -315.81469033839227, 87.15630108645225, 27, 20.646663529241287, 24.31887708958284, 21.564751485042958, 16.782693589927806, -0.22771825823838077, -0.19005231827643673, 0.954999744074641, 0.5824466050676813, -0.8125485853678935, -0.0228199180929143, 0.7803206694109874, 0.5510398467755178, 0.2957274761593897
32, -352.3468808952602, 328.7772856437804, 81.9347408558122, 10, 20.21364360556834, 31.276157442729932, 24.066848040522288, 10.972389254707064, 0.08656528566880241, 0.8052439864941242, 0.5865906353941643, 0.2625478614898679, -0.5864257200134544, 0.7662724680776407, 0.9610281326497034, 0.08767552179344137, -0.26217919660810624
33, 217.12619349841438, -110.92819822711124, 200.55614997045086, 24, 18.765630742346566, 23.40265016888145, 19.460598734115717, 14.510028331283024, -0.9029457355171182, -0.35096181824455086, 0.24802177494310715, -0.418386365239575, 0.5860253759055584, -0.6939215432427257, -0.09819291264173353, 0.7303424271731913, 0.6759867535519499
34, 318.23764877128895, -300.0012486455364, -160.40271543211492, 64, 29.54239682604839, 35.76232200155323, 31.125155862387135, 23.163273669731943, -0.6029837369763932, 0.23477474647273075, -0.7624247053713888, -0.413878134954912, 0.7249692024512692, 0.5505674753410468, -0.6819937700215657, -0.647534148841461, 0.33997650468221546
35, -281.5870231072302, 255.81461509524948, -216.3246122459105, 66, 31.291082098799237, 38.99204145289998, 30.274047371959444, 25.9546565539695, -0.8943392395450145, -0.07820811868632596, 0.4405006410683085, -0.43912084200132645, -0.03497280035909554, -0.8977470631280778, -0.08561664984155729, 0.9963234381497749, 0.0030652672509649368
36, -10.801156042274588, -125.45033145782176, 343.51863857825117, 8, 12.554609622802642, 21.02212450406183, 10.70805788028041, 8.79067705532894, 0.6638475968229359, 0.14238865778526866, 0.7341878767226563, -0.5077598067469359, -0.6349481312259682, 0.5822549693261234, 0.5490777238649613, -0.7593196565259991, -0.34920955366156864
37, 209.0913385373566, 199.38610745881894, -156.4274111444395, 27, 22.322261767154753, 33.31435743222345, 19.911024703279605, 16.768319404223586, 0.38496466017198966, -0.6466653614315194, -0.6585029390544184, -0.7541244089061285, 0.19093105442410344, -0.6283643118036563, -0.5320700952982126, -0.7384911934350613, 0.41416442496695627
38, -337.72749528936316, 150.1504423341288, -242.64295715683548, 11, 12.467640573259668, 16.65646042342295, 12.63893192804463, 9.205761704715332, -0.9029404490936911, 0.4282186041242609, -0.036433123285726614, 0.12369012057178234, 0.34012565030741154, 0.9322098991514186, 0.41158146151572644, 0.8372236075773484, -0.3600796182120681
39, -330.35364935946694, 81.31713661065692, 163.4382054561253, 39, 28.44201220179223, 34.70408744732997, 27.97310795342489, 23.700614416479976, -0.9417745166990881, -0.27232167936080126, 0.1972350441638403, -0.3047199276861233, 0.4432421164885207, -0.8430196865090046, -0.14214965834346036, 0.8540359062246086, 0.5004159724788457
40, -216.99592274562187, 268.2988216650323, -248.66436557703167, 27, 22.605452145241554, 35.03175935134733, 22.98476724791537, 14.346221603114708, 0.5938633431413978, -0.7809596874308902, -0.19346394051804267, -0.7395397781111033, -0.4351485357554184, -0.5135432488323602, -0.3168710246524643, -0.44804879024249317, 0.8359695181631538
41, -141.26152786987615, 43.13903963359051, 353.8628483467746, 7, 8.473804914663804, 15.097204235139825, 10.365093077545772, 3.8883526645691497, -0.9713793961673559, 0.23495280798066864, 0.034917713607025024, 0.2283606041985866, 0.9641794355657132, -0.1349423969041575, 0.0653720364651403, 0.1231064338456028, 0.9902380031054244
42, 118.12244512741198, -339.02185719573197, -290.7837007669045, 7, 8.874143185787162, 13.569943756683022, 10.595812339808955, 4.860343793567358, 0.15555515294690966, 0.17892413354260694, 0.9714879046224358, -0.3563326270016508, -0.9070821490992421, 0.2241183475746748, 0.9213195174996381, -0.3810356009896287, -0.07734479589931284
43, 161.95824486983622, 198.6780243259054, -59.02882703064494, 30, 20.043374870165298, 30.915225197121618, 22.800869882400796, 11.423224625180115, 0.12474535908300925, 0.04745718612055426, 0.9910531826661828, 0.9742909665021249, -0.19472477805636446, -0.11331095888419217, 0.18760519177146018, 0.9797091794488908, -0.07052812009386625
44, -297.4125589916558, -314.9167079382619, 354.29421899689333, 12, 12.728089453516413, 16.630199803819316, 13.241957491742092, 9.363538492471244, -0.9915648632138329, -0.12928143292568864, 0.009243004945028168, -0.12142053946570136, 0.9514863946989857, 0.2827201678313457, 0.04534506186555734, -0.2792130938967707, 0.9591578981382586
45, -356.53323708798547, 44.70422784275854, 247.87099323586014, 6, 11.292794517598429, 16.754694738658205, 12.334510281478329, 6.968604973791013, 0.2083120100295009, -0.3971085904621804, -0.8938181436168151, 0.04093450541945721, -0.9095256058018649, 0.413627294380841, 0.9772054403980432, 0.1227515367394286, 0.1732096633694988
46, 257.02718720372405, 258.59023052722574, -331.6344247077471, 78, 31.68338601132583, 51.01097323969002, 31.329633886063608, 19.901042920211108, 0.7184693280088774, 0.6909213444081989, 0.0801842911775068, 0.314862895554787, -0.4258583398230913, 0.8482370136972188, 0.6202122070012227, -0.5841852191251398, -0.5235116503406442
49, -74.24479784343634, 201.5305963354436, -134.63343433407658, 59, 31.90968820659277, 44.673782548063045, 31.582994478582023, 23.028287970175402, 0.7308974733310069, 0.6492114103155147, 0.21050754902019692, -0.31564450131853156, 0.0480806111120247, 0.9476585902224861, 0.6051094382553674, -0.759086819508305, 0.2400620090373308
50, -196.46609529143387, 215.3729537550419, -51.889803198536434, 62, 29.3553179240504, 36.30190865700957, 31.38375483850979, 22.203733316648364, -0.7580938917155825, 0.5217044735753494, 0.39130307128233766, 0.5572384149892141, 0.20648926775699597, 0.8042683203766565, -0.33879049603528005, -0.8277600041996761, 0.44725202653931156
51, -285.80907417106346, 282.51742577357663, -285.2396158476658, 8, 14.771450060932759, 19.703717183325963, 13.490079020325467, 12.125697586886842, 0.655250786062582, 0.49387246975723575, -0.5716085994631789, 0.5756166404469863, -0.8164489141259613, -0.04557031778541244, 0.48919514572907674, 0.29916743512359045, 0.8192600046118934
52, -232.36757889507058, -335.2318575125869, 172.2749023888126, 24, 21.379177821606913, 27.78182100455337, 19.446545718340275, 18.08713669417115, 0.7735563267847869, -0.6044092461349915, 0.19052577903727114, -0.46987009351228926, -0.34527281083453387, 0.8124092449751988, 0.42524428804391823, 0.7179666770017604, 0.5510817962889637
53, -49.56857737863187, 198.05057955117584, 223.083487633439, 7, 11.686799130160416, 14.360888929330988, 12.823464966363874, 8.66762324780243, 0.9934303853039199, 0.0365683200628821, 0.10843812762439216, -0.1010662744154487, 0.7248464182898061, 0.6814567323522605, 0.053681260516929605, 0.6879392617522411, -0.7237802804781954
54, -139.68039714147505, -317.62665564281167, 94.13120942887602, 119, 39.59753244672233, 48.69948754846177, 41.83776139044809, 30.47274237519004, 0.4905434487811882, 0.7032694486636868, 0.5145670096635925, -0.2501691716860677, -0.45198516210643663, 0.8562270719695358, -0.8347349941123615, 0.5487453834082728, 0.0457820247733039
55, 338.1966479866499, -253.3086608439928, 203.6662402695873, 12, 15.046161701638123, 26.390065522243695, 14.918513673935799, 8.651893192967078, 0.8153254510686987, 0.10154962721331529, -0.5700281414565951, 0.5080466121841589, -0.5977048612514188, 0.6201915338704819, 0.2777283721333162, 0.7952588082185947, 0.5389159296800556
56, 65.7595839428371, 229.34299879202408, 152.76105306185266, 23, 21.196615504028895, 27.492824808764563, 20.614301737860043, 16.80395743168433, 0.685079061861396, 0.25228846105450403, -0.6833865753860399, 0.5610905776386264, 0.415547442089081, 0.7158894377334915, -0.46459018789064227, 0.8738826327327786, -0.14312617344065845
57, -84.8595161338918, -301.9011402995081, 338.6033002554706, 8, 7.652202244144263, 12.724499853392638, 7.273237979322517, 4.841621113270293, -0.05059666522372727, -0.9894211687012463, 0.1359622314986696, -0.6037501299973864, -0.07814243379471177, -0.7933344443352869, 0.7955663127586401, -0.12222729223254084, -0.5934094126630644
58, -10.753004988773677, 93.46113657035423, 176.96168082688754, 19, 18.93357517948421, 29.471539294361097, 15.508774725902443, 14.849696518254701, -0.27172839350227707, -0.6441374384972325, 0.7150179301883943, -0.9262946935134512, 0.37658349668602775, -0.012767567996539116, 0.261039883798421, 0.6657866252411118, 0.698989519747298
59, 113.39100939570741, -150.70917896296152, 90.93343061586677, 8, 13.607924239285841, 21.704243212664057, 13.344199609620183, 8.700385001197239, 0.19639805911172922, 0.9508869033113938, -0.23925279410701492, 0.3648494117759684, 0.15561389059066452, 0.9179701649737678, 0.9101168656298353, -0.26757879991902306, -0.3163682612558028
60, 117.38048039905343, -346.5983688470097, 156.8796893329848, 5, 6.794989199471019, 10.98705673266561, 5.671292634005688, 5.035039571887886, 0.43113761421004365, 0.8975863388365318, 0.09197348502314187, 0.7399701519305542, -0.4100644892570829, 0.5331897306796151, -0.5162988784271594, 0.16182051472034742, 0.8409813250902181
61, -168.623659808361, 311.39095567324085, 6.77764300380088, 161, 43.99069416892744, 77.94799182027391, 36.99300980048963, 29.522820569608307, 0.3042913895904021, -0.73820886061742, 0.6020418825356528, -0.7884101700197452, 0.15953290599808181, 0.5941032365786636, 0.5346177644173243, 0.6554364423876188, 0.5334668836579116
62, 287.75191566061346, 343.4523205839514, 119.79483512371428, 65, 32.02111377895677, 52.337273848107856, 27.803060097166608, 22.56345522560282, -0.9962347335288562, 0.0026389702250002936, 0.08665674553570897, 0.0861090568264756, -0.08608278956078692, 0.9925598136504862, -0.010078990184728371, -0.9962844920892753, -0.08553142568244063
63, -159.2413516658801, 117.57758573669416, -291.456612099674, 38, 27.480003426885478, 42.93445471469692, 25.801734049443322, 18.732489664164508, -0.25750237302711365, 0.3500502567475039, -0.9006427402896288, 0.9568113141757505, 0.22251931566337216, -0.18707555484877653, -0.13492456022043636, 0.909917563248293, 0.39223129801382584
64, 253.5554168855398, -78.08187682967107, 60.14136245334156, 5, 8.545914326212534, 14.079391649221048, 6.819196626395226, 6.500675699064056, -0.5578840695473903, -0.6750846994084202, -0.4827276805507278, 0.19839141478748348, -0.6732737909863556, 0.712280316244582, -0.805857438684946, 0.3016008139834858, 0.509539731052091
65, 23.90547371918024, 305.780165904816, 348.9313803806846, 14, 17.206978327861744, 29.277348296024176, 14.720337491290508, 11.821275223143726, -0.9653141036241236, 0.15883660132095967, -0.2072187622421319, 0.1936076822767278, 0.9679513252053517, -0.1599571736329351, -0.175170621702923, 0.19452805996567288, 0.9651290520848509
66, 310.27387173348603, -101.98006828365392, 265.1620244526369, 12, 13.97206796798779, 20.10563004312323, 12.809581976306076, 10.59081604050212, -0.33243409969956517, -0.13907446243383284, 0.9328160929441986, 0.28289380661996943, -0.9582291923687858, -0.042046510774711644, 0.8996992072537371, 0.24991020145445164, 0.35789136295249185
67, 303.92618587841537, -198.29444686061322, 25.544701131048825, 16, 17.04983031585293, 20.71971837311167, 18.73903589967469, 12.765243166194587, -0.47085228701707826, -0.8547426898940776, -0.21843318860334313, -0.8787408310639198, 0.4763390330955579, 0.030260161445050792, -0.07818360206512433, -0.20619422790715175, 0.9753826247918792
68, -140.8756934469706, -112.50772766388444, 338.41664421116906, 55, 30.482650328417442, 35.83915268975583, 31.11814964145538, 25.39724884914028, 0.5274820689063396, 0.49951435622539364, 0.687203081270026, 0.6800092844881784, 0.23663704127149776, -0.6939670624086903, -0.5092642143251008, 0.8333596574246925, -0.21485260385863847
69, -47.26992090925331, 89.81200599665854, -148.79975788147337, 10, 17.361410873476135, 23.96301581170712, 15.143349433156118, 14.420875497652933, 0.26761741728575733, 0.5920332975315602, 0.7601825389860043, -0.6747643882015971, -0.4480356659735828, 0.586478526828163, 0.6878037062856125, -0.6698959744837367, 0.2795808380241028
70, -30.126528756141685, -239.44679685898453, 274.21812856408985, 54, 25.522041960963662, 36.77321018307314, 23.652375444593552, 19.113487942415254, -0.07498745668012063, -0.8235249725318224, -0.5623019659907904, -0.9752929377759657, 0.1780756014357288, -0.13073930433358605, -0.20779934279244974, -0.5386053284082549, 0.8165315262408805
71, -98.47084594404086, -153.31535542216582, 127.33007968485144, 17, 20.45889256973822, 27.965679272737194, 18.276272050160827, 16.75457357156739, -0.9752065791005803, 0.04868193600809332, 0.21587542052176217, 0.1288138577676031, 0.9180830864617852, 0.37487389399614146, 0.17994198544523074, -0.3933872334726989, 0.9015915740592991
72, 243.5792968953415, 338.67588572878975, 344.96497682738243, 14, 16.44391042206321, 23.90702849177343, 17.1038276925214, 10.87417693218446, 0.502455784649518, -0.5830012309637163, -0.6384729823313033, -0.21608703370550078, -0.7996994348250747, 0.5601671248875766, -0.8371646064762864, -0.14349347941717597, -0.5277926136544134
73, -92.5301296165529, 267.6051861834687, 337.1959635743272, 13, 16.94359294699877, 22.14679309624989, 15.874337233942255, 13.835984845161562, -0.5835933083530993, -0.4853912849747879, -0.6510101004715739, -0.7630501118238731, 0.6020472180764317, 0.23514606960781723, -0.27780096704486035, -0.6339830026719597, 0.7217286020603494
74, 1.5108095542211137, -337.91148821904363, 106.13808264745158, 14, 13.82111221877628, 19.16856764686, 12.734952793289569, 10.815384861998126, 0.17868586463259772, -0.6526534144895314, -0.7362845118129655, -0.9362789527552938, -0.3427951296043656, 0.0766369476621857, 0.3024121102203902, -0.6756737523943669, 0.6723182995556244
76, -105.42215817352313, -54.60843086144947, 19.69254653247407, 7, 12.81260116604246, 16.47288002892579, 12.146513175448742, 10.512130931109864, -0.7818922370210988, 0.44613911331860157, -0.43543589798434623, 0.017901116058702878, 0.7142496636956096, 0.6996620383832194, 0.6231565451232901, 0.5392655278042536, -0.5664526553843707
77, -100.46117629167615, -21.012373665503336, -250.87175502122608, 50, 27.96076027380565, 40.07837226979862, 28.71656617303026, 18.99347134502353, -0.6673038966502941, -0.4375857597482857, 0.6026808544999991, 0.11542710786635625, 0.7386613886172595, 0.6641204226159821, -0.7357867165727733, 0.5127358538580439, -0.4424023642381676
78, -103.58196171210429, 256.2643742058732, 157.65995014999538, 5, 3.5468143935361383, 8.03006854354482, 4.456816502062531, 1.246727045529544, 0.2968883362094711, 0.9440346744553394, 0.14372142933040147, 0.8527809544229891, -0.19439186668634748, -0.4847436909745328, 0.4296765755730558, -0.266477645576883, 0.8627674685635831
79, -10.459601995864992, 10.573719427386639, -230.79328805252516, 21, 18.75252542456102, 24.64068539028503, 17.95768279737402, 14.903086053164412, 0.7153070389780403, -0.6883566493590559, 0.12041994548928381, -0.5299442077876155, -0.6466667067756023, -0.5486176327647095, -0.45551616504886544, -0.32861420180991974, 0.827355866449259
80, 329.74122268481494, 327.2134505853884, -27.912561853138, 83, 37.254080139531226, 46.44957625940628, 34.38610987913519, 32.37104580816634, -0.8616175238436529, -0.35651940926625486, -0.3612605063136198, -0.47651495819669815, 0.8133031728011467, 0.3338733947567356, -0.17478197052422664, -0.4598172027317228, 0.8706430972859328
81, -27.217907420406995, -77.46082896136508, -184.70526782449497, 22, 20.836598594777055, 26.83616125875459, 22.093397335452725, 15.257998929604522, -0.2586420080283683, 0.7743384438302496, 0.5774982996421728, -0.9055893191475957, 0.013686713264481076, -0.42393473427617345, -0.33617301606292993, -0.6326236229280126, 0.6976926651360104
82, 45.00766299044141, -208.00409087335407, -295.4651961248979, 26, 21.44222958593703, 30.713312189806047, 18.840084447056416, 17.037282553799383, 0.5807362241804568, -0.7603208159953176, 0.2909599537545337, 0.5205424059911568, 0.6215994437357508, 0.5853629088969876, -0.6259241499491488, -0.1884844511136653, 0.756764540791134
83, -51.97633877555496, -266.43644131580606, 189.80903446825107, 86, 34.5447120940485, 53.466146839656176, 33.75943202374573, 22.838665002887133, 0.2818052549570345, 0.9329669522267451, 0.223960854461978, 0.6360481032230026, -0.3564134435245848, 0.6844065076117907, 0.718351312844225, -0.050419473695049816, -0.6938510416561271
84, 332.84314317966874, 35.53104425342639, 66.05877137480815, 49, 28.561178221756577, 37.964110746676226, 29.0448674751903, 21.12933003993513, -0.865476056059742, -0.4456704031415536, -0.22875552048184422, -0.46652602349002825, 0.8834145455722902, 0.04395691160540808, -0.18249565965758144, -0.14476405781460125, 0.9724909777325418
85, -296.16586796367994, 248.39625649421814, -307.336343113188, 15, 16.027999964649823, 19.942692008019144, 16.29137359131325, 12.673498370088483, 0.6882408593783015, -0.16502789670306728, -0.7064632423502152, 0.40674587235897464, 0.8941153443282187, 0.18739142551292956, 0.6007348123766042, -0.4163214435344318, 0.6824911287718347
86, 137.51175754388547, -189.88402056201394, -215.9288844012801, 8, 15.526866858217826, 21.285742074143688, 15.31288469583489, 11.484330418872117, 0.36173660119232853, -0.9297371523679072, 0.06881467041726594, -0.7983173340363908, -0.3470345081505521, -0.4921955752845955, -0.481493577874982, -0.12310921029524798, 0.8677603683077656
87, 12.361580276870164, -343.45131466287455, 195.08455548361795, 65, 28.912270557342637, 42.485594685476414, 30.98920991705322, 18.356690789015587, 0.7574531401609945, 0.23193178142332263, 0.6103051607401438, 0.5220370783928342, 0.34624072143071905, -0.7794835800747885, 0.39209951446453306, -0.9090242084724364, -0.14118413213862985
88, 56.34230833956042, 259.8505243584057, -148.13809890726458, 12, 14.280991660633344, 18.76470710557019, 12.857852389166583, 12.071600961916664, 0.5893364435499348, -0.32275058507546467, -0.7406177260485736, -0.692187767617337, 0.2710107191365825, -0.6689015506589889, -0.4166037093747964, -0.9068545914017964, 0.06368751360071336
89, -214.99047888329062, -287.33088747784535, 49.53971653155818, 143, 41.08070013385087, 77.01416542029557, 32.86226359420238, 27.39336735105837, -0.7083524736158916, 0.5295713308255385, 0.46668081028676944, 0.6811910901389473, 0.6861285746065345, 0.2553551993277549, 0.18497424641706564, -0.4987802970006644, 0.8467601451924668
90, 121.00720345207053, 173.87306580003235, -222.31590089873936, 15, 17.47568411313303, 21.986120268383303, 16.738165837137444, 14.502607453272407, -0.38906135046948465, 0.8185904801230512, -0.42254099377785026, -0.20433339546321577, 0.37056976292882776, 0.9060496202202976, 0.8982645095234106, 0.43884812481630286, 0.02309099988915997
91, -103.97104857351351, -348.702362772666, -236.70906893000327, 18, 18.52595185022798, 26.602344764124947, 19.242514907412332, 12.421093862639248, -0.40901582182393087, -0.2891692697509674, -0.8654982327708052, -0.8786631135897385, -0.13118324737015627, 0.45906654030348, 0.24628680499466574, -0.9482468502669084, 0.20042634718121932
92, -71.06504207552061, -261.18819273734977, -44.448085820728664, 18, 18.87879769892943, 23.967408420399277, 20.97324629692629, 13.385551351158108, -0.8541999467125428, -0.5001595480285239, -0.1420664547040983, -0.04360247016307285, -0.2033640935912145, 0.9781318265108758, 0.5181131880506105, -0.8417146024358413, -0.15190540613917022
94, -162.54812038061033, 148.7336013636068, -113.77481026574623, 8, 14.03252432446775, 19.817644242636046, 13.104976323338985, 10.639449134246387, -0.22472227859650246, -0.2186161592963175, 0.9495824726672892, 0.13263183123316055, 0.9585756527577841, 0.2520744240967862, -0.9653541810372681, 0.1825916012157052, -0.18641784335022799
95, -4.9010692484931795, -283.16340089727635, -228.59983336822975, 6, 12.46627553670536, 20.669793368242843, 12.018423741095214, 7.79877728046128, 0.18030069694852105, 0.7513890574479198, -0.634748881863847, 0.5688263583153093, 0.4468181357265863, 0.6904999114203862, 0.8024513896589757, -0.48555951018731397, -0.3468482799453306
96, -285.34335929316046, -352.094774556634, -239.74747040843536, 20, 19.168364402751585, 27.35395139109673, 22.924898232687713, 11.231239378318, -0.9932675456450182, 0.019757572301607844, 0.1141456136041518, 0.11451149234046995, 0.018496769723619175, 0.9932497106124673, -0.017512877841179674, -0.9996336868306, 0.0206347101550225
97, -317.1679481961353, -69.56058856984995, -105.40490664367935, 10, 11.037117001037405, 17.206870783859955, 9.03997175605536, 8.643665826475315, 0.5665927811570052, 0.6544192072955048, 0.5007076207363866, -0.4957927059250292, -0.21459840471131625, 0.8415088338495894, 0.6581506006168442, -0.7250400167012016, 0.20286636263710353
98, 83.22890702082614, 316.8604290544278, -128.85240418474697, 7, 9.731086514948853, 17.822151344041558, 7.850762674752594, 6.585852878173309, -0.9600736839559614, -0.20824124619490728, 0.18679963800398783, -0.2144676222208229, 0.11916300042429842, -0.9694347932423434, -0.17961670410675856, 0.9707913074976873, 0.1590662657283309
99, 256.21393163308613, 344.9832155560501, -24.161628758031895, 158, 41.056997162470495, 57.49667199228993, 53.53583276360785, 22.48403629236698, -0.21923016397453154, 0.03846629904831357, -0.9749146008965224, 0.9752829249672778, 0.03689836566523083, -0.2178571249202244, 0.027592598119265337, -0.9985784167749473, -0.04560475940368591
100, -281.19303985619104, 208.75335273463102, 90.38220291092594, 23, 20.061621447418826, 24.924238521016253, 20.096616673383735, 16.119562341624082, -0.9639410839301327, -0.18567872759549323, 0.19063314724915975, -0.26610565377595674, 0.6663149425853995, -0.6965717323548857, -0.0023168383784456657, 0.7221826690013641, 0.691698507193701
101, -99.11355062675685, 258.6940296647733, 140.09505664616492, 13, 16.041694297509398, 22.488117332959185, 15.893736002650055, 11.549724206582336, 0.513262264297912, 0.7408226380534834, 0.4332939729505336, 0.6626022005938084, -0.02118415384131258, -0.7486718609606415, 0.5454540968917757, -0.6713665545538481, 0.5017437369917758
102, 220.09585143376756, 293.8862712953899, 195.79787472594825, 23, 18.63578233373217, 22.960899503270284, 18.508632735968167, 15.229289839090088, -0.37441454954020625, -0.8690138995392417, -0.32346342528979277, -0.8962148552731946, 0.24963513134575335, 0.36671683133670796, 0.23793418896882199, -0.427196844096009, 0.8722901914581862
103, 244.72092624846522, -226.50562792099038, -157.0472639521974, 9, 13.570531725381102, 22.927719859190876, 11.84910806908217, 9.199073034527322, 0.2395916532222966, 0.02822677837860689, -0.9704633371171586, 0.8912770386864695, 0.38998244085650174, 0.2313848226091823, -0.38499490907865813, 0.9203895614390518, -0.06827865828753207
104, 183.5678298031054, -304.0116024172222, 51.61073336779012, 12, 13.156246643765456, 17.497134966677066, 12.78515247910136, 10.179423113645548, -0.9271588213947004, -0.018554684641371177, 0.37420882350346735, 0.02323788604102238, 0.9940022971728716, 0.10686175119002483, -0.3739472162783599, 0.10777363728163374, -0.9211668266632013
105, 240.6234558309807, -275.75526823970864, -292.66282022453566, 119, 40.93600557975467, 64.66589178818495, 37.181310712307564, 28.530962495825584, 0.8656219731132587, 0.49869327348068204, 0.044761798987870124, 0.42555582245655005, -0.6856633068589887, -0.5905658909897571, 0.26381971426873685, -0.5302554559948601, 0.805747050724261
106, -114.6243232460182, -205.4557160579284, -342.5861031344366, 28, 23.262083262191737, 27.90658492878577, 22.091662508697116, 20.41788365297785, -0.13603694487529322, 0.8545459852317845, 0.5012435623060262, -0.12535427709462862, -0.5167276986273447, 0.8469231315092127, 0.9827411942332931, 0.05237981095352209, 0.17741505167655372
107, -304.3795466453601, -44.58656684397223, -90.72775265398536, 7, 13.031703082753648, 15.049507992220233, 12.762112402340284, 11.522816922551648, 0.3759485126204562, 0.9121100269245225, -0.16345646099868139, 0.6185807360893719, -0.11569123092817604, 0.7771572633807488, 0.6899424532507021, -0.39328213520330507, -0.6077076380401452
108, 290.72992442834504, -282.2637187680803, -295.5446713352305, 12, 16.16953700107064, 20.103690398900252, 17.43575899818485, 12.060799800805333, -0.4457905251055193, -0.89486252458486, -0.02217813832935219, 0.5273570345847252, -0.2825703901958441, 0.8012793100152865, -0.7233017114594362, 0.345506927105926, 0.5978792499507496
109, 200.63023864926103, -20.923901962616473, 212.26111557798035, 26, 23.098292982084477, 30.053683762767236, 25.59144251126859, 16.02312343816488, -0.5650727128152173, 0.78311862120576, -0.25964986877031204, -0.6501944529783934, -0.6164216782828758, -0.44415255021113054, -0.5078779405996874, -0.08215558206057591, 0.8575024535174862
110, 175.10659591671504, -9.558016375464975, 308.37018707284324, 152, 45.49361700523944, 79.86674219163116, 36.713804608817405, 32.11116331898285, -0.9824109133728202, -0.04315178943348199, -0.18167751747167185, -0.08479146470842798, -0.7637563789560649, 0.6399114009896364, -0.16637068491348092, 0.6440606467349203, 0.7466636984136937
111, -259.114342334477, 42.162501772702, 311.1442031124795, 53, 28.653507955002876, 37.39913850379384, 30.24872999184751, 20.795274279129966, 0.8855069196736098, 0.17905600321681475, 0.4287381985806434, -0.37874844224024967, -0.25630585114746157, 0.8893013708345218, 0.2691228580235052, -0.9498664423905053, -0.15914342245177812
112, -110.77622210928594, -103.6812445163868, 313.05102374909796, 14, 17.00898936871927, 19.226763789918145, 18.176527050422397, 14.080511484953579, -0.7006471779067672, -0.27430984990699875, 0.6586711154554167, 0.04473050270121185, 0.9044421796134519, 0.4242446533124081, 0.7121044264848936, -0.32670850919446254, 0.621424843243777
113, -261.96252306630845, 279.27122303106256, -2.841356552603842, 52, 28.243655770038853, 35.147657701952184, 26.803763500224072, 23.915009825577492, 0.774220671315947, 0.3542451264766233, 0.5244928431109862, 0.20682040981807692, -0.9248020912382917, 0.3193217971325558, 0.5981702685605225, -0.13874971138292252, -0.7892660181468527
114, 50.420843323637165, -343.8464034702135, -98.99986975360933, 30, 23.427388978919247, 32.906849921394596, 22.915774832890605, 17.051037462414516, -0.23050110285391043, 0.4019387739674178, -0.8861797016207831, 0.971875410157529, 0.04994281196087931, -0.23013887690821644, 0.04824343182513222, 0.9143035259228794, 0.40214628404440633
115, 200.0008767688072, -251.54844924565126, -0.06396251505223746, 21, 16.79683524742022, 22.511323236805364, 17.474853051624617, 12.046692669370728, -0.2858753539840959, 0.8421729739713745, -0.4571870119509942, 0.9394320153336669, 0.3404306310542747, 0.03967964221251676, -0.1890575852765301, 0.4181526842580346, 0.888484981357146
116, 338.4685014112675, 32.44487388015456, -15.874898782657143, 7, 14.08587264723829, 20.58657902616706, 15.81000804030554, 8.586872176786962, -0.5705572196270577, -0.7035918912368527, -0.4235834152999742, -0.8200276390429209, 0.5162985745211807, 0.24696245292167326, -0.04493473419453768, -0.48825631847744305, 0.8715426765969179
117, -118.62501037838639, -231.7236720758481, 124.69794942346172, 13, 12.503893980836505, 15.970042615264601, 12.488762370393825, 9.801902333696054, 0.7832725435265259, 0.36297278460035637, -0.5047126709296588, 0.5295877800455231, 0.03563777479232742, 0.8475061841864671, -0.3256085161416096, 0.9311179875006791, 0.16431186070623302
118, 286.48351951837566, -70.58572668642256, 258.22750494838425, 24, 21.17848094333208, 30.429313565980312, 20.502407265432627, 15.226055474572334, 0.35757538334008454, 0.4805578148297604, 0.8007521663006834, 0.7182010357403371, -0.6895759519458792, 0.09312507052046531, -0.5969314177446999, -0.5418018024185425, 0.5917125057029986
119, -208.51454034233768, -348.0041068762872, -83.22348558422632, 8, 16.407870975482517, 22.008503034440707, 17.052072017337633, 11.77034072131772, -0.853618961161494, -0.09374216823079563, 0.5123934767744032, -0.5131094249767747, 0.3207905414144846, -0.7961231980912283, 0.08974066606380386, 0.9424997795407654, 0.32193287874964494
120, 160.9792030568841, 229.8870913568822, -181.91648463171305, 35, 23.2956990065276, 29.174920768491933, 22.53848986982571, 19.226168304303183, -0.15636845664348153, 0.022162394093922053, 0.987450117248948, 0.1274247968884196, -0.9909407313960206, 0.04241919374840601, 0.9794446522927573, 0.13245865448639269, 0.1521278342275797
121, 5.368224641254324, 302.02109655473146, -328.67333934840303, 8, 11.270611447036922, 19.105254981921657, 10.870245209372108, 6.893666258771687, -0.20342572179878352, -0.9789677091218277, 0.015498393703998898, -0.1271954053648267, 0.042119327666019946, 0.9909829923318764, -0.9707931317045468, 0.19962010603574612, -0.13308834923296606
122, -33.74088211341556, -325.38945187880097, 30.205730183098098, 17, 17.006714145099437, 23.219667628655756, 15.630557087640414, 13.552854633958287, 0.1998663990670893, -0.6954166267801746, -0.6902529519832843, -0.5277843746864006, -0.6699422594936228, 0.5221312313791088, -0.8255283619360635, 0.2599482335817319, -0.5009289764995604
125, -292.8976446454999, -134.37103190238673, -46.53156912018522, 16, 18.948233004374487, 23.6861305465313, 18.32331801931193, 15.675013077626241, 0.331255695190332, -0.5662145984850998, 0.7547653230417566, -0.87010914720019, 0.12607785851317932, 0.4764603294622636, 0.36493798974966585, 0.8145584092347754, 0.4509044927502772
