# Void_ID, X_c, Y_c, Z_c, N_particles, R=(abc)^(-1/3), a, b, c, vector_a, vector_b, vector_c 

0, -118.39025256387428, -309.37388510181063, 7.5380362994779215, 70, 28.871325076635614, 38.6055745057076, 27.468358404219096, 22.694333096164446, -0.19260900991496369, -0.3576612142394786, -0.9137725237324216, -0.23393511534784764, -0.8876232045119601, 0.39673594319031436, -0.9529827548842462, 0.29017839795660255, 0.08729470919003263
1, 232.21749109752625, -45.3337273025798, -87.17547624935958, 6, 10.837181283420767, 13.825923901665918, 10.287942668500591, 8.948007042293463, 0.24307913524301444, -0.14555035998628585, -0.9590243097635068, 0.9069869098903949, 0.38465410751383167, 0.17151082432374473, -0.343929177734285, 0.911513198083604, -0.22551365905953236
2, 41.00885328617379, 323.544691662265, 197.05598905901255, 90, 32.3712993108771, 38.57734535350501, 31.196693164889773, 28.186392395913735, 0.4443239247455194, 0.780942672889706, 0.43898153897244907, 0.3117782560767425, -0.5941727615905991, 0.7414533352959891, 0.8398634227875885, -0.1925805572836553, -0.5074861180562804
3, -321.56972969687354, 217.18519142378827, 239.91433719052796, 23, 18.0958081944432, 22.45933852909426, 18.873555733685315, 13.97923042979577, 0.5801537074705791, -0.7021858057858542, -0.4127429828125635, -0.7031451049281711, -0.17600097790794456, -0.6889198917080261, -0.41110660068125154, -0.6898976372827481, 0.5958461319401073
4, 355.23309400913985, 241.9585309737813, -281.18634752063775, 12, 11.614671109244188, 19.33765068094815, 11.179309124627771, 7.2477311217104505, -0.006324778460408083, 0.9745904049848031, 0.2239052024607387, 0.3926825154821896, -0.20350256372420455, 0.8968763284825038, 0.919652346928994, 0.0935962022158678, -0.3814175031625578
5, 208.25517865925448, 247.9732367800512, 321.1129753374523, 9, 9.892248775036142, 15.934443430921004, 9.952083944487164, 6.104275972302691, 0.48369051108697325, 0.8696223504619529, -0.09899725784813936, -0.4324609474208994, 0.33579768103667845, 0.8367899655028179, 0.7609343062579322, -0.36193491816543144, 0.538499857541617
6, -240.24112157775156, 239.08489150013594, -8.683771720178418, 128, 38.196368011732886, 51.55304206678878, 39.671363500275994, 27.248009509157306, 0.49479204867129506, -0.3028207738973538, 0.8145430666747281, -0.17720381762137566, 0.8824686802113632, 0.4357153147026452, -0.8507523938209477, -0.3599286142309644, 0.38297748898036404
7, 257.5292380035691, -172.99849480054684, 241.5049194506708, 22, 20.95630963259404, 32.56976241000826, 19.78550742051081, 14.281789792452608, 0.39786141627265836, -0.21325379357549393, 0.8923167111329783, 0.7377304056765486, 0.6525575235403372, -0.1729812909282889, 0.5453990667225511, -0.7271117506934973, -0.4169512681616493
8, 240.2476740907246, -275.22900661688885, -280.6882626390115, 196, 45.38753546133834, 65.65655071751524, 45.88396916994154, 31.036358603583107, -0.630573545332242, -0.7628427712851795, 0.1429961895473939, -0.15409632720900207, 0.30362846472480315, 0.9402468172504255, -0.7606782012571568, 0.5708595814268215, -0.30901134675828756
9, -229.98219770649257, -237.72591071062766, -165.1335685696809, 8, 11.84915454285425, 15.426022895358635, 12.991542739910319, 8.301324549265521, -0.6201171970634038, 0.36978167404575624, 0.6918931821069966, 0.28134615250047473, -0.7184531365852812, 0.6361363320892393, -0.7323243846680284, -0.5891405639324881, -0.3414884940227171
10, 31.18536869431986, 216.0784316772887, -340.83210811667334, 50, 28.11393813169242, 47.59964019872538, 22.278840661255085, 20.954089616497864, -0.6177993307176529, 0.587209423912938, -0.5229809551337943, -0.36100544736428136, 0.37904683303259384, 0.8520554942850119, 0.6985692907207907, 0.715198287774644, -0.02218907898199163
11, -92.39061070175184, -5.195677497185594, -144.82838700112478, 46, 25.54849484275011, 34.22372798197863, 26.315774887163794, 18.51622629784501, -0.22826307978376734, 0.29242882584308333, 0.9286448988842102, -0.9500704279912112, -0.27533208044546653, -0.14682788336745783, -0.21274902647068814, 0.9157934413903644, -0.34067612837146005
12, 162.30438730564308, -99.66066600616037, 231.36460184547752, 13, 14.613247026385144, 20.45447101341478, 14.050670296392065, 10.858126123249479, -0.21914363387556882, 0.6692953873367494, 0.7099434852307338, 0.04830179717486203, -0.7192962066117979, 0.6930222965702881, 0.9744962822512404, 0.18616297065643464, 0.1253010145006113
13, 316.49326966888424, -121.51043401787575, -289.08775772156986, 8, 13.495708139839543, 20.102225661022132, 12.587728856534047, 9.713942071678462, -0.5734599326701315, -0.6427991982261144, -0.5078906342726086, -0.17762623669621405, -0.5076508366650985, 0.843053704143672, -0.7997453505079651, 0.5736722224346326, 0.17693941208165417
14, 150.68706375624916, 330.32507393641725, -338.2223676715468, 30, 19.862416524957048, 24.560977690056593, 19.549797076040132, 16.31955644052192, -0.48682724525830984, 0.8029484533463899, -0.34390843918526565, 0.047096138571894056, 0.4172693839793388, 0.9075616865674311, 0.8722277151098915, 0.42562899626569534, -0.24095387635818302
15, 338.50160762143406, 64.39424386947977, -241.77801047082437, 12, 13.049907667235537, 19.092185052315134, 11.735922936401327, 9.918578445445608, -0.2037804288653039, -0.6220191637981899, 0.7560196404057725, -0.007698764852207583, 0.7732177638344649, 0.6340938563892414, -0.9789863460902931, 0.12339550056071927, -0.16235542679610768
16, 125.24333383604261, -316.1925491790307, -45.86949763033125, 148, 38.013131858465435, 63.39923076953815, 32.445236462894336, 26.703366969882865, 0.1163648192810765, 0.6619384169816213, -0.7404706347705812, 0.8717974007041588, 0.28911273618451033, 0.3954530539790763, -0.4758450598242611, 0.6915571978511763, 0.5434336400528352
17, -77.76731987089296, 53.53336734117718, -253.4221167094562, 8, 11.279642447900128, 16.427853405421228, 10.731533524168471, 8.140355926926246, 0.9218446588099543, -0.320370911557325, -0.2180937964534702, -0.3018177432632004, -0.2404290536811134, -0.9225507682493757, -0.2431223454869342, -0.9162730756569973, 0.31833186449207107
18, 42.00286612920216, -214.62464196358968, -62.11235806625204, 33, 19.781187077597032, 24.266340777969987, 18.992061284760315, 16.795025033305944, -0.39371162139947563, 0.21260597179617274, 0.894309711415235, 0.015327120231460507, -0.9712322355244376, 0.2376405353966658, 0.919106217235204, 0.1072690329722834, 0.3791267809121178
19, 295.4252786246574, -345.5101321325466, -243.75702835964006, 37, 24.633162169249086, 34.19265804535729, 23.91080990225967, 18.28240596175961, -0.4269050022914186, 0.4265732243870077, 0.7973627802039893, 0.9036779951358148, 0.2338469234252531, 0.358722312536951, 0.03343949948605772, -0.8736995482662308, 0.48531525757336996
20, -236.79861782018241, -195.3511689916364, 75.25555760840736, 30, 21.678263186794645, 25.89960033073511, 21.252264477829087, 18.50866860275952, -0.6051965554287922, 0.35061500050659794, -0.7147071083436088, 0.7543784579449218, -0.03416574652091537, -0.6555500316171988, 0.2542641765679301, 0.9358962673204905, 0.2438194113064123
21, 190.41696124351367, -265.549121541911, -174.11195909244628, 5, 10.608988821736952, 18.80394460546958, 11.044645617906431, 5.749382818446927, 0.1584313271076697, -0.9797712410840648, 0.12226131741271946, -0.505819836254117, 0.025804485677512055, 0.8622531077188283, -0.847965687892358, -0.19845010371252114, -0.49149948982041647
22, -176.64724502594242, 335.1642007543596, 331.37808158559415, 8, 10.092260703354077, 16.923889285457914, 10.337656659518425, 5.875476620696592, 0.23118134994997364, -0.2563642303571587, -0.9385268055994402, 0.6284456787125847, -0.6970570959427037, 0.3452063642278382, -0.7427053334551919, -0.6696183886284074, -3.560768780895051e-05
23, 203.49290653003044, 98.03436657399244, 349.52023578937906, 31, 24.504640510875685, 34.02047982535706, 26.70022539754597, 16.19905369038724, 0.48333475894710537, -0.8658859133485164, -0.1289538516607752, -0.7857774594609385, -0.4940385058448084, 0.37212865912979953, 0.3859291320911878, 0.0785336858121047, 0.9191796153070999
24, 103.78784808647848, -155.950478277563, -222.61851989346508, 19, 17.001034273628527, 25.038603078732272, 15.978721452436998, 12.282136141774426, 0.04973052239743883, -0.9123092625620538, -0.4064710132168829, 0.8972004385332204, 0.21961418565669105, -0.38314616343393704, 0.43881459437657194, -0.34563191244708513, 0.8294457986271889
25, -333.8755195595172, -241.36319543019928, 37.91685191532585, 12, 16.641115378860466, 20.860906470053674, 16.648717873611915, 13.268851247145335, -0.5724712747155482, -0.34982295841687505, 0.7415527879996276, -0.04302546684563167, 0.9159863700989865, 0.39889569939471403, -0.8187951201785894, 0.19645067461667856, -0.5394271810118407
26, 162.76982558446636, 306.2142413340385, -107.0824384878557, 11, 12.596161121117113, 17.135895313525705, 11.984315985593584, 9.731831254949624, -0.5700299158309533, 0.8053263240767846, -0.162835520715629, 0.13890403099691442, 0.28979252857637944, 0.9469561555606028, 0.8097972371097376, 0.5171748274329312, -0.2770534833550255
27, -23.749346921906383, -344.6969314866931, 150.8049949410532, 43, 26.492949212556933, 44.185548907605686, 25.58484593761552, 16.448559120831515, -0.9351053242330702, 0.3132924082407426, -0.16560766748457123, -0.0970840891589293, 0.22296227443192032, 0.9699806718756442, 0.3408118428446193, 0.9231119602295602, -0.17807750182994309
28, -224.76564504350162, 27.5226913955702, 158.12403229497482, 5, 5.744006348881522, 12.650269215110283, 7.63832842875842, 1.9613117845143364, -0.8756387025909839, 0.2556813039003196, 0.40973641937300487, 0.1382174191064758, -0.680226705087382, 0.7198524673441834, 0.46276647197082393, 0.6869633909618446, 0.5602932195715742
29, -60.54014534447832, 29.51289567660505, 178.4474357899262, 7, 7.375234462140083, 9.406185809146216, 8.554992715644188, 4.98533441826862, -0.13579512840688202, -0.18054031828342615, 0.9741482826423695, 0.2925245374995926, -0.9467262217465712, -0.13468057030660172, 0.9465669960766685, 0.26667331049728443, 0.18137328195412633
30, 86.12083733506385, -305.3465793731372, -168.24885836836583, 224, 47.30030108258034, 62.844482156785865, 51.704307240777965, 32.56850623434249, 0.2864314463129, 0.9490448147856481, -0.13141904767412993, 0.8263182840696371, -0.31412369971713205, -0.46746592890630184, -0.48492795338618233, 0.025302980150482466, -0.8741879884900003
31, 348.00201345553495, -239.78451001092384, 112.24223079604847, 45, 25.49340754918723, 41.149329465550466, 27.079992926712723, 14.86867803173884, -0.09849376368519183, 0.6290998529514971, -0.7710592412594057, 0.22715314755949872, 0.7685837290014794, 0.5980639590110686, 0.9688655355976588, -0.11624296335944663, -0.21860271590370559
32, -137.79440854730203, -347.3679131391926, -113.16157432636788, 18, 17.4565844307004, 23.623159512657878, 16.65501078792882, 13.520567448186972, 0.6624290464427839, 0.04310216192629516, -0.747883655434576, 0.37517224372886526, 0.8450329258855325, 0.3810054352693473, 0.6484084715396251, -0.5329742562325265, 0.5436036205076565
33, 313.07897624101236, -243.22875574412453, -215.2454453662126, 11, 14.159365868556216, 18.428586886491022, 16.866292809143758, 9.133132138797304, 0.6965365020979516, 0.694206490777945, 0.18142284698163316, 0.4696332905574532, -0.6322474313740039, 0.6162043150783295, -0.5424771641694509, 0.3440065895920384, 0.7664058929000516
34, 131.05228239999389, -43.34538981191145, -247.45393035003798, 10, 16.998898393968656, 20.762154602394602, 17.81772922248064, 13.278149644211938, 0.5718343014322734, 0.8168601011115842, -0.07579648354268269, -0.49039089313127404, 0.41443114876549375, 0.766657416886333, -0.6576642788226955, 0.40123110316236105, -0.6375667009935029
36, 77.82817600508878, -258.60655191590763, -71.43068346782475, 34, 18.495409450998746, 25.652343666975113, 19.495485976329302, 12.6511712734501, -0.8826438999320344, -0.016505266771804146, 0.46975240508331645, 0.43527831183162136, -0.4058920340400241, 0.8036071477730059, -0.1774050088407385, -0.9137719807871347, -0.36544251253319426
37, 286.26464821414396, -115.19463490140117, 215.66372846154178, 55, 25.241908991477384, 38.99965019531361, 21.74326486173864, 18.966234761058246, -0.5567047587839357, 0.8220505211190405, 0.11963591549043279, -0.08362311527479342, -0.1987410912906678, 0.9764779327892326, 0.8264907659127588, 0.5336055840792039, 0.17938253677666893
38, -345.81316423734717, -42.4934042699969, -105.3806973881476, 12, 13.970974738784852, 18.5917602506828, 12.914686206589838, 11.357317148778066, 0.5374654226493154, -0.38273453129613455, 0.7514287710820774, -0.5995297493129566, -0.800068737413958, 0.021309507304925934, -0.5930387838456573, 0.4619570261034713, 0.6594700197040806
39, -306.7003922908237, -308.95014881658096, 355.42637541099765, 8, 12.065513541016415, 18.248613748208975, 11.655780008347952, 8.257835233546482, -0.8482387131400796, 0.5055511130897545, 0.15782635262899525, 0.5021730560121102, 0.862425354194822, -0.06359819382178956, 0.16826558574444136, -0.025309691733520323, 0.9854167200521992
40, 103.83525712576181, 24.50917381158579, -245.8982477778663, 9, 12.887213481317136, 17.23602484986101, 12.870205512052504, 9.64838167418111, 0.6225355778118614, -0.4421543775896755, 0.6457158513903298, -0.4380842740019455, 0.4868169435496356, 0.7557059165741519, -0.6484840963590704, -0.7533317793982128, 0.10935998773812258
41, 205.30391143082412, 103.04725311835246, -161.5577134689079, 5, 4.465146770238395, 9.57090472659636, 4.00099894920968, 2.3248010120526073, -0.014407400714412384, 0.6967213632796517, -0.7171971617026923, -0.0180859709587361, 0.7169726805258199, 0.6968666106466147, 0.999732626485269, 0.02301124354232292, 0.00227116963298499
42, -265.7786769393571, -39.86697922056076, 236.54097005431154, 6, 5.637107981035921, 9.50372793215949, 5.328916283965008, 3.5370090356281447, -0.09930943661779033, -0.713378897108545, 0.693706122907138, -0.049533588174558676, 0.6998322873711593, 0.7125876740411696, -0.993822951758114, 0.036404927043558515, -0.10483616668756504
43, -345.878403414841, -239.95129697029415, -211.6476926486818, 14, 21.56743825817629, 24.417920257881732, 20.596150140755128, 19.948073978181938, -0.9609834521367078, 0.259960473458653, -0.09450585674215618, -0.018902886770572405, 0.27914339289137124, 0.9600633557619166, 0.27595921001328216, 0.9243914313991901, -0.2633381779472956
44, -352.5974801880482, -244.35322270303763, -31.771942355883738, 6, 9.474078956755216, 20.1443768857061, 14.038381451456791, 3.007046350594592, 0.3214140583788, -0.6923626590549123, -0.6460084762778896, -0.6779766446231131, -0.6445279164876322, 0.35345641062752964, -0.6610905175708196, 0.32437279974517597, -0.6765660458251077
45, -58.739365345577795, -150.32187306473944, 217.24785321564897, 18, 19.488273602446924, 25.53408946685418, 20.308499093837725, 14.273218064800108, 0.3386513454824675, 0.8245007311376769, 0.4533363106528649, -0.5212886839752369, -0.23669443048920302, 0.8198986855305707, 0.7833092455488322, -0.5139788817926548, 0.34964601371800513
46, 68.01969051144029, -101.10478236026657, -351.34980636794484, 17, 18.399478093126177, 33.9701481231896, 20.457383869657246, 8.963321575228235, -0.9189966684925203, 0.20558715099424996, -0.3364209366934769, 0.07690190679500937, 0.9303661925415598, 0.3584757237345549, 0.3866926687059641, 0.3035665843300085, -0.870813475347776
47, 33.34089678215932, -69.61828562900186, -70.07127792229875, 36, 22.35165934978603, 29.05745892856282, 22.355136652826882, 17.190731148021758, -0.8975651545776794, 0.1634784298220587, -0.409452801029448, 0.42207899855849634, 0.050293590468854954, -0.905162899004156, 0.1273817579710813, 0.9852641055781263, 0.11414258624865457
48, 106.48701591638563, 264.9187013262845, 132.7891654002686, 22, 21.2248991564233, 28.88774288695079, 19.966220411944594, 16.5778205949806, 0.386843455892615, -0.8012851470281869, -0.45639265307964316, 0.5739156334050091, -0.17818436155026499, 0.7992941755275411, -0.7217845844615863, -0.5711325997095085, 0.390940618486585
49, 53.79524419049237, 230.02814817740125, -87.97973695180299, 15, 12.653550616826042, 16.079948201236952, 12.000389318960458, 10.499224905846159, 0.7634818821156335, -0.6422676139459184, -0.0677327672355622, -0.464504866550823, -0.47323187851541265, -0.7485230912319111, -0.4486988351130098, -0.6029460185066235, 0.6596403975919294
50, 11.15233528752506, 320.1794113080398, -229.61266374895658, 8, 12.788366973472721, 19.263207437677526, 14.887747591545867, 7.292688646322141, -0.5096188297014121, 0.5445092368465748, 0.6661819116446527, -0.2894035319053962, -0.8376369173922289, 0.46326017564898303, -0.8102680075965274, -0.04329071044005422, -0.5844584418546361
51, 37.039986597168614, 323.7467989434966, 338.805932597598, 6, 11.29872798197508, 15.205723833954137, 10.697510193990942, 8.867452109847967, 0.24995270425910454, 0.35999627956141894, -0.8988472196850237, 0.8375966977931772, 0.38532207152724424, 0.38724497806933306, -0.48575242405934055, 0.8496643925079418, 0.2052194011895192
52, 275.83903855455577, -334.02171112215626, -11.137444714388204, 79, 34.307797752077526, 38.74626708477547, 34.16755134955806, 30.50245534655028, 0.8321799632530961, 0.5450917117579913, -0.10174249128470741, 0.26310883095977755, -0.22664672589083437, 0.9377659647875605, 0.4881088524407796, -0.8071593940577712, -0.3320293070697776
53, -213.83345504801738, 355.3650094838278, 338.2346683747614, 7, 11.237481199926151, 19.180466967491157, 15.676778817304731, 4.719444978902373, -0.5116226276978355, 0.043692133793922235, 0.8580986448375827, 0.8591788859406306, 0.01747994352547004, 0.5113766650211594, -0.00734362181615087, -0.9988921108002006, 0.04648249347594229
54, -37.424554419132555, 93.10612376820907, -168.5655726215385, 52, 26.97196550423535, 42.8597115209781, 21.9537875185822, 20.85350625352728, -0.09953183646099163, 0.29890551236871643, -0.9490779252549801, 0.3131020217700022, 0.9147714362279402, 0.2552652413177491, 0.9444895645237367, -0.27175119896160255, -0.1846368012306697
55, -271.98147816163174, 34.101615093452274, -246.98963806283572, 11, 13.830108326676587, 21.05502530304507, 12.23551575518532, 10.26830351284178, -0.10392129585551554, 0.6052245688594002, -0.7892424123909355, 0.28715529996554084, 0.7780033885870306, 0.5587956344217431, 0.9522301181801666, -0.16856437522812923, -0.2546445629392787
56, 137.96342135693703, 266.39662763173357, 119.88309011666479, 80, 31.5918934218752, 44.75603443854087, 27.02210924547854, 26.07090589529951, -0.6986772775843693, -0.6575611830212836, -0.28189244823326554, -0.3341951087071403, -0.04842038200272373, 0.9412593138572032, -0.6325849279768875, 0.7518435722877193, -0.18592351036411983
57, 202.01947235556318, 175.2098087174417, -326.4843476460332, 24, 19.384256240003992, 25.964766322775024, 19.127322197508732, 14.665903880381848, -0.11958121751400252, -0.8006852871646613, -0.5870293036432788, -0.9819904418209899, 0.1824973744211086, -0.04888231276871885, -0.14627065525964367, -0.5706117587707475, 0.8080885571287768
58, 97.73680426024615, -44.66412437633501, -245.34814433600786, 26, 17.72653148979268, 26.994753806264114, 15.26466557653024, 13.517756976465114, 0.6518648579521656, 0.7555860971751882, 0.06451245401137617, 0.5597321073389174, -0.5367976486951792, 0.6313067815010871, -0.5116367607794988, 0.37541701361405266, 0.7728453214635953
59, -306.22231939759536, 213.85817256706238, -350.64584592627676, 23, 17.31226209863287, 21.235677766034335, 16.300361978440183, 14.989877369842656, -0.8640451693118864, 0.41993925348915806, 0.2776273919622527, 0.5010812843482234, 0.7704634178475409, 0.39408586403805523, 0.04840962574456516, -0.4796218772508759, 0.8761388948092744
60, -255.91545919473563, 284.9961051455292, -107.83336437324803, 15, 17.858715545883932, 26.437111260157128, 16.341820397959452, 13.183667086676097, 0.8032426601892678, 0.5956510354475248, 0.0010357713840512034, 0.4624407761694551, -0.6225091200213145, -0.6313722547167245, 0.3754327601420263, -0.5076241123711328, 0.7754792087164938
61, -51.84627706698779, -113.27760987204442, 350.45593334065984, 22, 21.764966488184733, 36.67663945069269, 18.42477781192325, 15.257459053939742, -0.886687518133917, 0.38331706118672054, 0.2585600042324614, -0.1797801368427084, -0.8010241278153977, 0.5709986419024117, 0.4259863232338936, 0.45981341570332046, 0.779170889572316
62, -100.56818732700249, 80.56987220258705, 248.31520846037537, 7, 9.520709839373222, 15.705925248731088, 8.887635791167684, 6.182415838795202, -0.1328295126990212, -0.788364633656242, -0.6006975320044189, -0.0026231201157971944, -0.6057862161194563, 0.795623139181189, -0.9911354295942603, 0.10725793564921345, 0.07839831275780476
63, 115.0784894338749, -85.2063138329745, -19.552500173677167, 8, 11.161613044824543, 16.343573633345002, 11.643349750875137, 7.307282863818496, 0.5701484593807196, 0.5780122507535843, -0.5838086777742921, 0.2832528577389216, 0.5287464355833316, 0.8001218816159548, 0.7711670071058054, -0.6215537344724891, 0.13774034381682426
64, 90.47907719275477, -161.0329486572525, -182.82558866936347, 32, 22.36463334831555, 31.682435910181695, 20.261449973764694, 17.425941880981473, -0.49819292767464, -0.6818320904165874, 0.5356386909971287, -0.8468974536894521, 0.2501826193830216, -0.4692263418575008, -0.18592608679067288, 0.6873962884950691, 0.7020810728213023
65, 326.8235065116071, 277.57759354025853, -205.82235092350575, 33, 20.470715793813866, 32.53685423500234, 17.43325039101165, 15.123250880727822, 0.7698951300977757, -0.48343302219605283, 0.4165981297391044, -0.5077865302833549, -0.8594648128322936, -0.058932802121924935, -0.38654149623878653, 0.16617084146607025, 0.907178550855309
66, 0.7688138916419851, -59.83191230906991, -230.63177956279353, 194, 47.71439839710957, 66.55526184056585, 47.24549745203423, 34.54661776623838, 0.8660258586085198, -0.48841848216355294, -0.10698877746019499, -0.26651423916800515, -0.6319714318791012, 0.7277240339643716, -0.4230477189893303, -0.6017137987197323, -0.6774740820785651
67, -299.3386145179048, -271.0792998028604, -83.20439807464949, 41, 22.070481822306007, 28.993085066570764, 24.78159062932885, 14.962764301381782, -0.8756572364224386, 0.0721244356897297, -0.47751698407224813, -0.292597640218831, 0.7074024133415128, 0.6434037974219418, -0.384201802753956, -0.7031215338581522, 0.5983386026202635
68, -303.867284084696, -182.28930817545438, 13.844967428398578, 34, 22.32517702320621, 29.14150494054171, 20.99885061884333, 18.183489643254116, 0.015381459983882864, -0.9956031362166443, 0.09240024807513221, 0.2029934704122841, -0.08737738488049408, -0.9752737275152156, 0.9790592738229599, 0.03375778083683465, 0.200756944024935
69, 95.99731190470779, -176.51890658514816, -351.43025233746346, 8, 9.99893725764482, 15.898143064541745, 12.45334104064468, 5.049277590826578, -0.1164269320670291, -0.9681538174606771, -0.22163698975075752, -0.954853125845363, 0.17051805647205692, -0.24326754917237095, 0.2733135151301502, 0.18330787804486304, -0.9442975930785225
70, -146.601683344816, 40.38823257809411, -205.28333433033578, 5, 5.609588780120154, 8.474091301553553, 5.8791590064812285, 3.543110787609299, -0.570956932303565, 0.590868243876027, 0.569984999656449, -0.05435268562981684, -0.7199557837740751, 0.691888325508592, 0.8191788370187115, 0.36405822032899793, 0.4431790216058902
71, -279.41655486829177, 279.44710560392866, 168.1350159285454, 10, 10.442851882163255, 14.531749606536005, 12.881944924843935, 6.083563007718609, -0.14888399179492212, 0.8947373032344145, 0.42104479000222417, 0.6899643762819214, -0.21101989441339294, 0.6924014468671044, 0.708366230455058, 0.3935933972547914, -0.5859193811338924
72, -260.1229858720565, 189.08350845603934, 61.5516994057188, 9, 13.906568178072398, 19.371570065399258, 13.044453653508835, 10.643125717980357, 0.47420957180658346, 0.3004495397558341, -0.8275598806536745, 0.6336321554034663, 0.5361387140086936, 0.5577325263778882, -0.6112573710359434, 0.7888506534202863, -0.06386762053352546
73, 13.599562490055003, 120.65371935131198, -63.185522512559615, 8, 12.758260541071815, 21.056463140433628, 12.236255127074157, 8.060100416160504, -0.7253185517352099, 0.3269964424348544, 0.6057939626173957, 0.6508530047959601, 0.6124268757132315, 0.4486910830986059, 0.22428411592622446, -0.7197267874263668, 0.6570311916523548
74, 50.84925214343586, -319.60043527655296, -118.66434139450523, 10, 14.24963897319327, 23.049764490027208, 14.445964894680854, 8.689575005982782, -0.46998929104468745, -0.7971207829667591, 0.3790890708867416, -0.004184571689531129, 0.4314862656762435, 0.9021098003527871, -0.8826621979347973, 0.4223956201184278, -0.20612953316223695
75, 331.37402546055597, 208.96621436766983, 321.6328710130554, 15, 12.171484175269091, 17.713392111755997, 11.662501309593024, 8.728450922053783, -0.15179804464053118, -0.9827723449268271, 0.1054318343307037, -0.16270411177191296, 0.13005800914176172, 0.978065583828914, -0.9749280617849833, 0.13131425019816798, -0.17964365293287893
76, 234.28696000647363, -54.63744799827586, 38.528192042352515, 73, 29.962998212998365, 40.40083734288636, 30.5995498100039, 21.759574655199135, -0.444301741753037, 0.6012212532837815, -0.664175403696265, 0.8764365682079605, 0.4453067354412033, -0.18319621524079371, -0.18562032265641196, 0.6635020090177398, 0.724782850132612
77, -181.87826704679617, -185.78987116401768, -311.5918117830054, 23, 18.106118589292368, 27.10099569468745, 15.856629359041017, 13.812743893693948, -0.6021713014170561, -0.4278482135702017, 0.6740442343752198, -0.20361427108205232, 0.8986617216068281, 0.38852070566493146, -0.7719656419565663, 0.09671099349835496, -0.6282643005735308
78, 117.56592891194651, -171.48119570824963, -319.27782597910726, 19, 15.18084047356719, 22.774336936261697, 13.422259579961374, 11.445007312247009, -0.5208386086838588, 0.49338315381855313, -0.6966349167478761, 0.7844907009927486, 0.5984163383361228, -0.1627028766441845, -0.3366028576232976, 0.6312455540757832, 0.6987328292698058
79, 312.82995625755774, 230.73999818972231, 267.48728076846027, 99, 34.427197138875954, 46.38774535154209, 33.373387789434624, 26.357331573403826, 0.9205574865329963, 0.030043056401720676, -0.38945003370149456, 0.3121032747436845, 0.5429484360355156, 0.779614354473323, -0.23487328473523852, 0.8392284614862813, -0.4904387113075891
80, -149.56994718859852, 33.8169313075416, -46.07489731654253, 262, 53.70620219027955, 70.10623545261768, 51.93734246007088, 42.543866448431935, -0.9163984836035883, -0.05423692673223213, -0.39657556030053853, -0.07355942662956964, -0.9510822528788984, 0.3000525937443772, -0.39344990787007744, 0.3041396127396788, 0.8675806970879342
81, -66.83034650562385, -65.25065212449334, -24.916850496961057, 92, 29.44812241284432, 36.02033585923107, 30.34477058832263, 23.36367803883131, 0.7928323925064166, 0.5342592446602258, 0.29323004090242233, -0.37275011141093256, 0.04444121620187342, 0.9268669444670231, -0.4821557340068543, 0.8441516675323125, -0.23437962873664545
82, 77.15215377472877, -265.96834133387955, -336.0383242891399, 12, 10.993646951448445, 19.47625943386756, 8.807738662250435, 7.745605736696829, -0.9299321989666631, 0.19804036014846113, -0.30984854538515116, 0.302967007101468, -0.06494048209450555, -0.9507858467569404, 0.20841568542939856, 0.9780402596711447, -0.0003905501166263518
83, 310.69605964379116, -351.3108414972186, -112.12529830640092, 18, 18.95940664247557, 27.89471858088898, 20.210154134620492, 12.088783903049167, -0.30147209769817485, 0.06814668959493608, 0.9510365939366969, 0.9534387705251554, 0.012850942472428288, 0.3013127347741055, -0.008311748849797877, -0.9975925430629592, 0.06884789652731607
84, 98.65886486455105, 121.86878236065529, 267.5062371405789, 27, 17.786214531437306, 23.692867581423787, 18.34817529077994, 12.943152591364946, -0.9582109162526703, 0.08685294494576627, 0.27255899531746486, -0.10763483082906834, -0.9922418122407852, -0.06221679221496668, 0.26504071982738014, -0.08895365082654214, 0.9601253380876966
85, 353.4860314207639, 77.58136818860143, 132.62254219495037, 16, 15.35193915942743, 23.237032657430817, 17.645853489522718, 8.824017981044651, -0.11852472508906388, -0.5861270624169876, 0.8015029358929352, 0.1850686532658342, 0.7800085260893368, 0.5977761226465229, 0.975551886431948, -0.21918431953580358, -0.016023449962307215
86, 271.66656747167326, -233.11176296443122, 46.45094732869728, 17, 16.182738283878844, 18.849763883090887, 16.061826290631767, 13.997652008218953, -0.08186005218742018, 0.843926668362616, 0.5301761125156886, -0.3969271005252015, -0.5155590523946258, 0.7593732549692621, 0.9141924352807392, -0.14827893282706112, 0.3771810564637882
87, 53.707947793129584, 350.1966810827267, -13.324522864451978, 13, 12.96153404743831, 15.448699757887924, 14.83551977914061, 9.501113698076948, 0.6461435239803119, -0.1031196851536063, 0.7562174799302944, -0.3892911327251023, -0.8967773589316492, 0.21033968358154093, -0.6564685524835991, 0.43029838373086704, 0.6195904619655562
88, 325.17301360832363, 133.44901548998862, -235.95398963737503, 6, 8.861317741134473, 11.075009888883578, 8.152208016507815, 7.706825977579164, 0.09960965544921224, 0.9224550511824762, -0.3730343081932607, -0.5858852103829736, 0.35739286151819605, 0.7273299545531822, 0.8042489893035546, 0.1461061979649419, 0.5760525515267162
89, -355.75711206752993, -226.96530590328615, 22.414876638856942, 10, 14.367723783419143, 28.411355352225065, 14.974990747053978, 6.971165539714411, -0.09219874981287193, 0.9927422621981009, 0.07721522763510083, 0.027807809797243246, -0.0749482190890958, 0.9967996238811756, 0.9953522573678245, 0.09405086549931287, -0.020695855904174054
90, -351.8651791755474, -94.7653134306715, -227.50408656080856, 11, 12.747470901427382, 20.46503220963179, 12.951392246796262, 7.815255822669603, -0.0072796381792396714, 0.2798793576793019, 0.9600075791435195, -0.5992431989099556, -0.7697803569855566, 0.21987676220863459, 0.8005339439574956, -0.5736773894308635, 0.1733195240809493
91, -171.78085970525214, 344.50396138677235, -304.6871818019949, 7, 10.835099716959254, 14.64491093550853, 11.924077096553265, 7.284290000001597, -0.6127218526002064, 0.769509195889541, -0.1800764526183329, -0.629128213816939, -0.33703170284636097, 0.700433666992093, -0.47829867439255985, -0.5424621910492133, -0.6906266352787206
92, -73.90363033847255, 349.65990991220076, 328.189646806245, 8, 11.267438255777671, 13.610468282160035, 11.314535698966806, 9.288931404089068, 0.3614225730158981, -0.6842508545933623, 0.6333833686661035, -0.7419917376002967, 0.20030318997207222, 0.6397865999064878, 0.5646432369624734, 0.7011985454029872, 0.4353143862512187
93, -30.722384309493314, 126.56101647369444, -54.20969283036549, 7, 10.073993127282737, 16.054713007988045, 12.372982418381786, 5.146689977407719, -0.059703339490695666, -0.8512170451301195, 0.5214068021550993, 0.997962649113528, -0.06266982408354488, 0.011960105503158291, 0.022495826901180745, 0.521058571783716, 0.8532244151117256
94, 344.66418475654797, -83.82142752176327, -216.1521537092018, 27, 22.318959635084365, 26.480343949537264, 23.868202596369407, 17.590512908961273, 0.38511577498810506, -0.16264064365620304, 0.9084238332884091, -0.7572541329631358, 0.5069462629958814, 0.4117908019185959, -0.5274959885776959, -0.8464948360537164, 0.07207270335453791
95, 161.03740515255365, -125.49586788707853, -115.3611281167898, 6, 10.97042914423344, 15.98621709856308, 10.737651071828031, 7.691585226448234, 0.2025800802911177, -0.8221940049913263, -0.5319382757666223, -0.9328817426198909, 0.003167565937319365, -0.3601688781842604, -0.2978136419906249, -0.5691985459243157, 0.7663680903860264
96, 63.47314676444586, 123.94472182307729, 309.9100176065384, 5, 6.175415131535071, 11.705162524508781, 5.6289948975224116, 3.5742931566754326, -0.3439998079453014, -0.07377905539795725, -0.9360666552752431, -0.899818039191889, -0.2589660452890166, 0.35108985136604465, 0.2683125574371434, -0.9630645037441427, -0.022696544882156378
97, 106.50415984781881, 146.33684549616828, -201.30519807421553, 38, 21.99706114850966, 31.362850236577728, 20.11034315088814, 16.875590597192296, -0.6916804169890717, 0.5940992116502515, -0.4106389259073884, 0.6907614505168682, 0.7101629341567648, -0.136078012293268, -0.21077670467501008, 0.37777603638452706, 0.9015866276181896
98, 137.8824961571099, -0.8277759019013242, 147.82549009336626, 6, 8.668630036697726, 12.665963952897002, 9.783703495743502, 5.256659842687186, 0.22070122211477047, -0.9748974398035325, -0.029427069537493303, 0.10008174706404367, -0.007375498193915819, 0.9949518812138607, 0.9701930810213272, 0.22253220865957643, -0.09594165751869844
99, 87.01299594609088, -211.53784308084124, 79.52776265028464, 7, 10.6532853322099, 19.25972213837496, 9.442000796843569, 6.648698315908077, -0.9475109082266571, -0.2861155149970355, 0.14269194395436804, -0.3149883555022434, 0.9118800659014722, -0.26316740168478137, 0.05482166259324499, 0.29430028455560253, 0.9541393649886811
100, -171.08534059996632, 330.0838760421967, 277.6413288648943, 15, 16.01116081191096, 21.21003921665747, 15.490974958504454, 12.492467694950236, 0.1391491654436034, -0.965888787446812, 0.2183949634054691, 0.6692976019684866, -0.07081087060818711, -0.73961242593871, 0.7298480867657204, 0.2490876771103661, 0.6366137756569359
101, 59.82902732318754, 102.19029742563671, -98.53552363189473, 40, 23.41535194579411, 27.8104757339784, 27.08655111215911, 17.042760500089017, 0.7687939913268496, -0.4484305748799333, -0.45592304001068484, 0.04534053258152351, -0.6729242483461619, 0.738320521246008, 0.6378871647908858, 0.5882881738575108, 0.4970080376557711
102, 35.60937863675202, -67.95479785661, 150.5353024239402, 7, 12.865109860171003, 18.03653930317917, 12.886580543701688, 9.16114152812741, -0.9970458358204339, 0.06713012460330854, -0.03732489308593375, 0.07490971403080778, 0.7424686234832224, -0.6656792605202235, 0.01697456971338912, 0.6665087317610113, 0.7453039477081639
103, -13.81740927918479, 50.145356547003395, 185.5531538724699, 22, 18.36457755618039, 24.58386420075569, 17.35408899445058, 14.517467398341843, 0.7921834574472834, -0.34651837865395485, -0.5023647907665328, -0.18791128241990798, -0.921671790599253, 0.3394266641748588, -0.5806330335816021, -0.17448817630029193, -0.7952478586234764
104, -284.9558690081069, -56.17947458883471, 219.99226321550185, 17, 16.33345898235725, 25.32204049489075, 13.583958476345474, 12.66804082778338, -0.43749012085356576, -0.6762691371806713, 0.5926739814201758, -0.7908300960569338, 0.6030708833363291, 0.10437082371295431, 0.42800718840472785, 0.42304321737719003, 0.7986515403510064
105, 72.19919619400676, 160.08707095746738, -221.82375858952983, 10, 14.710650947059753, 23.510673228789138, 15.047589982428207, 8.998366083951007, 0.8278032117608114, 0.4646518222492386, -0.3143891325713203, 0.2188761537097369, 0.24849737725672982, 0.9435795053061283, 0.516560811459519, -0.8499104291494419, 0.10400572333912579
106, -346.51333841123966, 18.3704608305605, 348.1906984081306, 14, 18.69982393811613, 29.963467701754567, 19.77765750033364, 11.034321353900943, -0.07667800672130921, -0.9914268335982758, -0.10579847308228822, -0.44347765364537944, 0.1289495938496287, -0.8869608632646677, 0.8929994703259546, -0.021091132433149435, -0.44956324374914347
107, 47.44837341299258, -101.37209716094034, 203.68445509776143, 8, 11.36455823161932, 14.044831425354309, 11.286552364731376, 9.259335982652292, 0.16888443035004197, -0.9678011913620632, 0.18665182341330835, -0.37169672727153547, 0.11285388275285482, 0.9214692312189455, -0.9128634027722721, -0.22499967810149424, -0.340669271777266
108, 66.37379024950808, 37.87289602187802, -247.39199983757595, 58, 27.277238691992817, 46.582522112725464, 23.721724451861856, 18.36673485347352, -0.9204776869470809, -0.10102590962896622, -0.3775110507206269, -0.38162163562131796, 0.024293185682901293, 0.9239993335252391, 0.08417692711344259, -0.9945871539050845, 0.06091500823871008
109, -53.177424473094476, -149.19319112037107, -78.24676339364837, 86, 36.49117498962676, 63.96713728344939, 35.17903007144996, 21.593486336830445, 0.35369665831883546, 0.042489785617171386, 0.9343946125766649, 0.8401865958545591, 0.42460044835791927, -0.33734395414855406, 0.4110780437342974, -0.9043832580120335, -0.11448041136859448
110, 184.24263811681166, -4.6749772832702, -298.6158588297579, 33, 24.140831660449404, 33.33751257513065, 25.192597346194503, 16.75137824061528, -0.07711569460500403, -0.7644914292069641, 0.6400047064785392, -0.23850728914271319, -0.6091333589041057, -0.756353636929179, 0.968074089453582, -0.2109725236595891, -0.13536303627402224
111, -91.14149881830434, -161.08436448330974, 129.04448284776518, 11, 17.860551706518166, 21.153562498969876, 18.489008497897863, 14.567581949752025, 0.06029140340372336, 0.4148808539121531, 0.9078759957905771, 0.6769406749310589, -0.6854095500362262, 0.26826306369498654, 0.7335640867023763, 0.5984042327526277, -0.32217402894126607
112, -198.41162860811033, 248.01384733228943, 172.54506083204313, 5, 6.542613019488631, 8.773883131217735, 6.503636525067721, 4.908011751484379, 0.5896979751932071, -0.2081313961810289, -0.7803445520901439, -0.6181561727643806, 0.5054980352060255, -0.6019590372077995, -0.5197492127231411, -0.8373488271482703, -0.16943346052976505
113, -150.2506865715241, 23.186044216568263, 286.30950976652986, 28, 20.26434468975248, 25.158515521480144, 18.982159547714836, 17.424770260584317, 0.38327185653688506, 0.2503014532463134, -0.8890736001533017, 0.8120221916076166, -0.5500116401574702, 0.19521054281993216, 0.44013934648419684, 0.7967662004591242, 0.41405431706769436
114, 88.4416381577802, 26.677042513452015, -280.8201854124033, 10, 10.179980323256153, 16.9907390454264, 11.905610183189536, 5.2152710811149, -0.38327826651072444, -0.539254940879254, -0.7498679078063324, 0.15522798719531736, -0.8379281072361351, 0.5232406321139048, -0.9104954928014878, 0.08414627645345231, 0.40486709145989525
115, 62.65625695415316, 96.16133172935916, 333.88262497265316, 13, 12.886168484568614, 18.80210761130729, 12.59042945026007, 9.03908225226603, 0.19559610906955335, 0.6780589919509731, 0.7085041746886759, 0.8962737849761194, 0.1696335399176101, -0.40977770132060826, 0.3980395262802838, -0.7151646422813773, 0.5745468387774116
116, 298.4026204339866, 239.51808194161208, -342.8082695583508, 12, 15.103934123182837, 21.42844571748203, 15.64403438614866, 10.278525440514297, -0.18644240858585198, 0.9821888418800968, -0.023330391487081513, 0.6903960876552266, 0.14787450630991453, 0.7081570253368638, 0.6989938987080383, 0.11592329045465118, -0.7056694128975007
117, 24.65229990228952, -138.7335069343289, -234.3697817319664, 8, 10.90618934860958, 18.27885492294553, 11.350297584860144, 6.252631962366391, 0.8499402152820628, -0.12374046379327809, 0.51214248805045, -0.3421435112805962, 0.6095718209260463, 0.7150944083276618, 0.40067374275695306, 0.7830137244985743, -0.4757626079380407
119, 313.9310583463325, -290.47825012187315, -153.52289215289363, 82, 33.21565684882796, 45.463339984728655, 32.27453508881678, 24.97509806997365, -0.06500763665706824, -0.5219123346152146, -0.8505183843708252, -0.1569627195359897, -0.8363631225884833, 0.5252232209736234, -0.9854626892237621, 0.167643198939109, -0.02755078941397773
120, -280.1792385333487, -79.50581148246619, -313.10020571183713, 24, 19.97920794717295, 29.818603676814845, 18.688832321725805, 14.31084675180435, 0.3794935548795107, -0.7688212086048948, 0.5146830005005221, 0.6047226802215871, 0.6271398710502155, 0.49092368262769626, -0.7002107695762271, 0.12493811003223879, 0.7029191609502761
121, 199.08328584480446, 51.290750278562825, 105.52814769132264, 10, 7.878766240287945, 12.023605800410682, 7.817026483207541, 5.203533243275873, 0.39161858426222923, 0.7847119280682152, -0.480481086420591, 0.5154905080721569, 0.24543571989474347, 0.8209938145243594, 0.7621708604689358, -0.5691998746900885, -0.3083943613376053
