# Void_ID, X_c, Y_c, Z_c, N_particles, R=(abc)^(-1/3), a, b, c, vector_a, vector_b, vector_c 

0, 197.0615685091983, 281.91473052559957, -212.3166906029237, 27, 19.611868780178934, 26.41070643446705, 18.40104420792517, 15.521527181542305, -0.9634593707042973, 0.26669622792674974, -0.02488298639075373, 0.036775350163402803, 0.22372475160948904, 0.9739583200207447, 0.26531795005698067, 0.9374541895617703, -0.22535755556591874
1, 249.6889123837776, 211.64994788486166, 293.901877689083, 23, 17.179012063994872, 23.1757147686115, 16.725952459590577, 13.078880109670573, -0.9463470548398061, -0.3002401797015571, 0.11951186672796076, -0.30958697807220337, 0.7363132554873714, -0.6016632719401359, -0.0926453172272958, 0.6063815830699069, 0.7897583306996433
2, 111.31736473905544, -130.1486930101443, 296.7934534374918, 123, 40.20685616969735, 58.68654491454478, 37.06077514664263, 29.884590460187955, 0.20254155914456717, 0.6863253733210684, -0.698523012330291, 0.5158472909568107, 0.5315437622030926, 0.6718353974564762, 0.8323932299291049, -0.4964057924709161, -0.24637938219241126
3, -268.39373017832145, 192.64520470451006, 272.7240865413473, 166, 42.915319885620065, 69.5939061065226, 36.60071387605571, 31.029608285280695, 0.4447478980766708, -0.8070282207586542, 0.3884646162207109, -0.6455328643953102, 0.011831140740277718, 0.763640848235851, 0.6208756945975331, 0.5903943385635607, 0.5157013640180977
4, 53.32314470642075, 353.06077289335144, -164.16576421023646, 6, 8.981101283752789, 12.188353925910373, 8.992136961995547, 6.609685758342199, -0.9961142190033454, 0.08669437680993308, -0.015509601184193197, -0.031886739932760415, -0.19085866785890446, 0.9810994876767519, 0.08209566685164259, 0.9777817005511311, 0.19288143392126236
5, 248.3145782814511, 333.64759335462577, -209.12800209632866, 129, 37.74911226971375, 54.415117102662386, 32.26065599938376, 30.64273084596761, -0.9827186130931894, -0.014555716885704919, 0.18453254072423503, -0.17992711315693813, 0.30927002214667804, -0.9337977764764722, 0.04347828689367467, 0.9508628631444896, 0.30654437535445817
6, 14.305011040737813, 320.0975382681884, -347.4891241285072, 9, 12.24365178702076, 17.45398303317282, 12.922285462844208, 8.137650409185712, 0.41456957127777844, -0.8584431603963907, 0.30200564719755746, -0.49536745523818476, 0.06550930199055716, 0.8662099143068931, -0.7633761555494143, -0.5087080417305856, -0.39808664059125287
7, -45.067841483476336, 66.01964803756637, -90.06800934799854, 185, 46.55551225560681, 70.48219462423006, 50.36843969991325, 28.423359811288492, -0.30591527148513903, 0.8323611200410922, 0.4621588606919836, -0.7029470481251622, 0.12991322602494612, -0.6992767701246139, -0.6420913441281499, -0.5387926498642402, 0.5453633524981081
8, -108.00474082755483, 175.8753079245983, -0.8688478885331694, 33, 23.745615061999942, 33.453509144376945, 20.54615725593931, 19.47950790916367, -0.9898902270368345, -0.13732166664806625, 0.03549786311824661, -0.09675475321731979, 0.47077306619739606, -0.8769328582468318, -0.10371044376927463, 0.8715018531317634, 0.4793001813488939
9, -32.62684164071631, 22.460609463331974, -234.46205613785327, 5, 8.138765956773842, 17.93287411618697, 7.310611938818664, 4.112179353889825, -0.9423540576364726, 0.18925315096460998, -0.27595665403472724, 0.3044762541461724, 0.8270315186622607, -0.47256013141219405, -0.1387913567812869, 0.5293412056407155, 0.8369795978956973
10, 268.1704061673059, -329.33981270814877, 146.79558500565687, 12, 15.216665463383377, 19.140335944372012, 15.951751326930774, 11.539860305921874, -0.7588414077234029, -0.00290915206624736, -0.6512689573122762, -0.5367904933242327, 0.5690662584134121, 0.6229121605909509, -0.36880304255942714, -0.8222865257132795, 0.43339264579511905
11, -297.1326323890678, 199.97135586685187, -202.3100142394805, 288, 55.82182485814483, 88.8446243094208, 50.4434414958466, 38.81291182145597, -0.8000811743096953, -0.47783328722007773, -0.36269196867269293, 0.055629107525787196, -0.661087737569936, 0.7482435470022764, -0.5973068867099253, 0.5784793452312001, 0.5555052927108602
12, -6.0971170096793745, 268.2846239245257, 261.4115615707897, 17, 14.556415565659263, 19.507899153638053, 13.263857087142759, 11.920185149099495, 0.15997345545543823, -0.5418722953487543, -0.8250956969243747, -0.7064983155664653, -0.6466093818611016, 0.2876741861741356, -0.6893972901392883, 0.5369084864506017, -0.48627220106225466
13, -90.1054738092248, -58.18347010453891, -204.93738481631107, 5, 6.756825660421819, 9.871666352698146, 6.4643491473322205, 4.834069239322368, 0.2629784631308804, 0.4282602321123779, -0.8645435220510143, 0.49953037509834713, 0.7061877197658606, 0.5017651929000247, 0.8254160964528283, -0.5638191891404076, -0.02821683316087432
14, -120.92883556840312, 2.843721910927605, -255.5879678379939, 10, 12.187001009136589, 15.444270391377497, 12.15610741260358, 9.641145030186152, -0.7692264397329255, 0.12687950191685315, 0.6262525659900638, 0.623111897813648, -0.06808774434003337, 0.7791634115342942, -0.14149999017272943, -0.9895785219294209, 0.0266852340649299
15, -199.29887272359105, 148.71144633948393, -292.21762703394586, 16, 17.50000648076803, 21.831266526923102, 16.18458494669586, 15.168202932979238, -0.8451117227754673, -0.05095063039169672, -0.5321561888113022, -0.5097449282259915, 0.3767432629671015, 0.7734498186416364, -0.161078503144772, -0.9249154269832405, 0.3443619734422624
16, 47.562465407793844, -265.22991921915354, 127.08837730574363, 124, 37.505423627743596, 49.953157842764504, 39.090466821387864, 27.017702860424357, -0.2614370851850395, -0.2554942775676424, 0.9307917729654356, -0.6929301364876616, 0.7209972726916358, 0.0032800485383089363, -0.6719363633835733, -0.6441161439534104, -0.36553511002562766
17, 194.09171891735616, -305.92531458508853, 158.33329161573138, 9, 9.52989093034512, 15.867330046922058, 9.059302465695186, 6.020952143903022, 0.7939037405998284, -0.5922126515664086, 0.1378442091140717, -0.1925250936129361, -0.02979220303363213, 0.9808396978954987, -0.5767589955873517, -0.8052307743517297, -0.13766793761069807
18, -28.47485599100096, 148.09741773109815, -93.07393499932449, 22, 20.885698427543492, 26.687539646555, 19.401346001820592, 17.59570248357136, 0.6859359874424016, -0.097541248976599, 0.7210946719256096, -0.6531366211187283, -0.5193986334720272, 0.5510332237723978, -0.3207871183277592, 0.8489468559901007, 0.419981976303145
19, 185.30501622066387, -112.86536397263185, -90.08072836577277, 38, 21.782926657920623, 30.783418603144707, 18.587211465685044, 18.064152864396263, -0.025607034515381707, 0.2863851225497668, -0.9577723327417028, 0.9987249678682655, 0.04902452172457606, -0.012043040571574038, -0.04350538288373329, 0.9568595287981572, 0.2872753449363663
20, -192.26194616933762, -175.7824162700913, 282.02574497691336, 43, 22.29645241604788, 26.664644947918067, 23.170355384864965, 17.940676031459095, -0.7758315255396881, -0.4788889324526872, -0.41079293366985487, -0.6112455521554304, 0.7318851998046648, 0.30120247222937757, -0.15641073795926874, -0.48477772708862477, 0.8605383410225391
21, 167.96651230347828, 124.03024142579696, -56.12609459009088, 61, 29.072909337259112, 36.12622372134808, 29.103858948222683, 23.371809505231237, 0.1504404571092358, 0.7537214653581492, 0.6397434028758159, 0.6895871940890186, -0.5436947216105011, 0.47839894590322213, 0.7084046658606912, 0.36918830202383757, -0.6015503528679524
22, 16.711428857796097, 57.634577920143585, 26.28554305477803, 146, 39.05981779676208, 62.79935192718988, 35.96835423432354, 26.38243705238062, -0.42800130671401715, -0.24954211505887447, -0.8686446996689944, -0.22654140724340058, -0.90082028427089, 0.3704076217497322, -0.874925066651581, 0.35531893878325255, 0.3290206368705008
23, 213.57142905613878, -134.36948338254732, 62.19962379028061, 13, 16.41871065956353, 19.161195948241577, 16.465703844273428, 14.028596910265026, 0.1269473002097095, 0.7745144922241812, 0.619686763053871, 0.8937983773603, -0.36022955938849693, 0.2671312882663954, 0.43012654370261916, 0.5199634274422462, -0.7379899664121123
24, -111.68505242981497, 177.09403564385823, -129.29757989123607, 21, 21.641686641860588, 29.692001084719028, 20.444118737840743, 16.698038225570098, 0.5606861930364431, 0.43325892276090744, 0.7056328356775629, 0.4903062853507723, -0.8604397524641231, 0.1387197856291808, 0.6672561273482817, 0.26819794597934277, -0.6948662621603062
25, -283.1592608951876, 309.7684078867307, 25.5158939320084, 7, 12.956685917146354, 17.269868326710185, 12.192896376501563, 10.329656606112675, 0.389140323996819, -0.9188512403750898, 0.06543856890863149, -0.47465982703951676, -0.13912627534229743, 0.8691040950911434, -0.7894731514335785, -0.36926450895061486, -0.49028141469465786
26, 82.54284032335278, 108.0011212029527, -110.56465970604819, 8, 12.46678510392902, 16.945821704852925, 11.801414170853546, 9.688727365410983, -0.896363595207215, -0.33523168276729043, 0.29008968278138914, -0.01858874425530294, 0.6822037358355181, 0.7309257974644715, -0.4429297503828424, 0.6497828727206303, -0.6177341293345529
27, -144.96495905876014, 271.271364591329, 283.04589526010335, 140, 42.19223176823325, 85.76006137932514, 33.9063190805209, 25.83043776061247, -0.6063689891723053, -0.2065537872707563, -0.7678881311325653, 0.07395383939491783, -0.9761375151134696, 0.20417243013406958, -0.7917370009093343, 0.06701555455420727, 0.607174963942754
28, 93.34157566958335, -102.80178640262974, -37.402082623181194, 41, 24.375885515115325, 29.75443795010339, 24.096332017736064, 20.201262632420924, -0.9966367489100165, -0.07183888159128914, -0.03942544627249174, -0.019278837444645213, -0.26205880477155075, 0.9648593209730055, -0.07964619983938552, 0.9623743335799325, 0.25979246509035936
29, -263.2314588316006, 324.6525840369569, 143.28795794825047, 115, 41.734860607494085, 60.6998429940899, 40.470133358266125, 29.592025920814464, -0.219603822278749, -0.9536885379138563, -0.20555372507520908, -0.9718824473620801, 0.19550906437845555, 0.1312277190815815, 0.08496275507572341, -0.22859216608972344, 0.9698076880765335
30, 229.07544840005852, 197.86435055835594, 105.99730754991968, 7, 8.969018817213367, 14.736440014560937, 8.995002966926592, 5.443032330887148, 0.80636527466917, 0.37200267089020395, 0.45977065658681227, 0.475068664054184, -0.870455684345354, -0.12890564776081012, -0.35225673626133314, -0.32236766965906516, 0.8786320488788792
31, -129.28670206461092, 25.92535127937413, -92.17419291918995, 11, 16.423731304245564, 25.52408255076928, 14.455167712353482, 12.007213100230707, -0.6299706541506603, 0.5634143259918963, 0.5345103106359002, 0.7765874903444134, 0.4508130941840612, 0.44009024523699497, -0.006988901884756109, -0.6923379603772207, 0.7215395372889523
32, -265.3233194606608, 307.89257780784374, 235.1686056269833, 41, 24.353471871455113, 29.38565606579928, 23.642918058846128, 20.789602365091696, 0.13518750609116442, -0.9664937988364541, -0.21820649625419322, 0.9211963377613936, 0.20369876728744807, -0.33151790223239896, 0.36485839101197565, -0.15619394679773493, 0.9178680763006732
33, 340.900695053142, 313.56085864338064, -32.59333722595431, 47, 26.720070906422556, 32.6286707250701, 29.335091958377724, 19.93085748121341, -0.36806898365543117, -0.6166398920500961, -0.6959026273864065, 0.32611730512569675, -0.7865145161609333, 0.524444867613066, -0.8707311448250898, -0.03391400006749822, 0.4905885384219755
34, -284.1380999040612, 272.77242895717717, 356.2746814126147, 6, 13.319758870175402, 21.970199173182372, 17.387268652935557, 6.186196768807617, -0.7731432438269744, -0.6336266615484896, 0.0276907619905897, -0.631965517750991, 0.765959078094353, -0.11800963968494592, -0.05356406349807029, 0.10873796236717431, 0.99262628750291
35, -91.88028662613692, -30.666099812744466, 144.02911618488915, 7, 12.700922907783696, 19.45399182527654, 14.446545849096397, 7.290093367469947, -0.40673345554722407, 0.9079403614379371, 0.10105541158474668, 0.9045957423702895, 0.38482925030080795, 0.18333846022715122, -0.12757130956511664, -0.16598418052593542, 0.9778419160533951
36, 281.5075600682247, -197.24118816937306, -302.9918640484551, 7, 7.622185380501238, 12.51209890421142, 9.642380472646131, 3.670490366940362, -0.889230717584459, 0.43615636565980076, 0.13797230011369002, 0.45671500387295244, 0.8636371301353543, 0.2134064495016448, 0.02607941988536185, -0.2527815898082833, 0.9671718211943728
37, 206.9172955860887, -21.138913536297256, 145.4887439090968, 73, 28.066413279052295, 52.87379565657293, 22.4539104443415, 18.622083657952178, -0.6514490124883274, -0.5190642195057141, 0.5533412330171201, -0.7330444412864564, 0.24259303516201433, -0.6354482405278252, -0.19560171580794103, 0.8195858437770907, 0.5385341339721966
38, -151.49692570474235, 332.25087282488937, 165.87124738111692, 40, 25.22058150827565, 34.676732018449016, 25.473113906079217, 18.161222855390807, -0.16728237599188123, -0.35609489800546745, 0.9193546814461689, -0.9849955710613892, 0.020232269154115554, -0.17138955707487846, -0.04243031548266624, 0.9342307417867125, 0.35413639946875036
39, 315.1838607272003, -99.9474819567764, 78.72459145808317, 44, 25.196981119839865, 32.04453790329658, 24.20628178952833, 20.623550466972954, 0.6634517454830667, 0.009614019085492522, 0.7481573043501586, -0.5082806680009401, 0.7395720808349189, 0.4412299851392992, -0.5490742608718697, -0.6730086982250166, 0.4955570079834189
40, -153.05936660305477, 125.02358408891908, -284.71472752057554, 135, 43.47263148355593, 60.992660901650154, 39.3950739253427, 34.19229790731021, 0.22014291547769696, -0.46222628694899043, 0.8590017208471291, -0.897287122969819, 0.2494739329801672, 0.3641957931057853, 0.38263940690619275, 0.8509463064240642, 0.3598297762355415
41, 37.135777858725305, -223.82036740549674, -58.52441832733943, 30, 22.212505911462284, 28.43247695786762, 24.6307313863068, 15.649507166770789, -0.34074979502557545, -0.7456191968652095, 0.5726618465168676, 0.9215351571941729, -0.14426755118052723, 0.3604994143289071, -0.18617876153079052, 0.6505681262884415, 0.7362734422837806
42, 333.0631727030617, 168.8283524186465, 232.61109028316886, 80, 30.934015144079265, 57.954905474955524, 25.25052362806, 20.227783232443606, -0.14112522042271325, -0.6385597975960464, -0.7565216831358746, -0.22610411272469405, -0.7231826274205694, 0.652597745633603, -0.963826022874263, 0.26315066462233716, -0.04232168875650943
43, -351.45148081662836, -348.66202272888046, 332.79868222171996, 7, 7.2148863446210365, 16.994918250581694, 8.523283585805835, 2.592760871271956, 0.4502679282589315, 0.22502149343804262, -0.8640741404950866, 0.5035747292173343, -0.8631315159105325, 0.03763613072135131, -0.7373406844024663, -0.4520722439310998, -0.5019555771101689
44, -219.18975114654012, 185.838391863038, -154.89375118460202, 5, 5.896569561286646, 9.533210591002607, 6.435514749538448, 3.3417641981021653, -0.9491316847236068, -0.11919145188435197, -0.29144886833101313, -0.0021463778503285386, -0.9231183248683236, 0.3845100146347608, -0.31487209802688393, 0.3655761973788786, 0.8759050209892324
45, 204.30900169828067, -354.5886065553371, -304.4288951355297, 6, 10.738714940209519, 14.376379830290125, 11.148245408949952, 7.72682157169958, 0.005241150109406177, 0.07101485138028894, 0.9974614885944049, 0.40021395699420026, -0.9142545079134061, 0.06298796223930345, 0.9164067431946228, 0.3988678799345098, -0.0332128797904359
46, -5.072511826368608, -200.816543303028, 307.81492552886806, 12, 12.279408088488845, 16.097220473456773, 12.513630412799232, 9.191747420253478, -0.9703254260660055, 0.22591611878164292, -0.08620020188180223, -0.2022945255850008, -0.5631639900529369, 0.8012011265755903, 0.13245939924431277, 0.794863653454034, 0.5921539326640846
47, 141.49152513723973, 118.88631278830394, -128.3523861131944, 41, 24.165897800552365, 34.656262191838536, 21.92478909197624, 18.573410549031323, 0.10520378304905986, -0.052411090527134045, 0.9930685986486144, -0.44666148606217404, -0.8947030273263773, 9.880154914331645e-05, 0.8884963032567421, -0.4435758903308119, -0.11753615876116974
48, -79.22905362866231, 271.1989272478014, -78.76155699417654, 8, 12.966551245418415, 17.922147658800334, 13.533836322376272, 8.987987740000337, -0.777227672968228, -0.2710074694913852, -0.5678662658164058, -0.06130580338677726, -0.865583593728919, 0.4969976264917485, -0.6262257922215395, 0.4210938063510377, 0.6561411916724175
49, 350.85663452453184, -317.48214542213947, 107.08785779551918, 18, 21.623822724355062, 27.17275673396015, 21.62705085309956, 17.20546500773666, 0.019226862922932533, 0.9980271184431224, -0.059767872592725306, -0.07068963630303639, 0.06098628227069029, 0.9956322858837715, 0.9973130416581781, -0.014917916306147274, 0.07172274891270973
50, -126.81840071281052, -351.7931682441917, -2.9965381702853784, 18, 17.8276592007167, 33.374555374499, 16.886569611137222, 10.053702894816707, 0.21074735798063982, -0.04030889164699974, -0.9767091401017861, -0.89986472338464, 0.382317540446414, -0.20994470194527387, -0.3818756744178214, -0.9231513914419425, -0.04429986192686916
51, 28.091799077507044, 289.33198183330467, 6.153628309879913, 42, 22.491809862967244, 34.21991105929625, 21.402011475090372, 15.536018920735172, 0.7732392072218416, 0.3436406932370308, -0.5329279523223667, -0.31993375830438225, 0.9370367198305697, 0.14001634185479794, 0.5474883731296682, 0.062235517518046284, 0.8344957888731914
52, 93.0216216903679, 76.41541635529602, 228.9284283907598, 133, 37.87144671724216, 47.66661401053666, 35.10665476163417, 32.458760840208775, -0.537805689315933, -0.1652176360063887, -0.8267213395648345, -0.8368026785632823, 0.22394730672822868, 0.49960872786460475, -0.10259784446434853, -0.9604950476507587, 0.25869469602146083
53, 349.54303108309284, -120.55163218215328, -51.860211588932685, 8, 13.445595797396887, 18.166045695596395, 14.888962666733097, 8.98701177495552, 0.2163687153922823, 0.9459574360518384, -0.2415556005927533, -0.7058497605252201, 0.3224992823946877, 0.6306903585923926, 0.6745077424062548, 0.034040300132986916, 0.7374825851509129
54, 101.76106036759634, -98.83712331119605, 186.79565516525702, 20, 19.02263472624276, 28.506506986500327, 18.279640771773856, 13.20992477019873, 0.0889599816416358, -0.9420867638151775, -0.32335530165835535, 0.7022653055103307, 0.2895441482326034, -0.6503749894489627, 0.7063353044714682, -0.16922386258593122, 0.68735269111912
55, -347.6879675166145, 268.0392267725013, -225.48459611503034, 21, 19.297116383654274, 22.723736599967353, 18.457803582555425, 17.132371445400157, -0.3313231749544795, 0.09630973356739218, 0.9385890415715823, 0.2393375682510828, 0.9708185209552542, -0.01513036000599154, -0.9126568260642887, 0.2196265798814684, -0.34470521209843613
56, 17.38875182018374, -299.90039629404936, -355.40369029792805, 9, 13.203046589461675, 19.69548150996277, 11.64155648624767, 10.037945069956299, -0.047959200146832005, -0.977336318732416, 0.2061883488654132, -0.9823598846932435, 0.00879803522153128, -0.1867930713964472, -0.1807456004077359, 0.21150960891366122, 0.9605179401085839
57, -301.0601201281401, -223.50697505489063, 230.56625362534663, 61, 27.85558856650964, 40.633622408049106, 28.119076454433387, 18.916919879455953, 0.8788668741431921, -0.4739498848080523, 0.05444744460678269, -0.1940298268678991, -0.25084811036205107, 0.9483815960958972, -0.4358273096300734, -0.8440655971061857, -0.31242250873199
58, -87.32880584502546, 272.4704142860664, -224.7195422826159, 31, 21.9854078786741, 27.109084918970865, 21.618261068113615, 18.132929219150196, 0.3634160224520149, -0.22560019857824312, -0.9038989683734648, 0.41277783765612047, 0.9087959558194342, -0.060863514737310054, 0.8351905479380699, -0.3509906851865142, 0.42339377362829483
59, 98.9605828664132, -319.8875821030181, 133.96581684365913, 15, 13.76640166872234, 18.97306501067448, 13.59812610683022, 10.112179073520903, -0.9164398672019123, 0.35698207606273374, -0.18083629937842055, 0.3790733671828821, 0.919222119791781, -0.10646162115117423, -0.12822383591038217, 0.1661158988641528, 0.9777341949880765
60, -55.603733434144374, -35.53363851755573, -347.4006108657854, 8, 12.11799961815383, 18.70698828912973, 10.564556264826438, 9.004045244713765, -0.5978110615410792, 0.026589837717459302, 0.801195928115768, 0.7833649707296658, -0.19279679260579924, 0.5909050003127629, -0.17018007325429954, -0.9808783702840405, -0.09442650780414523
61, 334.5335422821594, 287.5533587087389, 233.83225567887047, 68, 29.3558595685832, 55.183720435409285, 24.530897840170823, 18.68787771915081, -0.16452217421450224, -0.1387970933274289, 0.9765591743850395, -0.9569282106442601, -0.21764091489863402, -0.1921479425735806, -0.23920880808387385, 0.9661096206155606, 0.09701209764328401
62, -320.1801256123752, 90.51376786544662, -175.49061330064083, 23, 17.762707634925576, 24.5319643057493, 16.760274409068057, 13.63057114107913, -0.9650601849743838, -0.23951063138399334, 0.1062708653923969, -0.14737280728773605, 0.8314786429864419, 0.5356533598602337, -0.21665662936854713, 0.5012762947830929, -0.8377242871250623
63, 266.9675132080169, -241.58317324252275, -192.2530701052321, 34, 23.857864447360846, 34.58000983153563, 21.510725648959674, 18.256374101769904, -0.4358543974033833, 0.8191530265083324, 0.37285287101800996, 0.09423816408855536, -0.3704591696179627, 0.9240558273584926, 0.8950698926303754, 0.43789076584030545, 0.08427078081066544
64, -260.18479013347934, -227.791913719393, 17.917254852066158, 72, 28.33077727795604, 44.21582073013034, 23.710450162178848, 21.689921462386074, -0.0009426672366217893, 0.2532327352876245, 0.9674049271929664, -0.22782245815180968, -0.942019559572539, 0.24636573817076582, 0.9737022332007604, -0.22016432763167457, 0.05858011521279914
65, 345.8171835867118, -104.68817628092843, 244.77881560806537, 44, 27.37931928791911, 39.776260368443054, 24.51435777536394, 21.048612321133508, 0.0593229593511062, -0.7769036948736278, 0.626818502746634, 0.394438957424091, 0.595069047622472, 0.7002219201280977, -0.9170052864406092, 0.20570240021299904, 0.34174234034808654
66, 120.64313845273371, 259.53317097547273, 61.70159267260985, 18, 19.528533254126085, 27.685758538783777, 19.929677429309933, 13.497464080358165, -0.3403236883956821, -0.5738591207794048, 0.7448929430562805, 0.005949043193557531, 0.7908495630423193, 0.6119816807069096, -0.9402895277529363, 0.21270326310158197, -0.26573092756414163
67, -164.11441458444926, -193.15202267816574, 62.57239474455474, 8, 10.639871462299185, 14.068541711530846, 10.23686464489781, 8.363597048066323, 0.2705680265939248, -0.9005115781691884, 0.3403995307991875, 0.6820877161643855, 0.42884344938583824, 0.5923256227587227, -0.6793741902977491, 0.07191796369540104, 0.7302592115510661
68, 120.16649033031538, -3.6160066528243635, -306.3953429478147, 53, 24.4049324737964, 37.30573027050975, 22.10579425320991, 17.625894308807123, 0.06086325434931643, 0.9254925652268845, 0.3738437855304957, -0.6073720237675233, -0.26287660256252304, 0.7496633354844883, 0.7920826276434509, -0.2726892068545187, 0.5461187667994023
69, 147.18801148144541, -221.74398964252146, 295.91598039123306, 63, 28.229465870363605, 38.83716977000243, 29.444907744721128, 19.672076806668976, 0.4425188109281638, 0.5598188326606681, -0.7005569045931751, -0.5927516507871923, 0.7688132214332698, 0.2399410574254777, 0.672920933292896, 0.30907783024320173, 0.6720478497758715
70, 50.038737819590125, -103.47482639546536, -96.79804813028389, 72, 31.65242176665528, 52.79289594506166, 33.18054340712469, 18.1034710569234, -0.7891136713773024, 0.3259927565811536, 0.5206038189468605, 0.6117702715305714, 0.34107189183175673, 0.7137276087371969, -0.055106701197270735, -0.8817021533709256, 0.4685771699776116
71, 234.6811124747512, 156.35193737032793, 241.5274583388949, 78, 31.771540237204892, 50.49392268472747, 30.103721887197093, 21.098690625953868, 0.8801197801811931, 0.1394025399708829, -0.45382386934082136, -0.18766343780283876, 0.9802207959661146, -0.06284604416808542, 0.43608669624952817, 0.14047819405595896, 0.8888724713641143
72, 287.14678385000195, 16.810031399212896, -14.931143720713411, 9, 14.569129207072235, 18.320201704339734, 14.036747989296954, 12.0255245957421, 0.43587617621306557, 0.7407785772690324, 0.5111350687138817, 0.46433583649281623, -0.6715966054908609, 0.5773649023292545, 0.7709761280081195, -0.014321276214831433, -0.6367030006912061
73, -322.2711358599362, 343.2199459995637, 319.04536129385417, 30, 22.109215548999448, 25.648487369049306, 22.283326192292314, 18.909420782811914, 0.686393406848033, -0.07440338270467522, -0.7234142849554825, -0.5264447102566788, 0.6354445367069296, -0.5648594584603122, -0.50171710961289, -0.7685534317218405, -0.3969956731631587
74, 46.109986033731005, 26.719447520945533, 222.4405419827767, 33, 24.939420954873945, 32.029236434912875, 26.868265573890767, 18.024900649505383, -0.18507378572900413, -0.45246584803737155, 0.8723659496998704, 0.8893161434744604, -0.4548460137132507, -0.047242996992977404, 0.41816801741841314, 0.7670656817828505, 0.48656525671215417
75, -177.28517515384038, -132.88541993020095, 177.58085595728917, 39, 21.655406373008297, 29.86603273871605, 18.829905687028326, 18.058153152519324, -0.11453289937142708, 0.5105745063592687, 0.8521712788034831, -0.16984356664400554, -0.8552501543977334, 0.4895920100168058, 0.9787928166017653, -0.08866141696725889, 0.18467207506859487
76, -108.27563307900247, -83.40747983713861, 98.76331743536903, 84, 30.705051267809942, 53.39014021895145, 26.339236059507158, 20.58568128263084, 0.45820965301331074, -0.6217804380442058, 0.6351637590031226, -0.7838865148990489, -0.61954923369464, -0.0409960825909947, -0.41900578235251745, 0.47911150465621216, 0.77128874000676
77, -71.43958350370484, 222.8711190355666, 115.36857806381893, 74, 29.778923825009862, 44.62245356329698, 30.688114299178043, 19.284276380781357, 0.1185579555211712, 0.9718679861556994, -0.20351075811441852, -0.3295212193307735, 0.23185061728762435, 0.9152382516449515, 0.9366748513723429, -0.04144766276900341, 0.3477388589985113
78, -139.94947972421218, -106.33446762173416, 334.3172384832399, 50, 28.238447394183193, 40.53552482102363, 29.041359460597135, 19.128006089465703, 0.28048420772480936, 0.30671103723973353, 0.9095366671291008, -0.429347764499085, -0.8074034664309543, 0.4046728796385016, 0.8584806965428079, -0.5040118867949498, -0.09477822341007547
79, 20.464612629989098, 94.7551408049499, -314.5879060747594, 8, 11.569544619687875, 24.497820233728174, 10.507992496089999, 6.015913714671241, -0.22907239736025645, -0.04889792100798833, -0.9721804514022698, 0.9608754199325001, -0.17111613408473905, -0.21780196515512698, 0.15570569718917338, 0.9840367177991836, -0.08618279344418751
80, 159.9484098103687, -7.86232929295376, 307.731991027035, 146, 41.41813866413409, 60.979070611240154, 35.075054618311256, 33.21946060013432, -0.9807414519750469, 0.05438975535058934, -0.18758453798429006, 0.19528754209116883, 0.2878194889182633, -0.9375621140504876, -0.0029967118424196063, 0.9561389524079293, 0.29289814510577045
81, 113.39612061130823, 240.68881757501978, 34.98729889745971, 6, 10.792184656066366, 20.06396586391653, 12.400008237018486, 5.052302538925631, -0.772942893642871, -0.4441878206974672, 0.45305238451090857, 0.009280085859572705, 0.7060668981418546, 0.7080843278556437, -0.6344077262876172, 0.5515131143430538, -0.5416272902413627
82, -90.08320100797616, -18.737084424870936, 23.966079037329028, 7, 10.246935122408054, 13.812330375522317, 8.901483609219994, 8.750897670850005, -0.4650389096936016, 0.11253192786657705, -0.8781089782490654, 0.8752837311818945, 0.20715618851866013, -0.4369950840532674, -0.13272980976135743, 0.9718142202957593, 0.1948330537451477
83, 20.075326351347183, 343.20288460810707, -294.70797147196816, 80, 32.21963770101806, 64.10429152531928, 25.501339452749747, 20.460293570782433, -0.5878203547181385, 0.135204404140233, -0.7976133146331789, 0.7951301184668087, 0.27828727828186156, -0.5388174880731255, -0.1491151410353773, 0.9509342563224643, 0.2710880205144468
84, -270.4437655383542, -41.762451024044054, 167.69044665009767, 137, 44.466496108990036, 77.74182892008038, 35.25214542926489, 32.081777365327135, 0.21495256514492986, -0.7574598576820489, -0.6164819208524326, -0.7389126211349096, -0.5388896672011206, 0.40448246551785527, 0.6385949679297178, -0.36858172850014304, 0.6755323651392948
85, 91.9000275445589, -349.25447266655334, 272.1654018930989, 36, 24.45284304133831, 31.967295255071026, 25.327360780841133, 18.05893985225248, -0.21176064083465593, -0.05102271908042246, -0.9759887874002119, -0.963374057071258, -0.15721371267368114, 0.21724243303144433, 0.164523120427982, -0.9862456746090184, 0.015862287339539573
86, 253.48300437853197, 156.56595781811728, -21.456277861376982, 22, 20.85228978325344, 25.4681878626452, 21.955136048838565, 16.21537802222161, -0.3077287767518022, -0.05655685035553867, 0.9497917259255845, -0.9340977130358187, -0.17194706190936226, -0.3128828381391206, -0.18100956455417735, 0.9834813320946154, -8.343445381659945e-05
87, -13.379015631903318, -317.2652213383479, 169.9302052624266, 18, 14.186651240059314, 17.64973567287877, 15.1174829472414, 10.700941352979887, -0.3934191214204425, 0.6161403614565861, -0.6823433519020424, 0.9142337772748311, 0.18393164223461325, -0.3610342801932704, 0.096943258613287, 0.7658591293240717, 0.6356585550752951
88, 208.0177906710247, -56.32383693482783, 207.91235032242, 16, 14.783636577728922, 20.25906696801581, 13.608122416532535, 11.719961528161775, -0.07945348426266131, -0.5471897502965618, 0.8332289727373319, -0.7010556487556664, -0.5635598931102107, -0.4369453332230239, 0.7086664385917367, -0.6188567072012658, -0.3388336682883076
89, 225.10517738189185, 126.5993849227681, -185.13517056439997, 67, 27.969350211158332, 41.01121684899764, 25.16254900202388, 21.202635215450496, 0.7413900409309522, 0.5634815947927184, 0.36445754147534876, 0.5641445860868107, -0.8174515915329965, 0.11624879134473644, -0.3634304516648851, -0.1194210527085787, 0.9239355599675945
91, -168.72123675299594, -244.73087308595683, -188.6852675406169, 32, 23.66632013117203, 31.62401931787705, 21.652391132898146, 19.35839174975114, 0.01677759706479534, 0.28061799914713803, 0.9596728873899629, -0.971151726859057, 0.23291663773435278, -0.05112888894935854, 0.23787146877127355, 0.9311301619114165, -0.2764304359570711
92, 289.83918008050654, 271.2456700711976, 217.4441138810485, 21, 17.53743592319189, 24.85519980780201, 16.399898831912214, 13.232437885872326, 0.014975504351113604, -0.27426210301970555, 0.961538367989878, 0.2671380878271578, -0.9255928833085727, -0.2681698275357851, 0.9635418913059668, 0.2608794994163618, 0.05940463351279187
93, 343.6969761351027, -178.97285255064193, 239.01339269196558, 8, 12.685207969875162, 18.72020372369468, 11.58790093714114, 9.409735819803846, 0.4270183199392269, 0.690240066284736, 0.5841438224714212, 0.5951962207123663, -0.7008783295492521, 0.39307890558762615, 0.6807325563582199, 0.17982830161988625, -0.7101161656028612
94, -282.6299235364947, -68.95982029191653, 219.6743334273467, 21, 18.93651343165796, 21.261992846798336, 18.536157835709947, 17.22964678042957, -0.9777226151458409, 0.1013975668508426, -0.18378525857398548, 0.013216129548310317, 0.9035812108264378, 0.42821294861457754, 0.2094846575578748, 0.4162445541723728, -0.8847918678252543
95, 339.5621634432397, -107.90752069847467, 124.49543435913827, 43, 24.296825118017356, 30.97311455590046, 23.42970161223245, 19.765005830597545, 0.7304928694816496, -0.27200904623957217, -0.6264114034724334, 0.37250028648153966, -0.610085872368075, 0.6993130664502527, -0.5723842277767931, -0.7441816358260424, -0.344339931886559
96, -355.3869850945798, -155.37804961154154, -206.65984529131848, 5, 5.336517526468064, 10.498747627490163, 6.031852809475816, 2.399858241611859, -0.24870244643583403, 0.7408478768844153, -0.6239323011775278, 0.11277818843276763, 0.6619401197164466, 0.7410238579989171, 0.9619917740556071, 0.11392849172016131, -0.2481776086267956
97, -57.5762680565166, -96.07039263319014, -308.4413356015678, 24, 19.33142266200279, 22.686989703649804, 19.922722027246387, 15.98327970444561, -0.7155140815694488, 0.004911596664824294, 0.6985810441845886, 0.03586267703245488, 0.9989150401611261, 0.029708768671249105, 0.6976771943183281, -0.046310028698954335, 0.7149139205317016
98, 183.1900708561222, 168.99449610139328, -204.6959574866284, 35, 22.56359835824311, 37.668779570644865, 17.740504677178116, 17.19006668246244, 0.18239027213895512, 0.8768383537144643, -0.44484636683284934, 0.8128843614477116, -0.3890004272746563, -0.4334716628499273, 0.553130006004766, 0.2825476402935278, 0.7837180790448354
99, 293.1384892811211, 136.30630135368835, 165.18121582994021, 8, 12.18820135996646, 15.601640898220204, 13.254013662836336, 8.755907605233569, -0.7805896938378303, -0.43772326625757874, -0.4461816581292413, -0.6222853748358557, 0.4772507854112155, 0.6204777192532996, 0.05865698713334851, -0.7619908332789669, 0.6449258312854772
100, 260.70268118473166, -354.10676720095, 206.03981412162938, 15, 18.18122176121579, 25.92911897930234, 20.021109384406092, 11.576926958251137, -0.8415782896371479, 0.08109698391118585, -0.5340124170952597, 0.5384553095946006, 0.04805045436266427, -0.8412829686882555, 0.042565972099734256, 0.9955473032639134, 0.08410532077790484
101, -80.71840270992304, -244.50534906460774, -209.67720003753695, 29, 20.115875417418977, 26.16473341523708, 20.657451610013624, 15.059957750787394, -0.14045844839396954, 0.7964363511421203, 0.5881841232591918, -0.9040184155156687, -0.34542915805872454, 0.2518519429573266, 0.40375998895791715, -0.49635454600745543, 0.768511571789544
102, 275.0861148854458, -198.14342796625803, -142.18932387116104, 32, 21.641190471957323, 26.791458286606982, 21.23560422887672, 17.81486215212737, -0.2963730753301862, -0.251659575117875, -0.9213199544516651, 0.923830572434632, -0.3202523214264234, -0.2097034192760981, 0.24228098079384355, 0.9132939881946439, -0.32740497472258256
103, 259.8894291327752, -201.81703385854772, -348.2243885394358, 22, 19.84583452066786, 24.701186672228403, 20.593145974708786, 15.366238924214047, -0.6021157808044914, -0.7983872786681327, -0.005860014256898541, -0.7864204578187753, 0.5917917505740982, 0.1769897948373077, 0.13783849255671035, -0.11117678360762728, 0.984195241177459
104, 168.97250767880973, 342.2809560033558, 338.5689056557619, 40, 26.075902701589275, 34.06001787150832, 25.016195605404594, 20.809034011063186, 0.9104448262453355, 0.0641013616571897, -0.4086333733272346, 0.3115923637297383, 0.5434316747397534, 0.7794820163126673, -0.2720301770547074, 0.8370024075970403, -0.47479106188758713
105, -311.90549555842523, 45.33407260101136, -66.96142767410242, 36, 21.25087925378642, 30.028742822787958, 20.302509743074783, 15.741417330474153, 0.2390633718873459, -0.3284953156428789, 0.9137502568112021, 0.794243891143265, 0.6075065589074434, 0.010602936670678614, 0.5585922892445431, -0.7232057857104855, -0.40613796413462727
106, 344.81060903633363, -241.16376198372305, 106.01154351044207, 60, 28.62541130156713, 39.587050188004945, 27.69418074706765, 21.3950616641422, 0.024287427960168837, -0.3899322652743267, 0.9205231932662596, -0.12477865648166497, -0.9147765788536795, -0.3842058011891397, 0.9918872958807922, -0.10553027659771598, -0.07087279443834126
107, 272.020802064981, -336.07406713694394, -11.927697373099702, 103, 35.51101869330261, 46.494297390742304, 36.41647490185719, 26.447936876937323, 0.8486706011265385, 0.48594002760399113, -0.2088552138581946, 0.26601100883704926, -0.05084120297939456, 0.9626283370320569, 0.4571611903486728, -0.8725121555897315, -0.1724128312717606
108, -350.48801298806205, 315.9035529701961, -301.2099323798874, 14, 17.164128429652624, 22.442647377666944, 17.518355413253513, 12.861684364883509, 0.1989469951358742, 0.8967168686910716, 0.3953719141912914, -0.3548003855940414, -0.31016423660220954, 0.88199480311127, 0.9135298459868326, -0.31574832341256814, 0.2564492479096521
109, -299.51673745529706, 143.0360604740838, -194.54317994892247, 27, 20.399517769425067, 30.572485476667023, 21.674802986772118, 12.810727619748226, 0.5556322260713544, 0.08026145185248265, -0.827545121849874, 0.7201969344238379, 0.45087316396714094, 0.5272852791997569, -0.41543856946304014, 0.8889721533100974, -0.19271560819433298
110, -189.55832782767672, -45.631517166694735, -348.0673623073091, 11, 12.94769186486027, 17.519513861353015, 14.72103286994595, 8.416213277147463, 0.44087087222593674, 0.15323906528288941, 0.8843928215979414, -0.5930919134547296, 0.7892999726155914, 0.15889473063520473, -0.6737023498677656, -0.594578289294398, 0.438864217819587
111, -331.6573039661228, -62.69538917169838, 39.824751929498724, 71, 32.331464110498935, 42.74616239777847, 32.82804361844825, 24.084297451287874, -0.09805053408009658, -0.5288535654815536, 0.8430302480006608, -0.657768723764587, -0.6012563466016743, -0.4536861378842358, 0.7468108186172148, -0.5990030984466235, -0.28890982892181094
112, 109.56323656962267, -105.56209898467273, -310.0544930820973, 15, 16.339203122655583, 25.926450103745392, 13.988651604101545, 12.027454010653997, -0.9222356799202651, -0.386264586858343, -0.0167636398541561, -0.3306082996453316, 0.8103475064512858, -0.4837717137181605, -0.20044825488795998, 0.4406093368590085, 0.8750336618582374
113, -138.30172958816868, -52.70468445988507, 163.7876114810435, 172, 41.95692648034701, 69.79688819522522, 43.388755976196705, 24.389210464900508, 0.22173470423974725, 0.9658798604359141, 0.1338275612122217, 0.8560649985494477, -0.25853672013043133, 0.44756170815065577, -0.46689017894387796, -0.015325128009194895, 0.8841825044962467
114, 276.9553287563013, -312.23403177778243, 172.2246087354142, 49, 27.802884993066332, 44.60957836863518, 24.609359282157193, 19.57677567873757, 0.07530117410838445, -0.9778214857721903, -0.19543509188517053, -0.9336342048372906, -0.00030014611739252376, -0.35822769500716756, -0.35022407789262266, -0.20943985264169418, 0.9129501866967812
115, 166.08397657330983, -325.7950825485758, 31.96273790102712, 7, 9.48357681215659, 15.650671538783625, 9.26269935437426, 5.883638122419486, 0.8569966131790557, -0.4103420044694553, -0.3117310449211265, 0.22606459769042808, -0.24424535510851952, 0.9429946999739596, -0.46308919515649705, -0.8786146173811948, -0.11655364195684477
116, 293.002604791086, 286.60196906586054, -345.1621580992446, 17, 19.08871338594986, 28.697526536320666, 18.16976820080695, 13.339394555809244, 0.51524869804527, -0.3436741241950104, -0.785115835734732, -0.7921508335708377, -0.540638738860738, -0.2832080700052481, 0.32713274986720753, -0.7678527530730505, 0.5508051502686374
117, 317.8673831326388, 93.41286429493033, 316.71283793853684, 97, 34.31562507255921, 49.53334225639878, 34.369421790097356, 23.73590983629316, 0.6922087763854119, 0.43566968228076264, -0.5753598333533462, 0.567543269521428, 0.16385136057373118, 0.8068750639715326, -0.44580449427516905, 0.8850676017002973, 0.13384204610115774
118, 145.74528180871775, -304.2770132053653, -199.25056351461876, 68, 28.22729846903182, 42.368471206188836, 27.79209859161727, 19.100459313468694, 0.7714595675049566, 0.03893140426472282, -0.6350862000288167, -0.4913088180168842, 0.6706853334210666, -0.5556949062864665, -0.4043090167729594, -0.7407196023434571, -0.5365339594659723
119, 54.14807980271863, 255.21418118706734, -274.363521341257, 12, 14.568843074659691, 22.960375462715678, 14.92450934657578, 9.023938945460989, 0.3221967060917639, -0.7379852754331953, 0.5929308693493773, -0.7863175885020046, 0.14014846542311993, 0.6017167586597008, 0.5271564593135604, 0.660103128975568, 0.5351354282054734
120, -245.7454238187071, 8.238228276922417, 53.863799152232644, 9, 12.49384388018582, 17.109439181891048, 11.103248944580875, 10.266026309100711, 0.007241971567748582, 0.9997478964753654, 0.021253172490100294, -0.5376447381301307, -0.014027517165638709, 0.8430547813298677, 0.8431403734899632, -0.017532035114319854, 0.5374076091161677
