# Void_ID, X_c, Y_c, Z_c, N_particles, R=(abc)^(-1/3), a, b, c, vector_a, vector_b, vector_c 

0, -334.71984639284886, 89.09532042680097, 163.26995228564027, 92, 35.17566252064896, 61.59908824623901, 33.80947987049902, 20.89845037510266, 0.17914861740664517, 0.8551724655272186, -0.4864008913287329, -0.5054357940778303, 0.5041675740007394, 0.7002497521535597, 0.8440618644069879, 0.12039564581124634, 0.5225556980107409
1, 84.00106241682522, 67.27565113345027, 223.15034631019827, 98, 36.42533659652136, 50.19715989720369, 35.00209690131289, 27.50663801868106, 0.5418888837498744, -0.11433656214625555, 0.8326365282792308, -0.7835042972435353, 0.2897425508949635, 0.5497001640911099, 0.3041010586453616, 0.9502507062651698, -0.06742507970567004
2, -282.28379414339213, -264.33082665006077, -142.08870060475144, 58, 29.930898170379002, 40.95731210957588, 30.995082680846302, 21.12199820594038, -0.8595200953158038, 0.4972419136284453, -0.11821880171712686, 0.4783720630551601, 0.7012209081118942, -0.5286297450154317, 0.17995937051640643, 0.5109204608917634, 0.8405801018377052
3, 98.52200568448116, 16.159630846271405, -65.59700603418854, 39, 22.06795532352854, 34.89704033015176, 19.8365639029294, 15.524987069724437, 0.7075402416606962, 0.6971068374802014, 0.11588297359437943, 0.5958386727520645, -0.5003261684923026, -0.6282117486762487, 0.3799514212156362, -0.5135326496535191, 0.7693641109748063
4, -47.01716777111608, -156.1386630895263, -100.80780512121967, 18, 17.54596768975324, 25.307885804987006, 16.328009369471918, 13.072024970385256, -0.41565033206148744, 0.4788320244046905, -0.773275302762012, 0.8905486150422339, 0.38702277474567287, -0.23903250003821452, -0.18481873742544233, 0.7879931879354451, 0.5872893410098635
5, -110.1847431276032, 258.7452720410831, 350.17921010713036, 36, 22.764291528052052, 35.647289612471766, 21.43539559515556, 15.43847499359626, -0.9961197077395777, -0.020797395962374416, 0.08551605798914343, -0.02701408755053307, 0.9970247055859043, -0.0721940130838619, -0.0837601750632749, -0.07422401749113851, -0.9937177810127202
6, 23.37126529372091, -125.36227391795185, -146.91401410707022, 5, 6.3661999215870475, 18.766984730288833, 7.80048410613401, 1.7624822901894983, 0.7668005512196385, 0.6401179618838411, 0.04760157059316365, 0.522043268255432, -0.5787697353355483, -0.6264953467734667, 0.3734805760925802, -0.5052470567289798, 0.777970224975389
7, -265.562261585061, -25.799501582930038, -233.86319378911773, 12, 16.34137929810859, 21.07174906997554, 15.494023770905134, 13.365996023713675, 0.24460072319953646, -0.9207379750968718, 0.3039935318798349, -0.8286190843094843, -0.3613082609552276, -0.4276058391598753, -0.5035483088328041, 0.1473021445194244, 0.8513173197413534
8, -29.249687111421956, 166.68770088021128, -265.00257212053214, 61, 29.345922898406865, 40.48070408511883, 26.901490582318175, 23.20699530681409, 0.14093983264849375, 0.9434450965868718, -0.3000788451377449, 0.8661362536289292, 0.029308134658630823, 0.49894791651281045, -0.47952471648774864, 0.330230802574532, 0.8130213178683107
9, -341.23098294718864, 2.628879769764495, -294.44249787886633, 44, 22.887300889793543, 26.219353728685018, 22.449414782905915, 20.368391339152748, -0.12565924426616085, 0.9907054656425869, -0.05208103950923503, -0.04043459674429253, 0.04733902334246353, 0.9980601486158578, 0.9912491098188103, 0.12752135983782026, 0.03411019009811237
10, -169.1084210926065, -33.8700803958038, -87.43656451499162, 88, 34.54281845448795, 53.74293464243658, 29.16565493507889, 26.295425306457293, 0.4696552209683716, -0.25814563087930514, -0.844265838865387, -0.6778068530096036, 0.5073148163362805, -0.5321743578366998, -0.565687054324537, -0.8221876369683547, -0.06329017448246728
11, 170.9150130724624, 225.86960625007515, 80.26116073597768, 8, 9.950381770634454, 14.637964482094619, 9.06025556385326, 7.4284481164612775, -0.9959751008099705, 0.044871952834160705, 0.07758934472863006, -0.032264858700477524, -0.9871177458984861, 0.156708438270981, 0.0836216327250764, 0.1535742933603843, 0.9845924837003637
12, -110.10195112312437, -211.86556436398777, 340.05463689617295, 58, 27.99587286486693, 36.17880202032702, 29.639651494664736, 20.462314856199225, -0.4836059449653351, 0.6593270240536641, -0.5756849532050707, -0.7150124250724392, -0.6769448721043225, -0.17465071463836584, -0.5048589129511485, 0.3271597705773132, 0.7988015789478538
13, -351.9326132774053, 219.36364757461476, 263.60255330611074, 13, 15.009619514751462, 22.466660463032785, 18.221056077737693, 8.26032211536338, 0.02365540269060588, 0.14160533518276439, 0.9896405160316155, -0.11191519137544834, -0.9833200364687684, 0.14337606431499134, 0.993436163959689, -0.11414742628214111, -0.007413043249646398
14, -93.4729213157168, -97.14521357628011, 49.041299941727466, 59, 27.108630141071785, 32.87709552832493, 27.77858695493011, 21.813187028749155, 0.3577309389688619, -0.9143422941918056, 0.18975443171773873, -0.6779238078783908, -0.11453387097794875, 0.7261551508530869, -0.6422210569703553, -0.3884072108636396, -0.6608267189914524
15, -260.86694305008746, 333.71410920310586, 298.06916148665306, 124, 38.47218869979329, 54.99694823720893, 37.63371218904228, 27.512181766409935, -0.21671284271488572, 0.1521988252424127, -0.9642982222306867, 0.04680849535205279, 0.988256126789051, 0.14546062225489104, 0.9751125619974906, -0.013614163901344211, -0.22129199257080473
16, 76.0354497708863, -356.24136514979824, -197.54649674267566, 6, 8.601142081362816, 20.375762278803556, 7.8960280536640886, 3.954993896167985, 0.4389938284179879, 0.14904649663341857, -0.8860415116980822, 0.7588077544378896, 0.46657706874099125, 0.45444100907597634, -0.48113949164025893, 0.8718319681947704, -0.09172681624141275
17, 200.34101015876848, 319.2032685510952, -93.13555916563712, 8, 11.15755363920507, 14.116427009294794, 11.377911323577603, 8.648078407998781, -0.07802436740056501, 0.9968162416092743, 0.016418847575345924, 0.8223599010232149, 0.05504137131101827, 0.5662990734879324, 0.5635923981751623, 0.05768732883539863, -0.8240362739655371
18, 260.45611915483477, 188.1770283674338, 239.58726329109695, 60, 28.543757306554625, 44.0270665541461, 26.162229328130277, 20.190121014942097, 0.1488509547456719, 0.3200306243922576, -0.9356408460100508, 0.4616663783358922, -0.8592249231502664, -0.22044656166889856, -0.87447558478526, -0.3991402396257744, -0.2756438294719415
19, -306.24769189565916, -104.86392897268085, -13.76509261963514, 5, 7.627150649047631, 13.16753196370412, 7.748746761094999, 4.348616651129699, 0.008031204925032887, -0.7831719053396127, 0.6217533807179283, -0.26678016342249944, -0.6009153783403713, -0.7534779707982927, 0.9637239460300426, -0.15982013252644142, -0.21376080344046736
20, 257.8817588099167, -81.16773985505272, 276.6485699288598, 79, 31.16923167530342, 51.99002774213604, 25.504669962725156, 22.836972757918065, -0.2110618554004332, 0.2661323832558842, -0.9405458243900027, -0.16655716315711852, 0.9383584960662794, 0.30288949183040864, 0.963177867580012, 0.2205830624566937, -0.1537254304311656
21, 157.70800724261164, -228.02130769134826, 298.6054697220801, 69, 30.91945058630051, 44.41325447031875, 29.615103873642028, 22.473434390028853, 0.9173057435948014, -0.34614111844347906, -0.1968159010107816, 0.19447378055753836, -0.04186276493443029, 0.9800140088731912, -0.34746240292101616, -0.9372480114861498, 0.028914417193007552
22, 127.12602753012301, 19.412711470795596, -77.05287744727812, 27, 18.809748376537478, 26.491969462393076, 19.920871454881482, 12.610327883350637, -0.8352438519850652, -0.49232757405982425, 0.24491073382258824, -0.5439793627100941, 0.8048719555580693, -0.23720790058859575, 0.08033779102434127, 0.33135282551458184, 0.940080392496744
23, -351.52741733736303, -86.95457607348908, -200.13390598812236, 10, 16.065956237433845, 21.082795571311646, 17.653699911694172, 11.141811363322605, -0.15187702874620598, -0.9570359949947224, -0.2470131017247582, -0.27946397002770207, 0.28129435951409254, -0.918026891088661, 0.9480681713862035, -0.07039593447080525, -0.31017923014670434
24, 104.36829584235029, 92.37537676720467, 354.46594350888205, 6, 11.520575531325068, 21.078437329347068, 16.565236521337837, 4.379116254018447, -0.9889139492930038, -0.1484188527202755, -0.004587488518926598, 0.12707947039321119, -0.8619027673615689, 0.4908914623611315, -0.07681151670351959, 0.48486643910634464, 0.8712086587781587
25, 112.28638116187479, 80.71694207343775, -108.98351228358497, 6, 9.021197172669277, 13.296194267457498, 8.87244183956513, 6.22331827466793, -0.08489805780581677, -0.1119154267889544, 0.9900844696425888, -0.9949637713181753, -0.043618625328185064, -0.09024693506592407, -0.05328614777889265, 0.9927599673491702, 0.10764865853209932
26, 130.9834183801797, -122.08137460154673, 282.95369203179985, 276, 54.921312159073445, 85.08238496836103, 54.71303712551126, 35.587070251394344, -0.8011512601089537, -0.3183398754308103, 0.5067705418989267, -0.5953714229933024, 0.33801013095410815, -0.7288909521014215, -0.06074147766367071, 0.8856686034195198, 0.4603277069742284
27, -255.3378868462456, 302.8249302465568, 177.44558011450866, 6, 11.709649261502788, 16.89219818848209, 13.306483521692584, 7.1430253590946835, -0.5208203693875204, 0.1280154357574951, 0.8440131462476551, 0.8490266981714354, -0.02526177917434415, 0.5277456852547988, -0.0888808675877821, -0.9914503975090057, 0.09553167357519639
28, 322.3897813260975, -243.01789120283877, 264.49215879831775, 15, 17.644556680154906, 22.610809686672123, 17.145765913671276, 14.169654104426328, 0.026751142330461473, -0.2575534068565475, 0.9658936892850066, -0.9787761008516727, -0.20313833794313696, -0.027058456336163696, -0.20317903628477893, 0.9446698144189248, 0.25752130191520634
29, 209.81602276470733, -107.45640574726269, -55.43236994504232, 61, 27.926244297579434, 46.18141118996609, 24.45932571919515, 19.280838567720945, -0.8202640406905032, -0.5449201490274144, -0.17386470238098645, -0.5086889229685809, 0.5559872198057247, 0.6573536271001825, 0.2615386839439882, -0.6276465905241908, 0.733251167202757
30, -338.8851913132369, 333.70460645869366, 321.13982629795703, 72, 34.318819565611115, 45.160844487295265, 34.79039999113409, 25.726194443036196, 0.5364637725392437, 0.8293038236531943, 0.1564026496807329, 0.29031259296413015, -0.3553656408518483, 0.888500905834315, 0.7924173263624448, -0.4312428890731382, -0.4313981357220356
31, 291.6195869662716, -156.86049986029929, -42.0028869592961, 76, 30.398755027256925, 50.143992552574296, 27.225672675910246, 20.576422251099697, -0.2627426913384767, -0.32221083993433525, 0.9094759220435823, -0.9129076683654525, -0.2221286045728446, -0.3424302440937042, -0.3123553540244945, 0.9202385873561979, 0.23578607921779854
32, -238.737192452078, 254.5242525945284, -180.18918883748944, 21, 17.851669670326572, 23.014270752960673, 18.892861625288543, 13.084030992915086, 0.0037701636410073817, -0.9395149727830091, 0.3424870826508084, 0.6646299204733304, -0.2535431478047231, -0.702839199968874, 0.747163204847331, 0.23027698130254665, 0.6234738624869947
33, -17.548466141532668, -263.89060260694384, 200.972551776929, 7, 9.695722188418188, 16.04465011024532, 10.414192712050689, 5.45487281107182, -0.02300826531395247, 0.7898132705933815, 0.612915669013143, -0.9715959590151464, -0.16209869556872217, 0.17241028194500707, 0.23552475910757392, -0.5915395257203907, 0.7711089918797565
34, 189.2756556415061, -3.4635024219352264, -300.73666827149407, 54, 28.130938716766657, 34.856679664237376, 30.087141572997766, 21.226858703318864, 0.1649363581995659, -0.9838308990448305, -0.06980515617420514, 0.8666777283909888, 0.1783524872730801, -0.46589709743090396, 0.4708138834559781, 0.016344796362963425, 0.8820811384316943
35, 3.8617764407737245, 241.6024352885245, -271.76396474566735, 110, 34.87448904327232, 47.63478521235117, 38.76829092279648, 22.96797426788925, -0.9199105568051393, -0.3797937985133621, 0.09757683172377697, 0.14728463839280115, -0.10403372919013547, 0.9836077564173106, 0.3634168443701527, -0.919202727259654, -0.15163951802368142
36, -353.1793369811489, 269.82080717626945, -229.71935837577027, 8, 14.189100516318291, 18.359342470412965, 14.845176364714229, 10.481467962649004, 0.5194784721917132, -0.049755936030461266, 0.853033682663877, 0.7410242832581172, 0.523314567664642, -0.4207432410529758, 0.4254704790595441, -0.8506857293382207, -0.30872100892090504
37, -292.9364714034492, -107.24268093558858, 266.4577783040604, 8, 7.577164184307016, 10.90833441553758, 7.164881512807806, 5.566120921697521, -0.705986091227193, 0.17176709761535044, -0.6870805652691306, 0.20713785165461812, 0.9778010083582517, 0.031608518875382866, 0.677257373090658, -0.12000521751317628, -0.7258933794738427
38, 167.93373888987585, -295.7031592882269, 257.6796698525915, 6, 9.7158192662351, 18.34033413715426, 9.375288085673683, 5.333919008767461, -0.8798316023338704, 0.33316444784256255, 0.3389657832707815, 0.45861760562209836, 0.7823274787112057, 0.4214660221973075, 0.12476475202583229, -0.5262748015506048, 0.8411115204922616
39, 314.0678995738789, -170.08359390092093, -110.68363869115112, 50, 27.894831190908057, 30.97777865704559, 27.041368381565356, 25.911483359885974, -0.3441403322599119, 0.9346157565619118, -0.08978206557126464, -0.23168082266558768, 0.008137559252704556, 0.9727578200859683, 0.9098853928495797, 0.35556598222497876, 0.2137320850114742
40, -333.8550808776791, -249.692194671898, 50.74405562177865, 142, 40.11366779555182, 59.191535279768445, 34.18114212087192, 31.90295754546622, -0.24876925708665848, 0.49876020636787105, -0.8302723127218145, 0.23694983741582942, 0.8625125872581466, 0.4471317606364705, 0.939131849783173, -0.08550025359691438, -0.33274776536845346
41, -63.965931753322195, 89.85136651829241, -15.807634351293705, 6, 10.08202126196245, 14.388438839010604, 9.304710099334178, 7.6546670500591825, 0.08625821283328133, -0.8508198253772266, 0.5183291863901492, 0.544206716109102, -0.39555194783679604, -0.7398497865812113, 0.8345049855216898, 0.3458963447444654, 0.4289022590659347
42, -35.38183504548243, 77.99266574368008, -68.07609055375079, 6, 8.216369921514227, 11.458701795325334, 8.828546756565586, 5.482962977110991, 0.41817060750276225, -0.6923742616340376, 0.5880061435457048, -0.10270273303566961, 0.6071331160517152, 0.7879349770256036, 0.9025439001221907, 0.38988108599937965, -0.18277649502102117
43, 342.1235974927244, 208.3708902645247, -129.62280703108385, 11, 13.836604466486829, 17.4066221694891, 14.624963025556248, 10.405891654628908, -0.048504391801548405, 0.5338143629579736, 0.8442094229962935, 0.33463174660540024, -0.7876740997491549, 0.5172920903591871, 0.9410998449366469, 0.3075902119446108, -0.14042557949351087
44, -80.13304387216334, 292.4791238780097, -307.2650730596961, 87, 32.853787267087824, 44.94469152576307, 35.31904734906043, 22.339267938017063, 0.6078653797541145, 0.5085857028189545, -0.609787063641511, 0.7442755584554395, -0.6325329531420079, 0.21437340384314066, 0.27668316389370257, 0.5841597778669815, 0.7630227917566876
45, -241.12388011328002, -9.139467331393282, -332.92807833467714, 17, 15.427536317174274, 19.137323106313556, 15.467606390106415, 12.404676163162174, -0.8253227054360337, 0.22859839964255588, -0.5163188971678339, 0.5634496248408866, 0.27353667367768286, -0.7795525693755443, 0.03697231610827268, 0.9343021244941115, 0.3545597100734651
46, -17.49252140737635, 81.19733317015961, -66.6554005031436, 13, 14.80145663942492, 18.744541837894538, 17.804515934696425, 9.7164668068464, -0.9096616093813148, 0.26661642991294704, -0.3184830226531247, -0.3540475832571048, -0.09680317742839964, 0.9302039849568315, -0.21717749701016395, -0.9589289984875001, -0.1824530368400592
47, -285.79871569418685, -241.13879254021, -232.28285428214207, 8, 14.675257316231457, 21.780663907878445, 18.459895634312527, 7.860620322125241, -0.28355871824778295, 0.4134017259715677, 0.8652707473787631, 0.9571856397629492, 0.17680060174654277, 0.22920994361862648, 0.05822460250846037, -0.8932192117200508, 0.44583554756988897
48, -139.3276592218654, 211.6502449436882, -216.32819470266625, 15, 16.47373864010539, 22.370394213981907, 14.843210098773886, 13.464029125963588, -0.9596113865190967, 0.26490882326210263, 0.09470640010466454, -0.10763814394036768, -0.6567486769272503, 0.7463881063651664, 0.2599230979193066, 0.7060485045038999, 0.6587378025101013
49, -316.98694581389276, -98.45907678158696, 231.63298985056414, 38, 27.23617692456901, 36.54451798705444, 27.894455777770844, 19.819756257780494, 0.4419227998458041, -0.8886477244395398, 0.12251310470669242, -0.6474141829194846, -0.2214178130504791, 0.7292660884880355, -0.6209340663316364, -0.40159603323784315, -0.6731727203002867
50, -178.9801381180167, -288.8094097813677, -82.91218764309579, 6, 6.302822726758872, 7.496761223903748, 6.817555516359873, 4.898948966013093, 0.8614162222732676, -0.1659397215580693, -0.48002718757762325, 0.43672086233403423, 0.7245164040993786, 0.5332455987564487, -0.2593009456339662, 0.6689842965273075, -0.6965795220886086
51, -208.69441168512617, 302.3960739304727, 345.01917276923604, 63, 31.031034208710864, 51.83210481287356, 28.34977478482974, 20.33481810325101, -0.6111531601775189, -0.7899436173117671, 0.049808596380868396, -0.7836184572386311, 0.5949935239611328, -0.17867517991948542, -0.11150752566521814, 0.14822883630627778, 0.9826465711573554
52, 2.0719444622713232, -170.7967719260062, -61.97335967401552, 84, 35.56624650435306, 58.48849337198948, 31.501825433914224, 24.417879583225172, 0.5278614193686902, 0.22360230763896874, -0.8193682505202405, 0.7698967587513269, 0.28139116244027457, 0.5727809306922779, -0.35863812235493414, 0.9331779153618236, 0.02361515349703003
53, -278.4188871532812, -344.6433298543466, -196.8499819076733, 16, 14.947159724110191, 21.483940483297115, 14.860254093873953, 10.460100328727021, -0.9214947486116446, 0.06224269358204721, 0.3833709370528928, 0.059354058293915726, -0.9529129297291452, 0.2973786208170647, 0.3838287691734482, 0.2967874583783292, 0.8744099041663055
54, 254.03597529742666, 181.1743552367742, 175.60102132197136, 11, 12.694975304700822, 18.857733298223273, 10.900104368811293, 9.953491170251507, -0.8170330376378687, 0.544339842582695, -0.1901345607334026, -0.23006859482994885, -0.005405460249383324, 0.9731594024991308, 0.5287016711541677, 0.8388473739462617, 0.1296519423003407
55, -11.508200928516962, 47.4871789572285, 176.0536341696995, 31, 23.380663332277926, 27.46617831732533, 23.385089043118192, 19.899090258240072, 0.3856479965635626, -0.21097569213291228, 0.8982009129785767, -0.33795978812415406, 0.873544810286525, 0.35028937470690696, -0.8585212894026488, -0.4386441858163839, 0.26557950578291056
56, 190.3853154505731, -161.8023403384702, -161.34538775438412, 34, 20.875253780660007, 26.215476218710087, 20.293252220053695, 17.099597477066464, 0.6130238718652355, -0.2952708007358416, 0.7328143603643218, -0.6086329232605915, 0.4149146117118855, 0.6763222824299391, 0.503753607676035, 0.8606166505598133, -0.074641031159728
57, 173.73424517677574, -50.313297480474624, -75.05246277402325, 24, 18.930233571621965, 23.65289580391508, 19.412728147480127, 14.773963653621282, 0.06418702447734842, -0.651706612213531, 0.7557503010160873, 0.24277786746337923, -0.7243617677442337, -0.6452588135782282, 0.9679560594152394, 0.22489668967686283, 0.11172531500832979
58, 189.19532066441346, -117.96375447264865, -93.99116522579479, 30, 23.005851923020572, 37.703614800025356, 20.317647215589687, 15.894927648123781, -0.61213941528125, 0.3846949023564091, 0.6908655211834803, 0.7834886978936628, 0.17693924319095267, 0.5956827716930428, -0.10691490322692211, -0.9059262311689654, 0.40971559300076954
59, -312.5325721761287, 34.90420659506684, -197.41910247326672, 20, 19.160993925471463, 28.150975270287784, 18.048968189798693, 13.845488230814402, -0.7607567565964083, 0.19550073846517566, 0.6188930590598704, -0.1401992602646855, -0.9805426607353022, 0.13740545076294927, 0.6337139139344729, 0.017763775997946343, 0.773363513199418
60, -30.250009156423232, -210.15277175157794, -240.383453101261, 12, 12.327137329779427, 16.105125172696315, 12.61915461073497, 9.217058347109592, -0.8671275065944412, -0.2770067116721599, -0.41395309999549973, 0.12730841604085244, -0.9267415164463421, 0.35347238774747824, -0.4815417474243291, 0.253805916761827, 0.8388683461093357
61, -276.62363960701055, 317.09519250938166, 248.6545547858604, 37, 22.114499167357458, 28.640924009724632, 23.218741898996473, 16.263185505403165, -0.2331527652663207, -0.7804460376417625, 0.5801239267414686, -0.8723097051630947, -0.09580880924641415, -0.4794751822034789, 0.4297854887347215, -0.6178386961012212, -0.658452564178316
62, 324.86787119091076, 225.15993467140575, 254.35869266423623, 57, 28.968581283817013, 47.108450905812646, 27.703980863614294, 18.62690405137155, 0.8935931793215633, 0.41644673276929006, 0.1675211886173329, 0.3347059943633895, -0.36949117201675313, -0.8668611025642463, 0.2991038736078063, -0.8306915146836819, 0.4695620089246317
63, 339.5717302900124, -318.9254021464673, 136.02599264943984, 152, 46.31962574704967, 73.41135251956854, 43.6619025337349, 31.004822102305845, -0.07163383925765429, 0.06888760387006954, 0.9950492907922949, 0.468869130866726, -0.8781923144136593, 0.09455155749675265, 0.88035806987469, 0.4733209872146185, 0.03060901613396467
64, -83.4583739251485, -32.60008100380154, 325.9278998429494, 11, 13.956455127652521, 21.200155884504216, 15.381131488545636, 8.336774061138756, 0.24675595628929148, -0.8563088709397758, 0.4537032241296107, -0.20247713470384968, 0.41229001236462176, 0.8882679526057997, 0.9476890354741245, 0.3110499369140369, 0.07164795033981834
65, -351.0011499024067, -57.35562888829239, -252.25045155852982, 9, 12.416391447732485, 19.414519259758904, 13.208983941553933, 7.464318025587041, 0.4964523200223266, 0.6334978811611793, 0.5934774877859696, -0.24753669084929034, -0.5519791932882867, 0.7962691485045714, 0.8320220433545206, -0.5422171195573864, -0.11721738194934714
66, 162.20965895856315, 342.2020081972096, -345.12577915832856, 65, 29.619501518770498, 47.77130978553941, 25.42493274101884, 21.394703605211436, 0.8804911216715414, 0.4729171034195283, -0.03293627105295713, 0.39609516504523756, -0.7720752368078422, -0.4969994456092484, 0.26046881749141765, -0.4245577016159282, 0.8671255694034301
67, 291.84892227999046, 355.64136579125784, -244.66004355723857, 20, 16.414698422347612, 27.379953959379534, 19.095251004049143, 8.459421005412283, -0.471856651238722, 0.12199414212611688, 0.873194554477232, 0.8668837491172193, -0.11645729033574304, 0.4847166853370435, -0.1608224679522525, -0.9856749610366337, 0.05080359226646827
68, -351.46499990888066, 83.434148515006, 2.6785249421469093, 5, 9.229972256855849, 16.875302880256644, 11.859100032753032, 3.9291433895100547, 0.4442251347028263, 0.17678820769840797, -0.8782994701791869, 0.25623664839592813, 0.9143165022191903, 0.31363691394427223, 0.8584910073594701, -0.3643779128713073, 0.36086275354277336
69, -233.10031723468902, 169.99686839798215, 4.729456168847022, 6, 8.539758451228444, 12.862696492990942, 8.871000426508852, 5.4579824887602975, -0.10137036220710263, 0.1532925040781397, 0.9829676789495443, 0.04975133449617484, -0.9860399869413122, 0.15890232493147047, 0.9936039726077239, 0.0650119400282011, 0.09232872398077928
70, -144.53651366231682, -302.3314422267839, -297.959280672655, 27, 25.05598608985969, 34.51420935703181, 25.25274151729843, 18.047956489710728, 0.5332141438109491, -0.7986018104336761, 0.2791376456374371, -0.7548545333485683, -0.30016515319213416, 0.5831770865631276, 0.3819388829682975, 0.521666588139588, 0.7628805021074602
71, 304.5856894390507, 83.58181809182835, 316.528910316035, 199, 47.725591448398156, 73.35214149578867, 40.6332701994271, 36.471983602440226, -0.5202746994502659, -0.8530835498968502, 0.03953092469603489, -0.27926546735002183, 0.21369648049641618, 0.9361327966529207, -0.807047108821851, 0.47600658726411826, -0.3494176484144136
72, -111.10216005029542, 102.02465242928093, -53.189190668283864, 6, 9.90308265979717, 18.360097651218044, 11.457422825571646, 4.616887421763385, -0.9154644423737672, 0.09452885622257602, 0.3911382748984544, -0.14991353130251028, -0.9821616664779893, -0.11350944468893422, 0.3734311019206872, -0.1625507805039104, 0.9133052369694762
73, 297.01812709773816, 341.9684568350295, 123.3592047041123, 78, 31.51714345999821, 43.11299112737332, 39.92869525128621, 18.186422319034474, -0.9041064913837754, 0.2471324284761476, -0.3485929073191261, -0.40562901316306327, -0.2398209973876139, 0.882015301960442, -0.13437468481108533, -0.9388351569937567, -0.317067803591644
74, 162.5100071385744, -160.867868228684, -116.18942697393541, 57, 26.467650362888765, 33.41133563450256, 26.9692095775984, 20.57709732277974, -0.8775440270862153, -0.46878599869747656, -0.10077781477347844, -0.4701172722500369, 0.8825278487820756, -0.011590791874016586, -0.094372829021352, -0.03720596120638446, 0.994841437412624
75, 85.8608821094169, -83.32975668963576, 32.51471133000838, 134, 39.68740473803813, 60.45721979854162, 38.23084208041826, 27.045565392913865, -0.7069915065343545, -0.2386528443383713, 0.6657385594792365, -0.70690621827894, 0.21033943400535393, -0.675308019396242, -0.02113310783702292, 0.9480517614516164, 0.3174133730037791
76, 85.71467697598366, -348.8931690689527, -347.68201025647073, 26, 22.874541992009082, 36.38766113695442, 19.747241412899296, 16.656994570638776, -0.9983774435709258, -0.03307900872387838, 0.04634931877199562, -0.05325337471844621, 0.2541745266662885, -0.9656911452814844, -0.020163289659161546, 0.9665925145457185, 0.2555236830008243
77, 235.22861187666615, -11.046092715251401, -9.717073977895796, 13, 13.08747878841862, 17.646704303060517, 13.460204114115646, 9.437407722980398, 0.34398943130932996, 0.36951550255248217, 0.8632088765303971, -0.45523625846455806, 0.8696715479374485, -0.19086997586648394, -0.8212376149000203, -0.3273067247727552, 0.4673746760275506
78, 53.983794537309485, 73.76811640262086, 114.62815592415666, 25, 21.856203413759218, 31.94822835004415, 20.482477238532823, 15.954930291929962, -0.9908960247901348, 0.06130596410855503, 0.11986094785137173, 0.03443416432050487, -0.7452802435444303, 0.6658615823952475, 0.1301512826777253, 0.6639269066298462, 0.7363842110408576
79, -295.92537134002265, 80.94597376562768, 314.65722372889485, 116, 35.65944315813281, 54.6143718420473, 37.4570277500038, 22.16580028002133, -0.062317178252502395, -0.2563485634370463, 0.964573472224075, -0.7308594119973068, -0.6464335517283879, -0.2190163991457553, 0.6796771948429614, -0.7186160847236751, -0.1470708454684977
80, 275.47822709891756, 346.27385688213025, -115.6089418939351, 112, 38.81410925353699, 62.735605569888435, 41.37246840849347, 22.529074150766863, -0.975294086827839, -0.033490688933800944, -0.21835708816842012, -0.21737488451774087, -0.030643633659511997, 0.9756070557847768, 0.0393650070437002, -0.9989691393986508, -0.022606520067636207
81, -199.84133539288877, -291.46208020988547, 32.58161845988828, 70, 32.32902400066658, 40.37933871157872, 30.080929008783503, 27.8180916704989, 0.8842748901617601, 0.13205903953079215, 0.4479043745126983, 0.24403085081838308, -0.9484676361168048, -0.20213383459445008, 0.3981292032472163, 0.28804435998158856, -0.8709325945241306
82, 311.24143625954605, 306.35246716975365, -41.13987068024073, 8, 12.288202057627602, 16.804352849370346, 13.472359556088673, 8.195955181115345, 0.2024683009852266, -0.36881712560545094, 0.907182735151132, -0.8950836151677567, -0.44550832057159634, 0.018645593573144832, 0.3972806425618735, -0.8157795438484643, -0.42032347886362037
83, -218.54637120219954, -109.3745000752839, -97.50889475985515, 33, 18.645227879263985, 34.78481540046243, 14.143090439212576, 13.17555946345756, 0.339356159439634, 0.7931881084668313, -0.5056580085761441, -0.6571504478895126, 0.5845349095798973, 0.4758909836517543, 0.6730458274805549, 0.17079685029072972, 0.7196094427130464
84, 7.710128692937829, 200.87541828690337, 200.52516125606795, 6, 9.318085068746559, 13.270699538545648, 9.62443149507743, 6.3344820657344965, 0.28356956040005143, -0.546915470052202, -0.7877003066091194, 0.7201454808847387, 0.66386327976298, -0.2016829991437746, -0.6332288612940902, 0.5100676566887162, -0.5821101225921707
85, -263.9148425507175, -240.11740205890354, 9.862526264208595, 18, 19.110476325947758, 34.993252735576476, 17.147136046800547, 11.631577768908473, -0.3795042205153219, 0.5551620193178735, 0.7401159901785388, -0.3165673896269669, -0.8295939240764632, 0.4599554423639137, 0.8693455207429481, -0.05974155540589842, 0.490580586776379
86, -144.394570884191, 142.4761992980341, 259.24029969984895, 16, 16.85168516347513, 22.624491471535027, 17.478462517269907, 12.101743847909123, 0.8839723572026568, -0.4092654750432911, -0.22604124101404074, 0.2615477874505211, 0.03212842313890921, 0.9646556480456351, -0.3875379034124474, -0.9118495135515489, 0.13544311741276568
87, 110.74793500248282, 334.517896995939, 52.57038517508488, 5, 5.096268230739538, 11.466605269900098, 4.007579407342881, 2.8803139999757152, -0.07516156743934238, -0.5883729387239747, -0.805088829730841, 0.22102793492400913, -0.7971193918208848, 0.5619139855585824, -0.97236690131004, -0.13571278554512417, 0.18995959853688438
88, -130.66953902392925, 29.714072040974084, -50.774829023761974, 337, 58.456073142468306, 82.98446156414444, 57.996041225691584, 41.50436587439418, -0.9074595709675373, -0.3153701084670749, 0.27759470770329614, -0.4196039130495963, 0.6469514284235511, -0.6366996194550407, -0.021205735377015967, 0.6942589891000276, 0.7194127972457314
89, 318.9998998072422, -342.9864548659079, -32.32400139624004, 8, 12.256814840490556, 14.833084384268979, 13.913165262174406, 8.922272128844568, -0.7592751052742505, -0.5933653205255834, -0.2672431681228679, -0.6431499289040512, 0.7468515948061848, 0.16902918175916343, -0.0992949317009181, -0.30021707435292544, 0.9486886869808664
90, -265.02507838992506, -26.552132693720836, 62.239070715508454, 92, 33.82755146117523, 42.65113225713918, 38.6512189491063, 23.48107255431875, -0.35596204610161714, -0.696929257212651, 0.6225597418530792, -0.6682571693845819, 0.6555235457557801, 0.35174029698895165, -0.6532406733366014, -0.2908238150509572, -0.6990694753012395
91, 339.60527934489977, -88.7217586163351, 122.1034744007458, 44, 25.786583551260033, 30.422461388044006, 26.060771707915496, 21.627175238088313, 0.007116103569998541, -0.8070948372759413, 0.5903789331543791, -0.8082992090579483, -0.3522333544641087, -0.4717881438095461, 0.5887289271865941, -0.4738455314187131, -0.6548806476360707
92, -87.71543795511666, 104.20422445653153, 220.46564995457535, 22, 19.32754467273368, 21.106367791829474, 19.40716438964498, 17.626028618569137, -0.14504201343011278, 0.9868556648097638, -0.0712650768119854, 0.6296610635668021, 0.14762266835753993, 0.7627152108191652, 0.7632101672331576, 0.06575290579038036, -0.6427960765375414
93, -166.69144743660388, 198.26583679815656, 348.0487312458851, 19, 15.126944891668845, 20.352906800915644, 15.433864145072233, 11.019263218098143, -0.8861111316428477, 0.4412351462323528, -0.1418400793427098, -0.1433226957280829, 0.03016681591118053, 0.9892161382160201, 0.4407557909635075, 0.8968843342076477, 0.036507859222878095
94, 100.87247084376015, 334.9400054912319, 257.79316332264693, 73, 30.586791019077946, 45.9318526801396, 31.342748856120483, 19.87699376500301, 0.7066469684209237, -0.7030078920781403, 0.08018706689590205, -0.4405023553694812, -0.3484084922593697, 0.8273869695828501, -0.5537217143434572, -0.6199930856045108, -0.5558784371309436
95, 276.1762069435295, -328.4160047759382, -18.994607587699967, 127, 35.632759782620944, 41.606651089997655, 34.52989992376828, 31.491279000479288, -0.2905459714655194, 0.05789158460631196, -0.9551081629307373, -0.2198034153581808, 0.9674374976611155, 0.12550357252316888, 0.931273051828537, 0.24640059364979033, -0.2683602995731556
96, -349.4178183434909, 328.5700717034203, 71.64812431999893, 26, 22.025593638919997, 35.048914802613886, 23.073652239412368, 13.212711396514061, -0.2729852035386483, 0.8957989125707984, -0.35074689861200176, 0.06139443811849146, 0.3800739264815623, 0.9229163198129083, 0.9600571866389405, 0.23040859065118025, -0.15875162908474255
97, 68.9012277086146, -288.0186875604208, -347.42345946379345, 6, 8.711346014997106, 10.142844998379996, 8.523056336628741, 7.647168242089691, 0.8245428624670834, 0.3635736742802644, 0.4335242223047478, 0.20927031070606164, -0.9078484052502572, 0.3633417263975514, 0.5256757603424159, -0.20886707843725127, -0.8246450985323991
98, 69.03382859608314, 288.09444836106866, -103.75561737246885, 47, 24.185034940904227, 32.58643567619935, 25.410318817097323, 17.08414244091179, 0.8048420925191871, 0.4609327436643302, -0.37385854534490603, 0.5439577808865877, -0.8248463565544442, 0.15407277725736587, 0.23735867104926958, 0.3273675211393631, 0.9145990199977218
99, -216.61845309360632, 131.22442783487017, -91.3133723099686, 10, 17.113102059043097, 28.081654944264, 19.003366422540676, 9.391457123831563, -0.7633365243431438, 0.6222868422214173, 0.17342559384884865, 0.641114397795003, 0.7627107783891974, 0.08511520116227698, 0.0793074999207501, -0.17615718698662552, 0.9811620487612019
101, -100.57063229475492, 138.4829135834181, 319.30616244756914, 39, 24.4082133973754, 32.44291868240936, 22.33687281372652, 20.06622536514326, -0.6968689738486709, -0.5274988772841769, 0.48592033066237655, -0.22231825582493303, 0.8030324100934892, 0.5529136835586562, -0.6818711215574835, 0.2772794309056752, -0.6768810019365034
102, -334.3701595503017, -291.14289454860864, 345.3989487230981, 32, 20.52842765920761, 36.73620672458085, 16.644555114916727, 14.14817939400353, 0.19977634184085044, 0.9478676233076646, -0.24826675557908842, 0.8157472631517716, -0.30125687661472345, -0.4937617815837263, 0.5428128737429527, 0.10388100392959332, 0.8334044163078913
103, 37.116430186092, -280.2479793091459, 160.76039087480962, 32, 21.275491384411175, 25.21167817649241, 20.57826806403834, 18.562147667455687, -0.061176639750965475, -0.1612477923543717, 0.9850160243415443, -0.9975014869959481, -0.025054339219502994, -0.06605348989376923, -0.03532990503317209, 0.9865958795510529, 0.15931217236366935
104, -296.6152073698622, 212.66358740977074, -214.31041497057404, 297, 54.75399866114615, 76.6850080409973, 57.09525107592813, 37.49186706520125, 0.7637581882443064, -0.13176510273348552, 0.6319109016241203, 0.1062082152439333, 0.9912541494999225, 0.07832640751294423, -0.6367049904818342, 0.007291693960911395, 0.7710730097044689
105, 337.0477525489396, -263.1899736842834, 97.29187476411025, 150, 39.32593718094509, 72.66431400841876, 35.04570609997969, 23.882580536072282, -0.2851240138580407, -0.47688840218475886, -0.8314335503112366, -0.27487064363992575, -0.7903242438686717, 0.5475707432089347, -0.9182322287888034, 0.3846622432928394, 0.0942577986082166
106, 252.77941088357989, 72.0563240298134, -345.94651997837553, 7, 12.30907360280805, 22.050452220667054, 12.303613724228045, 6.874259417141649, 0.4532079787203257, 0.6385274314476619, -0.6220010026624462, 0.7486313990763694, 0.10614037491558678, 0.6544350610486394, -0.48389415820114445, 0.7622446720716581, 0.42991801957719333
107, 220.7277327674845, 141.34112844099866, 306.35098135423425, 8, 15.140653676783144, 22.041751547349108, 16.236604830543907, 9.698231647750209, -0.7214997663769572, 0.20489958858847468, 0.6614032398728252, 0.6539069741534828, -0.11247759795944982, 0.7481674004597559, -0.22769224025300594, -0.9722987959231184, 0.0528327093287985
108, 5.476436184822577, -115.72437469874458, -56.141174189793475, 83, 33.33529659286586, 50.99357500499808, 27.26675427139101, 26.641830820340783, 0.630489468124063, -0.5683320316306907, 0.5286603185479006, 0.44659032893399275, 0.8226752251627012, 0.35179902217903775, -0.6348543995966798, 0.014289007174434327, 0.7724996541013519
109, 168.72797770324206, 356.37329671690514, 39.180126719785015, 5, 9.058883131225427, 12.720182857026968, 10.240814033614752, 5.706845778585025, -0.9841106798135527, 0.10230283409738483, 0.14512167313172117, 0.15994661968372523, 0.15590880998342244, 0.9747356163705638, 0.07709246868960021, 0.9824594511251832, -0.16979451747964902
110, -35.78294737939362, -289.30517152839326, 29.493893889373673, 8, 13.229343312333706, 19.658946153113014, 15.35094017799748, 7.672195278827201, -0.8751373417489605, 0.15537480754259553, -0.458250261601305, -0.43354296617064475, -0.672353947056807, 0.5999838884179238, 0.21488399093585941, -0.7237394828653695, -0.6557637008719261
112, 139.42465247878405, 196.16509014877846, -90.92345724477545, 7, 12.135587889873616, 15.556426508889688, 12.379427073993627, 9.28051489878667, 0.502424097262151, -0.44210922787324214, 0.7430406833543088, -0.7877731268093288, -0.5882603815825701, 0.18265602683016557, -0.35634748093310115, 0.6771182718622009, 0.6438379600046736
113, 312.48370183324795, -97.39891045619086, -351.2588182895223, 14, 15.725221526844464, 24.978681148605855, 17.04156915037611, 9.135056361688425, -0.960985466444304, -0.010653521885624228, -0.2763936246628274, -0.04352935689118768, -0.9809814239064961, 0.18915771472245793, -0.2731522073340484, 0.19380905144449703, 0.9422451502696744
114, -300.8551345362334, -194.69433107800108, -128.01896039865497, 112, 35.89135054573957, 51.38526036442417, 31.321345173687696, 28.727010604656073, 0.8579760496974486, 0.005936768163715676, -0.5136553834326391, 0.318159143439061, -0.7911956390044629, 0.5222874881389009, -0.4033011995911788, -0.6115343126956096, -0.6807157459646607
115, -196.9325936088859, 67.22414527760053, -248.0617601507167, 13, 19.957926500777223, 25.53615597505144, 19.638565113389042, 15.851887495608983, -0.12158875807720709, 0.8796418669136163, -0.459832969546519, 0.08498775323939073, 0.47079508938607945, 0.8781395479132426, 0.9889354153374035, 0.06769172610209545, -0.13200217615159276
116, -37.66324597550893, -318.0905418990975, -183.60417517534307, 10, 15.851476038939232, 22.1826394214666, 16.439488341923028, 10.922136737628287, 0.31096899427770613, 0.6325066988830704, -0.7093895689012862, 0.7030792165596476, -0.6553240054954758, -0.2760979229607454, 0.639513799569474, 0.4128991689134352, 0.6484877612344038
117, 143.06633625920114, -295.85954384828847, -211.17537601354118, 88, 34.35553692895349, 57.964767369926754, 30.213181838296116, 23.15419354839928, -0.4365544614019855, -0.2808626257714182, 0.8547142140357832, -0.020620199060051757, 0.9528965448536454, 0.30259375769620267, -0.8994414987205929, 0.1144742776817955, -0.4217826811623313
118, -163.56524451704342, 277.0560518899274, 28.20044365708126, 93, 33.192700879057824, 46.61849347939807, 32.39755251393059, 24.213487138602545, 0.009205553824617234, -0.9970425483544983, 0.07629819492982727, 0.8347649466569156, -0.03434557121647006, -0.5495342260229942, 0.5505295102096334, 0.0687498255167403, 0.8319799996873477
119, 259.6405193131991, -7.507179458254869, 17.713654122866647, 7, 11.868983875647228, 15.983865433565033, 12.14442965924707, 8.61354012424138, -0.10952117679842313, -0.6180365679225746, 0.778483084301241, -0.9939835221279274, 0.06702031201648913, -0.08663160806179414, -0.0013673225106969643, 0.7832873537136271, 0.6216583080289806
120, -51.0889341805467, 85.55241418939119, -284.85473997311584, 16, 17.762050028369227, 20.65289110260974, 18.321491423907748, 14.80940424853126, 0.5835870286133451, 0.3779508518427628, -0.7187345362688345, 0.5747334551928595, 0.43303645910636135, 0.6943780530566198, -0.5736790352769768, 0.8183108081138578, -0.035493461478450165
121, -234.21303744503842, 244.21495457320458, -6.638761690769279, 175, 45.24246924673353, 82.93185278724928, 36.76516888132156, 30.372529756378047, 0.2502527786889044, 0.17449115136119697, 0.9523268267013829, -0.6692638159421243, -0.6795970873447152, 0.30038931995523044, 0.6996138159220933, -0.7125311480694856, -0.053290445688773024
