# Void_ID, X_c, Y_c, Z_c, N_particles, R=(abc)^(-1/3), a, b, c, vector_a, vector_b, vector_c 

0, -138.70742952857478, 344.4539664907456, 14.196956516129827, 14, 16.929804851155293, 21.728828401992025, 16.298848015146095, 13.70132714109363, 0.8495538765138646, -0.10433271578113769, -0.5170811303054846, -0.3655689605073143, 0.5902291920239913, -0.719714412802959, -0.38028613702561764, -0.8004649806833772, -0.46329069566061165
1, -211.45615185595986, -39.062069785407424, 256.4918014938318, 24, 21.88491335308882, 30.6188923328743, 19.736877132627352, 17.344691564226526, 0.7227187393062255, 0.3624166354428392, 0.588499622947978, 0.47958410757776637, -0.8761025235657347, -0.04943128524111557, 0.49767128469950556, 0.3179599826331046, -0.8069849700146215
2, 3.821914683429097, -33.1474991916556, -255.1781059615275, 34, 24.82019383451248, 36.86386004771105, 21.96496057786657, 18.88357726958216, 0.7282347381707053, -0.6129336817589905, 0.30657212509752535, -0.48486983931819916, -0.7769393449913236, -0.4015799959211076, -0.4843298514865527, -0.143796926148722, 0.8629872762614712
3, -150.39196175661306, -162.57712883288892, -216.33129857154609, 7, 12.883517108279316, 15.981192265358924, 15.455615300506361, 8.657805793146727, 0.7696594881349701, -0.4408214151212643, -0.4618449439956029, 0.5107687910348849, 0.8591537473891865, 0.0311461145551101, -0.38306594005285854, 0.2598678862760868, -0.8864136547085781
4, 315.6089745711813, 155.238753286884, -133.38963798745493, 9, 13.991885088932122, 18.859486512174303, 13.600593156839668, 10.67925546790891, -0.5121462940471497, -0.4864901544029624, 0.7078372010305423, -0.8579096786396981, 0.2502233087000758, -0.44875302681933676, -0.04119656284327269, 0.8370875852933003, 0.5455155522601823
5, -7.994726588704429, -16.752586143442347, -354.4501871617594, 11, 14.444668300298343, 23.988446580907336, 18.468874551636766, 6.802681901186527, -0.9044008424237107, -0.4261993139436722, 0.020328822327561735, -0.42351966638829214, 0.8908830535821325, -0.16419036823920213, -0.05186721898879999, 0.15710356340362938, 0.9862191754170316
6, 3.668376050170279, -28.029821720350085, -138.95834241812602, 6, 10.500925130496562, 18.681502067081247, 9.644953176767448, 6.426444633269409, -0.9521274304387475, 0.30181337545281484, -0.04860084982679159, 0.2399214945720616, 0.836271594054103, 0.49303904249107655, -0.18944928780129103, -0.45777560810509443, 0.8686486401161256
7, -141.17209757775814, -139.99617457790816, 118.02765040210258, 9, 9.96853448703403, 15.06591970081682, 13.92115391479911, 4.72305565882092, 0.15749581858414397, -0.8553943563706593, 0.49345269501517136, 0.6574007103138007, -0.2820551986201698, -0.6987625998937315, 0.7368984822941491, 0.4344483398754809, 0.5179143430838908
8, -283.2293224209362, 251.82077028652034, -209.34908639368322, 65, 31.0355745614826, 42.320261035419186, 32.18897917448352, 21.94440591282558, -0.020331127195582457, -0.9251143092749347, -0.3791439832592861, -0.11243498502642246, 0.37893237414780345, -0.9185687943560991, 0.9934510654325482, 0.023953509084669318, -0.11171933580837962
9, -255.1385073193248, -230.91410815461927, -26.89968049802364, 46, 26.853028742153604, 37.023878116744015, 25.9155265081644, 20.180777119117057, -0.5732249448495889, -0.02842947016743503, 0.8189047123006344, -0.8063076580791892, -0.1583559348870877, -0.5699046923906572, -0.14588050975041025, 0.9869727266302931, -0.06785067253111932
10, -137.55454103619698, -92.6387617498735, -50.880105893588045, 12, 13.840452933753953, 19.72636150233795, 15.64391103855632, 8.591294038698646, 0.046197865157294585, -0.11109108509378587, 0.9927358803164079, 0.872647268047196, -0.47917355059568434, -0.09423085470953982, 0.48616098447394307, 0.8706615181700695, 0.07480653683412933
11, -176.05496397331532, -197.59992811932878, -271.40049060729547, 22, 17.57698454271638, 26.50894078895679, 16.993988924955033, 12.054394668745768, 0.7616261682403289, -0.6426924787356376, -0.08289727153649885, -0.47959268560163976, -0.47301325148872975, -0.7390868148150572, -0.43579402906529335, -0.6026647838497792, 0.6684898821510595
12, 29.959516338299533, 99.65974549047573, -340.12267641787554, 10, 16.307265043999763, 25.394465307716068, 17.76235876453358, 9.613990286603002, 0.0053906847139882745, 0.29790773070054244, 0.9545794490282973, -0.9323660477477614, -0.3435696985651401, 0.11248740033922804, 0.36147543972659274, -0.890623852261274, 0.2759069775445245
13, -194.32096402637393, 26.295412540603618, 175.80373037670364, 9, 14.555225876867876, 21.18742115944236, 13.792884895050536, 10.551729201538487, -0.22736861220743027, 0.8333235046934222, -0.5038605468860795, 0.969601499507813, 0.24177163720240197, -0.03767502616682293, -0.0904237044975918, 0.4971100602179984, 0.8629630013476767
14, -300.48093795205773, 194.84314555549182, 345.35665215913974, 29, 22.982603372965833, 34.896983978442776, 19.20273073277128, 18.11535213154473, 0.47135322076949915, 0.8596417892066018, 0.19708408236053035, 0.7329828780550482, -0.2575599058681009, -0.629602251717188, 0.4904714484537898, -0.44122430705808513, 0.7515044039210642
15, -163.2345718773639, 52.910759108022305, -353.98837310914627, 5, 9.368772805567602, 13.7082158871285, 8.487879116450573, 7.067535537424131, 0.8900307680937157, -0.44798832841082836, 0.08456766198838894, 0.21073305054162828, 0.5687531781042502, 0.795054340159045, -0.4042731913643666, -0.6898016236600104, 0.6006137750169268
16, -242.3875552534339, 88.19776304842091, -77.96229603829234, 7, 7.14363051855311, 11.619445435018037, 7.514978501902062, 4.17487818893863, 0.3088752937197172, -0.41657142112254414, 0.8550229845059736, 0.8277150882667481, 0.5605502045434285, -0.02590754411151151, 0.4684909663858289, -0.7157176253874601, -0.51794255967685
17, -206.07154812784688, 93.8287045104802, -57.23495297878087, 87, 31.64696228605952, 43.61117531281801, 30.88126228196908, 23.53440666127629, -0.06584663865293743, -0.8175181216885707, 0.5721261581931913, -0.23857907736726514, -0.5438413228171483, -0.8045599041955042, 0.9688881483539231, -0.18947489624561306, -0.1592325961354027
18, 203.96120957827412, 305.29965782503297, -83.25336406170833, 8, 15.55919959740961, 18.368120781938348, 16.126254736212356, 12.716380486560736, -0.754768760571525, 0.22758168895220093, 0.6152484806311899, 0.28751982197089676, -0.7282360812083392, 0.6220969072420669, -0.5896240073463325, -0.6464354452534181, -0.48421559772571054
19, 237.2681931266931, 154.15738768139244, 237.00298362595834, 30, 24.744399541586652, 28.368124727443114, 26.859113885038937, 19.884214987871232, 0.8695333199048676, -0.025580053330027813, -0.4932113811002868, 0.3156446394045696, 0.7968593317027854, 0.5151540226896705, -0.3798424241582019, 0.6036231161493256, -0.7009699469020041
20, 221.9806090621646, -220.57322812094114, 224.88595854282576, 28, 21.976458505466248, 32.38685752237012, 22.476653306411485, 14.580508307691803, 0.009810923696310926, 0.9708540408838237, 0.23947061839769776, -0.47534067572446215, -0.2061658221755414, 0.8553051477504942, 0.8797471158111496, -0.12222145910695889, 0.4594637386733904
21, 234.18780966059143, 190.8004807071444, 305.51409792150486, 123, 37.00476595881674, 67.59092859365869, 31.76213388540388, 23.603418153297433, 0.9399579480519406, 0.3303773398736673, -0.08561465524070477, 0.13887144809068214, -0.14109058450343287, 0.9802082267914694, 0.311759164739679, -0.9332439446696019, -0.17849919590389948
22, 257.3967743604755, 189.2531995264137, 229.3613410034492, 32, 23.183506798488, 35.31085394639624, 21.399693187218677, 16.49003661808413, -0.18321934719258906, -0.961348941769994, 0.20552100372476323, -0.9763679706669377, 0.2023225495169003, 0.07596822896913648, 0.11461350998048649, 0.1867452760170768, 0.975699720823604
23, -218.2540919517792, -211.6770107411549, 268.621159282142, 14, 14.392099869068018, 18.12987663673265, 15.062228568363553, 10.91662543425606, -0.09725975894854304, -0.08016861571048275, 0.9920249655852095, -0.42125800777364303, -0.8997460378443206, -0.11401209703372604, 0.901710724221384, -0.42898724973885993, 0.05373741141547646
24, 343.7957077530717, -19.283175027648472, 45.54450880756076, 44, 23.58102152093975, 30.750218681831324, 21.510852301381604, 19.823576768077857, 0.4271324018300663, -0.5275471320039359, 0.7343377525507594, -0.700007303869257, 0.32112734761641554, 0.6378612710790172, 0.5723178189053469, 0.7864930070428259, 0.23212295025731475
25, -265.4397587664424, -59.53024107961254, 154.6224899020149, 132, 38.70827004109696, 60.734025259274794, 35.00292801464341, 27.281914648577924, -0.26864122286842745, 0.8225608697957844, 0.5012240106544764, 0.19716923529217525, -0.4623759901847547, 0.8644840868141913, 0.9428447306052333, 0.3310620171228797, -0.0379704462506687
26, -352.23550583978226, -302.6093663117787, 160.5669380737235, 8, 7.9659920220584075, 13.13064983630875, 7.042103982998182, 5.466771831600797, 0.06596189226697216, 0.7864481656901872, -0.6141240196011717, -0.3746785908097516, 0.5899487245587429, 0.7152457311863741, 0.924805375393861, 0.1829201603816592, 0.33357942467809404
27, -346.94050433795496, -159.1351235073103, -4.249298852976764, 8, 12.781317756679753, 18.653039108817083, 12.640358788582585, 8.85559800738823, -0.3898825741706608, 0.5796036738402986, -0.7155775007844278, 0.9026656895547085, 0.08682236484299151, -0.4214932144931792, 0.18217088477246154, 0.8102601176374775, 0.5570388770160658
28, 65.00788610808888, -323.7935605010199, 203.38594523452235, 16, 15.48107984706987, 20.891317245128327, 15.573703146066405, 11.403706611732462, 0.04082765552269081, -0.04975755021210421, 0.9979264946585047, -0.7724740203572735, -0.6350463638603819, -6.0172902256803205e-05, 0.6337325858890255, -0.7708698346313713, -0.06436386904010218
29, 242.9179849242205, 148.35895071678686, 350.8378023471608, 20, 16.12238541578115, 21.58975239571607, 18.97613238904571, 10.228984814226349, -0.9713371684200495, -0.237430539992332, 0.011438702927790784, -0.23481254324574466, 0.9658876604177594, 0.10919751364922346, 0.03697532664069278, -0.10338165278063949, 0.9939542540218625
30, 124.71262936187817, -193.54404342268754, -242.14946018512717, 6, 10.27137249009835, 19.652090822984935, 8.966171143910367, 6.149922607876131, 0.0729471968846964, 0.5936790080964984, -0.8013887582267568, 0.7568274518202094, 0.49036034374939463, 0.43215615401068147, -0.6495313038168331, 0.6380375918576681, 0.4135421583568871
31, 179.88707472878642, 187.11063569226323, -43.26121759370381, 8, 11.510281668487174, 16.713578686526503, 9.69747663815147, 9.408700881950239, -0.5340212314267494, -0.6420598215085656, 0.5500731860305927, -0.0142131881147678, 0.6573370892840248, 0.7534626310144521, -0.8453515893810528, 0.3945467483784325, -0.3601576789059671
32, 29.95804544600783, -353.0447255313781, -51.34777318021002, 12, 13.585930134134012, 21.398100650107107, 11.505912447113632, 10.18525343254441, -0.99491712150848, 0.10069701155880674, 0.0001821878311345261, 0.0898845517004932, 0.8872681943840228, 0.452411227314395, -0.04539480911824184, -0.450128051889281, 0.8918094237041224
33, -299.04099465755917, -287.72285905338805, -38.904056956430466, 40, 26.499436640499813, 44.529127094371326, 23.81396834386751, 17.548256347041395, -0.8061645412531815, -0.22687360965831752, 0.5464678377239164, -0.5880595054395956, 0.20503900231181083, -0.7823969744273782, -0.06545800553168052, 0.9520963043576957, 0.2987103559306784
34, -132.20981767030113, 242.43587359257174, -251.65429668580944, 9, 11.838577160370177, 14.238713366221024, 11.227545923591617, 10.378699545454952, 0.35347718190090044, -0.577044463930968, 0.7362564556742573, 0.6058040907313184, 0.7409326106863914, 0.2898625020154365, -0.7127799699266245, 0.3435673923236456, 0.6114786679871427
35, 189.38037276879163, 329.1588826343462, -257.3380847438488, 18, 15.6926299252377, 20.329071845653033, 15.657765086401735, 12.140592306487445, -0.6719460103986451, -0.6634058697889125, 0.3292130177240268, 0.06738596137901152, 0.3879114871090819, 0.9192300095067867, -0.7375280952739157, 0.639857273224613, -0.2159513338305477
36, -217.48940801486881, 179.74574933564529, -219.52415663298052, 7, 11.76439976479248, 16.96514314513742, 13.029120022350547, 7.3660846981982235, 0.6085571280978295, -0.7900225702033477, 0.07431393147061031, -0.7523007180740994, -0.5446292165733475, 0.37070560562243515, 0.2523922570653008, 0.28150196273560485, 0.9257725387747712
37, -185.39227329335876, -280.6413668138474, 306.491934298597, 11, 16.084549287745855, 21.131751656388428, 16.231824769554226, 12.13176093873091, -0.9883557246346744, -0.13625195854978106, 0.06773747392113444, 0.1038562368049347, -0.27871196420441524, 0.9547426475684607, -0.11120631123540155, 0.9506603204092755, 0.28961718101788936
38, -343.64827539467046, 152.27676207657728, 87.67462956247577, 6, 6.6653665241710245, 13.615468401445003, 6.673681514921885, 3.2589225860756454, -0.645682553724411, 0.2073052893944513, 0.7349275860960766, 0.7320017362282859, 0.4420593856036948, 0.5184177444479104, 0.2174108966328449, -0.8727015621555672, 0.4371778647604831
39, -260.08018329626435, -64.13411385145231, 321.11974585475366, 122, 34.042109351068866, 45.67705441196084, 33.76366997374833, 25.580065432957745, 0.727775541585344, 0.5167235263425402, -0.4509318777756675, 0.6177801883643613, -0.20842229831399053, 0.758226736820859, -0.29780933486822303, 0.8303956544260357, 0.47090620847011816
40, -277.7174878735998, 137.23309244946321, 243.2878091188117, 62, 32.39949003855611, 43.67862702831872, 30.825603461608452, 25.26003556939401, -0.44062196216647515, -0.7019893463316893, 0.5595205484103088, 0.2655226185281192, 0.4934823003513691, 0.8282348448899577, -0.857525524696809, 0.5135038236242526, -0.031045090058415194
41, 155.58880514025762, 272.4716634822317, 323.8114209010637, 166, 43.11539572007127, 58.53018323127901, 53.15809402962966, 25.76011780081352, -0.8809343519197407, 0.3905948848743668, -0.2671896396152491, 0.3232359046569015, 0.9090034632052971, 0.26311832665439805, -0.3456489802507474, -0.1454246876935123, 0.9270266677182823
42, 161.70636556839847, 132.41267342070265, 83.8554940032848, 10, 13.503029906157362, 15.916863958542677, 13.206080533453603, 11.712840864677249, -0.7190837453282389, -0.507253805929468, 0.4749864667280342, -0.6641269230790187, 0.3004060714172076, -0.6846105625078207, -0.20458249496549774, 0.8077436280316606, 0.5528980323060866
43, 322.13481243306444, -293.9349651966544, 228.76170322097985, 37, 25.613574134949715, 31.86537665202873, 25.050957548101728, 21.050730247125188, 0.6690468690621433, 0.24785747395747024, 0.7006732188413977, 0.5545977177746759, -0.7940968747838146, -0.2486594556772362, -0.4947703087668719, -0.5549565983588244, 0.6687492171963543
44, -122.45205435247458, 106.21417527348781, 184.22826395904832, 10, 11.015779893593143, 14.499192976123386, 12.60263698030658, 7.315440669646546, -0.6515661490874093, -0.44436622068882264, 0.6148172210292555, 0.6774950066490918, -0.7054748828145211, 0.20810022989748245, -0.3412653942739445, -0.5521266626676989, -0.7607194483135542
45, -199.09815650793018, 117.76251535435783, 298.66170303855887, 20, 19.105008911035704, 29.280875367241226, 17.73950016690199, 13.425061963310046, 0.3450321963376285, 0.9384849432002679, 0.014099463706898838, 0.6190742362860322, -0.23884113419548117, 0.7481323429601758, 0.7054784712925679, -0.2494011307163744, -0.663399730584883
46, -284.9278803690505, 71.65202489392622, -59.15208958808957, 20, 19.049035339397406, 23.68868463710179, 19.530701192764422, 14.940329667329971, -0.42783272910675885, -0.8598394191811398, 0.2786311704158432, -0.8793127523263378, 0.4672970134797529, 0.09188353927219106, 0.20920860283780124, 0.20569315597545346, 0.9559927228193283
47, 251.5819459978671, 344.0855210864144, -17.999531638234682, 73, 35.417452896185914, 48.72148393319169, 44.760131368099344, 20.372302448881843, -0.960314634472386, 0.07066015217223268, 0.26982020997909834, 0.27336263729850524, 0.046306348282581095, 0.9607958111055326, -0.05539558960218975, -0.9964250423407318, 0.06378450947445287
48, -29.72913259912683, -62.77460401173439, -144.1124498778214, 10, 15.699926311457496, 20.65823697278764, 14.780196252017372, 12.674165867167533, -0.053225289382815455, -0.6462978246556937, 0.7612267667491952, -0.6349231720855197, -0.5664714704457707, -0.5253404978867207, 0.770739666890823, -0.5112819134453362, -0.3801988570007791
49, -141.70261998306725, -106.26282316548013, 312.6638016272082, 88, 35.78095332018118, 52.377670423559806, 37.76748383812162, 23.15749033861974, 0.9014782891471431, -0.41844363602512147, 0.11064274791605387, -0.36657118111016185, -0.6022003443186934, 0.7092110507331, 0.23013574988654134, 0.6798968074439846, 0.6962599140059957
50, -242.85272580891902, -271.5520000681069, 53.88628621107589, 80, 31.50315377836989, 56.429208691754376, 25.825548541123883, 21.45401522362906, -0.6068563027675168, 0.7069306176994052, -0.363282988248111, 0.2734432617649021, 0.6148626897167991, 0.7397111972855315, 0.7462936488988174, 0.34956111705016707, -0.5664387125364295
51, -164.95115834532976, 20.57378220625018, 307.74454644436685, 9, 13.432147444425087, 17.182951705104664, 13.19117114543672, 10.691908334029312, 0.8303845220793947, 0.1216629636103307, 0.5437459597794969, 0.313487221897597, -0.9087782590025208, -0.2754048613791593, 0.46063793503998474, 0.3991493445439938, -0.7927751847479831
52, -120.18163180184825, -168.23616028071473, -236.8555914855617, 17, 15.662834772448763, 17.254555819293337, 16.04860727861492, 13.876181323363264, -0.7189502384809937, -0.04293373494206254, -0.6937342783746865, -0.486222461644459, 0.7442961788040257, 0.45783284723808154, -0.496687298388558, -0.6664682232647337, 0.5559872615427665
53, 292.064016245934, 272.62328645845287, 211.23684160107848, 32, 24.929311893460028, 32.61691406302018, 22.909070476829648, 20.733877856035253, -0.8342768874177448, -0.10801184843295225, -0.5406621086396349, 0.09803093033174073, -0.9940576396922831, 0.04732172511331616, -0.5425606065858932, -0.013522187970288228, 0.8399078155450417
54, -335.902506200334, 111.002149595933, 219.03865285848298, 88, 35.0132135133324, 48.57518104993155, 36.167945385502875, 24.431922957742962, -0.3794779413500343, -0.9184003701436235, 0.11196987161194254, 0.12854589529047078, 0.06751193227577326, 0.989402896601967, -0.9162272888496121, 0.3898498417601922, 0.0924373087386386
55, 122.47623257230956, 260.63106134747136, 64.02667878129944, 29, 20.776854228279888, 25.532091343214507, 19.660251614675573, 17.867505196472003, 0.6436737321516925, 0.03221082393682483, 0.7646218603723165, -0.37139047073856524, 0.8867271389623865, 0.27528911942204953, -0.6691436652786146, -0.4611696475798147, 0.5827257600008867
56, -72.51356242645271, 90.81280269366387, 64.93050227497206, 24, 16.706535754752423, 25.187650987107222, 14.411895144590977, 12.845483420245191, 0.6562248745876379, -0.322866039423205, 0.6820017848654154, -0.4553344214208368, 0.5512868506127292, 0.6991089850737511, -0.6016971652266535, -0.769311594172785, 0.2147561231479499
57, -97.35087485919139, -20.792564010440323, -236.4790032293792, 70, 29.080002363769445, 46.17921988596851, 23.794776378342345, 22.37974288649941, -0.37389545228705656, -0.3982711972857314, -0.8376050645570664, -0.8793971552504379, 0.4392173988475095, 0.1837082466495849, -0.2947250143718669, -0.8052751889647504, 0.5144599459056929
58, 265.3588700421995, -222.83281399466682, 277.7937836754338, 8, 11.784322071092845, 16.954731167993828, 11.3613501777317, 8.495578488062575, 0.5089891798213522, 0.7638617953404295, -0.39679361441949, 0.7947008223208211, -0.23989726114800197, 0.5575839910688776, -0.33072740713070237, 0.5991364299664835, 0.7291467070896086
59, -57.65019139915938, 172.51039126200502, 212.7466733615038, 6, 11.048171913036136, 16.16290773373572, 13.121757600737256, 6.358574523399865, -0.5213581603618929, 0.8521498039444991, 0.04501533362549575, 0.8297258869511168, 0.518549766558153, -0.2065456175416641, 0.19935049823676257, 0.07033385557351793, 0.9774009042419175
60, -96.92114119809743, 335.20131276415174, -15.905313594409328, 22, 19.880965687539756, 29.97193457597583, 17.492270559333527, 14.988268527617574, -0.6054435391740941, -0.24159461861673068, 0.7583338058716516, -0.09353709693371545, 0.9678106378931882, 0.23365226444011378, -0.7903726541129571, 0.0705309112107352, -0.6085527571166062
62, 324.0166869451645, -309.2131843310835, 155.2900417527816, 36, 25.136124762633873, 34.546795921517585, 26.716868459930144, 17.2068607154724, 0.8456083749922273, -0.0682501998664407, 0.529422691581307, 0.4507325952852074, 0.6226407799662891, -0.6396550528764958, 0.28598357241363764, -0.7795257335977831, -0.5572728478657215
63, 289.5020203985107, -215.9928624582191, 173.02529156253678, 9, 14.677361870213147, 19.43070433558406, 16.04043907837059, 10.14470003536173, -0.9939114575078729, 0.045241108250079966, -0.10046520173114887, 0.09507261386541345, 0.8129942550886208, -0.57445760442847, 0.055688533176713434, -0.5805114842250779, -0.812345495436162
64, 209.9730960041711, 310.54995506959733, 352.8264912179326, 8, 14.622216592624728, 24.188285364646433, 15.689707337035633, 8.237960620692697, 0.5961873178343102, -0.7916505927166545, 0.13360397114195646, -0.703925150097243, -0.5954652384315194, -0.387182815838032, -0.38607002617932334, -0.13678628904632217, 0.9122715856666986
65, -298.377000715683, 195.75286897293685, 175.22692998824093, 17, 17.44924825446464, 22.625801468846536, 16.51302684189009, 14.219997026458227, -0.9508613013575192, 0.1766174356858082, 0.25430113446946, 0.040332764798116386, -0.7436843629605399, 0.6673131471593495, 0.30697891403877353, 0.6447789153653727, 0.7000172116711337
66, -103.14459605869459, -139.00907134485004, 108.82586539952885, 5, 8.134078398006022, 12.422862121474987, 7.56200611727317, 5.728835768416393, 0.330066070595301, -0.905375071960826, 0.26711864052084955, 0.6189246293074558, 0.4212301410576634, 0.6629460547444032, -0.7127332546460895, -0.053489693740664215, 0.6993927082727718
67, -293.05467540906204, 274.58801260275237, 352.18997097547, 19, 17.426719264249584, 30.23668294912419, 14.908881472942646, 11.739989183735942, 0.718223149261156, 0.6867725001803316, -0.11179910939467902, 0.5440425589328172, -0.6544373954651949, -0.525099409147034, 0.4337893520307063, -0.31631507775126444, 0.8436655555680768
68, 62.156919484791494, 167.06196931210806, -227.48657285838647, 58, 31.2036652049929, 48.23759385802657, 26.100338494395288, 24.131540790208167, -0.6669660662633136, -0.5512132896775168, 0.5013184374587983, 0.08947708260248612, 0.6087075662001508, 0.788333020074408, -0.7396959633134337, 0.5706478845431572, -0.3566663338811651
69, -173.9760167339341, -275.6002649185909, 182.17928406620808, 5, 7.934392336972083, 17.62887031318774, 6.867417654931585, 4.125941547430788, 0.18348483544565006, 0.7120913201299838, 0.6776867026561904, 0.860237671455083, -0.4499448115331048, 0.23987666661010504, -0.4757357078998972, -0.5389579003688301, 0.6951258287957699
70, 129.36283855538196, -40.89112009053391, -250.1004503037209, 48, 25.965579842797776, 36.81593736558279, 24.12757696413215, 19.708088506607353, -0.8605925260442729, 0.3474801377216041, -0.3723413192296988, -0.11822555921365019, 0.5748200625252649, 0.8096941477292955, 0.4953818943657069, 0.740836992601901, -0.4536048160317684
71, -309.7508370949171, 19.221993213271638, -176.30585800593994, 5, 8.694343831638465, 15.201472101989111, 6.966086654294799, 6.2063450032095515, 0.538301000616619, 0.7722853386484954, -0.337353506642106, 0.6540472017057039, -0.6352756737863468, -0.41066662420537847, 0.5314642891823337, -0.0004171377247258276, 0.8470805955279789
72, 330.29049356908956, 88.02190553191544, -333.22926535944447, 13, 13.944840024323536, 18.759459471499852, 14.178956124834981, 10.194737080361818, 0.2046151721437961, -0.6287507739415188, 0.7502033694915704, 0.5089104565841742, -0.5863576642224682, -0.6302339540098254, 0.8361475817748033, 0.5107417682895272, 0.2000001690415171
73, 309.385528529863, -195.23745344724887, 301.50412669541254, 10, 14.07038247580513, 18.905968687796317, 17.1073739938546, 8.61262275664914, 0.047467568257379994, -0.9267139663787495, 0.37275736677133126, -0.464046296238925, -0.3509216912553241, -0.8133357249951823, 0.884538221283098, -0.1343696064036362, -0.4466955831035997
74, -39.407369656847095, -351.30564351145597, 239.1471073748248, 33, 22.05325110213114, 30.09602804136779, 25.878671894451834, 13.771038743080407, -0.3431863219951875, -0.12471986932094777, -0.9309501074665502, 0.932205537076347, -0.16653742492571522, -0.32133801944885254, 0.11496079783828424, 0.978115657934008, -0.17341791909923224
75, -4.108283542023297, -269.40726896316767, -79.86414404752837, 7, 10.003380492150338, 16.18729096480549, 11.301516581534273, 5.471790543817912, 0.6464433009802908, -0.498630183942047, 0.5774764049548912, -0.6714760317877626, -0.01244682668051016, 0.7409217335455514, 0.3622581915599213, 0.866725456051399, 0.3428643849690862
76, -178.71969168263564, -210.59590242795957, 23.93209550534726, 18, 16.89777158312909, 19.785361436393032, 17.4857444328038, 13.94633813816547, -0.49356754612002723, 0.3636024161134621, -0.7900533908626096, -0.2063657041760175, 0.8335067197830911, 0.5125229206741568, -0.844869382542054, -0.4160046046294258, 0.3363567977165373
77, -15.388157037964389, -105.89256560503402, 263.9537993261384, 27, 19.12516363567834, 22.250417746545956, 19.8480080378899, 15.840189860328998, 0.002449909082353483, -0.7904067379041727, 0.6125774943802397, 0.9228793956357145, -0.2341064657041935, -0.3057577207963022, 0.3850813148629084, 0.5660842264108544, 0.7288765530268333
78, 255.6427552785669, 339.74269400281025, -120.7223277762809, 50, 27.238152020697353, 35.893914533438725, 26.451897063945186, 21.284098978437182, -0.9433924916945666, 0.2882660595231536, 0.16405269135649908, 0.32193245217632555, 0.6768017688312953, 0.6620414352157785, -0.07981292407909274, -0.6773788043877844, 0.7312919065025406
79, -123.99982700655592, 262.2143260341815, 349.4372232915401, 41, 25.27161105067012, 38.23540126840291, 26.04646680726905, 16.20631643329312, -0.33724494599655214, 0.941374334499801, -0.008955933499042659, 0.9393863214427831, 0.33587778887032216, -0.06884366368649668, 0.06179955894647587, 0.03163025906690926, 0.9975872599554294
80, -303.9304686031669, 28.20957282892914, 327.18081334695205, 10, 17.817834870357665, 23.782210992984428, 18.960038770699526, 12.5450772598045, -0.8926179672350336, 0.0982154359359721, -0.4399851051036881, -0.4158320202736866, -0.5563295566762649, 0.7194311331069115, 0.17411747610248862, -0.8251370507450858, -0.5374308811404506
81, -271.22598048305707, -271.09466307860083, -140.78659768832787, 130, 36.078831751201875, 50.99763407889109, 31.195761383227374, 29.51968923135132, -0.9503044878715091, 0.286580482165044, -0.12162650851405596, 0.30887639408072115, 0.819036970215279, -0.48350161799136443, 0.038945519780328765, 0.4970413148447787, 0.8668524544733166
82, -306.1952506937719, 195.88604492638572, -215.6102071580765, 254, 49.55018706828095, 70.22343991372948, 42.842195663551635, 40.43729303962321, 0.7043388872670263, -0.6911094400032307, 0.16209402771807518, -0.5261974903911493, -0.661576266976589, -0.5342593415929919, -0.4764692361417533, -0.2910061595769793, 0.8296339446398946
83, -85.52720444610026, 24.019585853593867, 274.88566452070745, 6, 7.740725277414495, 11.711442435490524, 7.435044534674513, 5.326611235809718, -0.2553516244730829, -0.5346783830020614, 0.8055523413343535, -0.9657346025160598, 0.18102777288044739, -0.185972102609755, 0.046392083183510784, 0.825438048672489, 0.5625831515621916
84, -113.68583774723933, -290.5868397329274, -204.32378983964827, 9, 13.554843098563206, 17.087233114179178, 12.470161664692132, 11.6879852923019, -0.7097099964800447, 0.7044210331459232, 0.0101355294842006, -0.015083451705603343, -0.02957722315002745, 0.9994486867045141, 0.7043324572820278, 0.7091658451535605, 0.031616351571563305
85, -102.25665598276446, -102.89675671467802, -152.92800447211883, 12, 12.301184498481726, 17.371299250558632, 14.369983772997601, 7.456795232686865, -0.25058532869906824, -0.9565312046716201, -0.14918125730211226, -0.966733950363238, 0.23907732007174937, 0.09092581724900328, 0.05130752630821753, -0.1670032619943984, 0.9846204589725738
86, -212.66004120874783, -60.530594668748755, -253.69662248251478, 10, 13.156692980386858, 17.035329007033592, 13.698600791766028, 9.759183537232316, 0.5757170743389526, 0.22094059077884642, -0.7872325613571197, 0.41975369265474405, -0.9061085770981978, 0.05266957387131651, -0.7016813292494708, -0.3607665475835769, -0.6144028078771471
87, -217.31008754816165, 185.28683695331497, 257.0104478372876, 7, 12.443907935227141, 15.52621715575245, 14.661690318060487, 8.464877349869232, -0.5855582942737859, -0.4842094177752023, 0.6501251600614868, 0.63966609069179, 0.21664173357101266, 0.7374914587264242, -0.497944551557959, 0.8477072602102368, 0.18287598136605324
88, 96.44406209532217, 77.59791609547932, 231.59248845216632, 72, 33.11072992839935, 49.76318742758554, 31.465041157995028, 23.183007226904074, 0.2971566182976173, 0.2627916861588849, 0.9179534159682038, 0.9072364750963045, 0.22202539711612926, -0.3572487946659271, 0.29769098484293627, -0.9389596651194315, 0.17243788685218683
89, -220.72671561546022, 27.396073246184848, 86.03004905231089, 7, 11.312596858821498, 22.29565765688005, 13.8470511491973, 4.68931436593254, -0.9402533798269859, -0.1680917644778355, -0.2960890751761334, -0.1261107744926292, -0.6358423687785587, 0.7614463570225682, -0.3162588406365888, 0.7532925333366844, 0.5766547536771032
90, -76.3531110366155, -65.34369268949118, 249.0092340644972, 7, 8.67629949430569, 17.801580592683216, 6.2209660694720395, 5.897761514885544, -0.4528346447075766, 0.10528431445452055, 0.8853564240928082, 0.8102371166628628, 0.46301329012933057, 0.3593529016794813, 0.37209756695580615, -0.8800760798325511, 0.29497371810406864
91, 149.0023779814502, -214.44448430023687, 218.8461693680474, 10, 13.041563046054463, 14.546004036429492, 13.227561077000992, 11.528304957624368, -0.7694619425394552, 0.31918444934001844, -0.5532175035941266, -0.20688145202277325, 0.6949168377119156, 0.6886876312766333, -0.6042585405208251, -0.6443693629929814, 0.4686787175066324
92, 223.25690276137829, 127.6992861137478, 206.10565646478838, 65, 30.033223504277075, 47.734749297995286, 24.468135062741435, 23.193715683790526, -0.3171933701897683, 0.0021615480700161198, 0.9483584204390224, 0.4611488472877654, 0.8741641067127595, 0.1522460350230784, -0.8286918043234313, 0.48562582534809806, -0.2782758545079939
93, 294.9758579977315, 224.05430649542322, 349.2807613277915, 12, 15.254873901691385, 21.02457695780645, 15.383518120514536, 10.975970542712915, 0.7321809711170544, -0.5806786961203916, -0.35598213073974544, -0.5929343793333535, -0.28621454660436774, -0.7526686223808106, -0.33517137010588716, -0.7621636866080526, 0.5538652069568593
94, 139.04824010482395, -61.93197261190771, -107.14490290025148, 16, 18.774015789346684, 23.566016875403882, 18.95236163519262, 14.815694604074023, 0.5091435229509437, 0.7594275419834974, 0.4050218284413879, 0.8117932873253706, -0.2673857320704405, -0.5191305509586419, 0.28594498018075104, -0.5931059591355134, 0.7526358944053707
95, 313.7806849273373, -123.87110117117982, 195.3682067714728, 30, 21.62764734043749, 25.3433223744702, 20.972968002454493, 19.03287502349572, -0.28088038400862786, 0.17760145177068648, 0.9431669704819556, 0.9507586775613164, -0.08265912018610704, 0.2987062217161129, -0.13101201059835307, -0.9806248998363255, 0.14563879599877858
96, -345.58959030734803, 150.6465271912329, -274.13289859665025, 40, 23.78540938381895, 32.80206930572329, 26.194749443635146, 15.660888643037623, -0.34289190599658936, 0.8929022535026439, 0.2918059397817781, -0.5098890660169754, 0.08398149969950802, -0.8561309759987418, -0.7889475782067925, -0.4423490402364652, 0.4264845195824991
97, 128.75786119736418, -328.3124322196571, -22.39864561936251, 75, 31.513468085035104, 36.98797719351158, 34.252959335235765, 24.70187505921711, -0.11691572044889545, 0.33319704816845924, -0.9355802698880203, 0.9929929417875727, 0.05553111646813953, -0.10431353058862597, 0.017196856456284625, -0.9412204960558537, -0.33735477754493814
98, 61.73636475444556, -341.4978370461907, -204.65313015941268, 10, 14.135266076841676, 17.985681728674802, 14.336925923096015, 10.952897373392924, -0.9802154617895057, -0.16334497114672067, -0.11178581694411593, -0.19792454277653845, 0.8142445831036751, 0.5457395296778679, -0.0018771881857090435, -0.557067481807546, 0.8304651087656331
99, -175.12217520394606, -151.24338425958888, 188.23202907859087, 58, 27.574612091533208, 46.38218693594946, 23.74285446800629, 19.038997752801443, 0.6799771578795047, -0.4303680098048152, 0.593645046217648, 0.46234358449582674, 0.8800477930605505, 0.10841721175535213, -0.5690953124369089, 0.20074675107183143, 0.7973902854289366
100, -350.5449495066053, -31.259779287304198, 91.3851746517036, 12, 19.717776153938566, 29.620927965252655, 17.28061553457221, 14.976693016988701, 0.07032720831845723, 0.712880270345531, 0.6977505312948279, 0.4024776458428737, -0.6602978804559027, 0.634049251763789, 0.9127243989107066, 0.23623807740820302, -0.333355279567559
101, -329.2765803113946, 241.1251978842089, -13.72006447906778, 18, 14.903768281584872, 20.31940148525818, 14.461559017541985, 11.265805350726549, -0.49937510107896493, -0.8467221581649694, 0.18353772172180383, -0.8537274859249784, 0.4448302443143898, -0.2706943544284142, -0.14755977839028314, 0.291869218342148, 0.9450071275846305
102, -52.65525841372081, 45.69380506621636, 167.42126612260512, 6, 7.804335732906659, 12.848187845417916, 6.197903292486245, 5.969269113998686, -0.6258575218247753, -0.13139236828242562, 0.7687902236192174, -0.7011141627352447, 0.5265974541512284, -0.48076402953372227, 0.34167425010878183, 0.839899498058308, 0.42169602793244754
103, 216.07614568647247, -169.67983086725934, 176.7244932502499, 15, 17.122943642046994, 21.705952714818434, 18.357326421237925, 12.599316878698312, 0.7121294926680861, 0.5023007194898647, 0.4904748442807832, -0.3271204377728205, -0.3807499664264927, 0.8648824673084448, -0.6211793660961485, 0.7763526584395711, 0.10683044917156181
104, -281.5152860375961, 320.8173873813582, -239.78548151130673, 13, 13.919256020043626, 22.87051349625502, 12.078827254148559, 9.762192856689484, 0.2285033960893665, 0.000592664261118538, 0.9735429352240711, -0.7396463331859403, 0.6503245251484625, 0.17320887331490822, 0.6330161923523124, 0.7596562780228304, -0.14903972450417527
105, -33.982894574486224, -244.71605739686, 96.8813454835077, 10, 12.085389204377147, 14.210911964167305, 12.29844419423441, 10.099730838605401, -0.00016968325761102218, -0.8331625072400982, 0.5530282160405431, -0.9026304141478386, 0.23816004773733063, 0.3585221431335225, -0.43041643400652474, -0.4991192524749434, -0.7520782307353141
106, -93.3389921991836, 144.54557283789038, -31.94972870191239, 49, 25.763211998085172, 43.49917358974591, 21.022482561817274, 18.69971616285233, -0.991671241493522, -0.031845968576085626, 0.12479576547362364, -0.12311232841282209, 0.5190242683989016, -0.8458470094560592, 0.03783521359091436, 0.8541660512443928, 0.5186220719503666
107, -332.0793737965059, -253.49059039220538, 54.898332344831275, 62, 28.572835758599958, 37.68678342506901, 28.27564426548014, 21.89063971859591, 0.6561563934153437, -0.6451375868565463, 0.3914796053501138, -0.6384501253246826, -0.19803588942169503, 0.7437494362847311, 0.4022937047146844, 0.7379561508151221, 0.5418306881499637
108, 40.544980386934746, 166.7062379339665, 121.25469625647814, 14, 13.768022988089918, 18.896351264509896, 15.974100340824636, 8.646102618939683, -0.7658712330170365, 0.4682855688293548, 0.44062442109253513, -0.31629182904255493, -0.8710021204746136, 0.3759185882736342, -0.559822055047744, -0.148539328646977, -0.8151903670476155
109, -96.55536423348924, 267.5522954287112, -276.82332547417246, 15, 16.65116071172104, 22.25668124651547, 15.318810818514633, 13.540917081530859, 0.4974705765462259, -0.7542038684576904, 0.4286018551922288, -0.3205248065462961, 0.2993053248138738, 0.8987102819744086, -0.8060935887719393, -0.5844594488427036, -0.09284545653535604
110, 148.7690732664719, 71.1315778517633, -175.48079612521283, 84, 31.61412156061443, 39.57605880148428, 32.224908581635965, 24.775311298009974, 0.6998784443815321, -0.25603540743389397, -0.6667953458372715, -0.5749970776199625, 0.3518560720556339, -0.7386309398380788, -0.4237316648760032, -0.9003572483729668, -0.0990368693147685
111, 101.93268184366158, -155.23960741721055, -218.34384667313478, 49, 25.214696133123322, 36.95859529614032, 25.307385161596372, 17.139513288113292, 0.213743604361349, -0.3754769224902872, -0.9018485195817766, 0.5768907092425487, 0.7935333384575546, -0.1936542030167102, 0.7883595507027537, -0.4788756847383584, 0.38622182406244315
112, 138.46028342647236, 301.4567817588371, -347.30545305351455, 7, 11.201112784960014, 15.398601106443056, 12.118702505987526, 7.530886760057281, 0.1972206767924906, -0.06908693803221036, 0.977921775828131, -0.1566282922749087, 0.9824801486190874, 0.10099671097843639, 0.9677662851662885, 0.1730888574193889, -0.18294443072335553
113, -263.2335894443843, -38.70216658875465, -336.97526083029084, 13, 16.64238405697576, 21.133581318839234, 18.086352159944564, 12.059312183312333, -0.4698941462154049, 0.2073661517660294, 0.8580202622632195, 0.3684382220157069, -0.837224157265175, 0.4041150665955455, -0.8021550772203598, -0.5060187640724055, -0.31700511430611633
114, -70.09568724838468, 139.36260089093784, -16.457539786044244, 5, 7.841104171838204, 10.854854638390247, 7.7735600346286535, 5.713308852765938, 0.8253020268667506, 0.046399619684759065, 0.5627820535009472, -0.5095114129495321, 0.49087397575362607, 0.7067112989064206, 0.24346392858861976, 0.86999414665901, -0.4287604229115096
115, -89.88642758036283, 116.99769834736848, -340.2646585196388, 46, 23.603456437806763, 30.834231167471767, 22.21249493037889, 19.19978424997982, -0.5531536760016756, 0.517949875570613, -0.6524943962381744, 0.814352327101664, 0.5013167415845184, -0.29242402765707476, -0.17564537588543938, 0.6931157558470792, 0.6990988849416047
116, 321.5479516801514, -268.7413385240454, -114.93014030533732, 10, 10.255256388555392, 12.326299883998216, 11.329816250912854, 7.722963311212233, -0.4817071000065641, 0.6524087966894214, 0.5850820727090577, -0.5260667672968071, 0.3186848766927977, -0.7884755580949756, -0.7008651982722158, -0.6876065091093573, 0.18969781886276654
117, -101.25714473108374, -113.42639926400145, 59.29316973397041, 42, 24.965577112386317, 33.684661371675816, 25.265837808116917, 18.28348331207335, -0.9701178315558503, 0.17115740462765136, 0.17197830019656926, -0.14216011922845143, -0.9753484962928597, 0.16877740156848592, 0.19662627850398698, 0.13928551116460056, 0.9705347252835873
118, 270.4987154047099, -80.99055437476366, -78.96591170548477, 47, 25.546214079686113, 33.635085014251004, 23.801741085791736, 20.824682344181962, 0.3961300572017464, 0.8099236783496836, 0.4325559074037242, 0.8205183466109732, -0.5236858704880415, 0.22913478986390762, -0.41210510874792283, -0.2641528805440125, 0.8720049512727341
119, 111.0220382492589, 198.6016378815609, 62.41256382827319, 6, 10.600056402388976, 17.194017710496244, 11.804036400594272, 5.868358248540829, 0.31217512231296024, 0.6341859136149685, 0.7073577029913762, 0.8243882199484138, 0.18921217673446644, -0.5334630399434349, 0.4721554360792363, -0.7496712473796449, 0.4637480620262188
120, 178.70162451126774, -352.30106967757985, 217.73409081107616, 25, 22.41785136299333, 48.86939390148267, 18.42701652546451, 12.510941054988518, -0.9755959314841566, -0.06180541995932771, 0.2106956775427827, -0.21069849722526582, -0.006545959825299875, -0.977529177915923, -0.061795806804149936, 0.99806675151195, 0.006636097332582407
