# Void_ID, X_c, Y_c, Z_c, N_particles, R=(abc)^(-1/3), a, b, c, vector_a, vector_b, vector_c 

0, 61.216761942481845, -91.21083031400094, 28.91202152090456, 15, 14.258049324177291, 19.17609647913066, 13.643943401911438, 11.07848114971152, -0.9878740963685835, -0.019151522585468813, -0.15407137601323997, -0.12985100129703397, -0.4420752493261497, 0.8875292622755491, 0.08510867867681081, -0.8967734904176639, -0.4342278430709016
1, 8.92681472907816, 83.57732586549164, 280.95323834970935, 19, 18.61582814665063, 22.566834458563008, 18.45552529059846, 15.489950478187978, -0.15526128486960378, 0.581441080886828, -0.7986364647809395, 0.09685305439054434, 0.8135046385765117, 0.5734367348450231, 0.9831141435641448, 0.01168214328176799, -0.18262012006480072
2, -204.35510827139808, 324.501792495583, 298.9955468494271, 26, 18.5542871168157, 23.040028063322495, 17.145251760841514, 16.16984838831845, -0.05011654838395215, -0.058790482415653274, 0.9970115399309146, 0.06873267412157776, 0.9956962251130052, 0.06216789206502672, -0.9963755070685829, 0.07164290944013027, -0.04586003097226874
3, -288.54687651941003, -111.20464727561502, -303.9872103594292, 12, 13.84023773030514, 18.18806840132117, 13.291434154185627, 10.96660565078957, 0.33521658467977167, 0.8905368491879979, -0.30752879799124955, 0.4617642837104942, 0.12922268599354148, 0.8775393117769419, 0.821220791045236, -0.43617154614088266, -0.36790052282119473
4, 167.72758690327524, 81.71369215042068, 24.972589663791375, 7, 9.557813960137452, 12.413537366462707, 10.476418060905248, 6.713783650278613, 0.0848861341338771, 0.8549082169267636, 0.511787343398513, -0.9684909951452491, -0.04990404105273824, 0.2439974979567856, 0.2341357225080585, -0.5163734378506595, 0.8237347486466262
5, 1.5995458797320745, 244.3781321201847, -289.5122242087608, 39, 25.839862478208886, 52.00727468312684, 20.574379116581646, 16.12425877986957, -0.8046915864868522, -0.45201296113853534, -0.3849100331246844, -0.5715852168959662, 0.4145679604240138, 0.7081128059962374, 0.16050479887923683, -0.7898213020377756, 0.5919632762123751
6, 197.79351201475498, -253.3125744498638, 217.8582400865209, 27, 20.49746667005755, 27.29258764853601, 18.729348150738137, 16.84741176014615, -0.9804605561834133, -0.05080797806707477, 0.19004117220551864, -0.1270804859915792, 0.9010206851936103, -0.4147436255488212, -0.15015874216526948, -0.4307902903014109, -0.8898719446827
7, -271.6551427879951, -102.54839731147706, 39.81390264039731, 7, 11.875643102305302, 17.197553903190922, 12.960721337765795, 7.514075585459917, -0.0865184172960535, -0.4653279007682687, 0.8808998287178754, -0.5932452270427285, -0.6862896411887353, -0.4207928575772866, 0.8003590844487287, -0.5589959509367074, -0.21667686257826196
8, 45.80533152449487, 176.76118006128286, 354.49816282992487, 7, 15.31482355412791, 24.134456765176736, 12.693073276313893, 11.725508277284398, 0.8638372676965845, 0.5015361179412291, -0.04739933901375341, -0.3342343487392024, 0.6409813376568622, 0.6909633310809633, 0.3769251584351744, -0.5810373887935811, 0.7213341651152784
9, 81.34051340688275, 155.5180954882455, -99.90725628445823, 7, 10.760770424358999, 17.63378533044231, 12.792455993764078, 5.523706786307704, 0.17480291189203861, 0.9517353403695431, 0.252277196523455, -0.7948988431851852, -0.014784659899293538, 0.6065618211975732, 0.5810161539035886, -0.30656362426636985, 0.7539489194764785
10, 140.3656265319308, -159.91509133316407, 96.47195130035249, 29, 22.01189233170971, 30.489531648069967, 21.077592762996005, 16.595883482498866, 0.26328065950679086, 0.0912823847045394, 0.960390972766988, -0.6578855754833286, 0.7451103353522875, 0.10953153756873363, -0.7055989398380914, -0.6606649032556928, 0.25622650468971303
11, -96.03229592910951, -221.11997527762406, -50.91070297107555, 25, 19.50064723761687, 22.656822686208418, 19.4211726656311, 16.852821581447504, -0.18139984517036567, -0.042697577404919806, 0.9824820675492852, -0.7990083172752356, -0.5760290654012048, -0.1725578880782068, 0.5733060309269064, -0.816313317725961, 0.07037586380337421
12, -235.35708010907098, -253.50263540547166, 79.59517298433907, 9, 17.676381799601078, 23.56957141069205, 18.124138806745723, 12.92918219531251, -0.4689041406935255, 0.34830906895437247, -0.811670930442014, -0.08687710512442738, 0.8963160931367097, 0.43482160685658705, 0.878966026331886, 0.2744052726685181, -0.3900262438427067
13, 91.45055950419479, -251.88359652231136, 37.53962480381992, 9, 12.246989829667184, 16.019826434729328, 12.190131163015344, 9.406366292508478, -0.7561290156082582, -0.04377821993561482, 0.6529566442073741, -0.09241508298780002, 0.9949041765709229, -0.04031292445471668, -0.6478644643686243, -0.09082481434609482, -0.7563216834835249
14, -87.11772335018705, -125.20015188815844, 53.17185674729838, 34, 23.284088896816293, 29.834250929694416, 22.483250421651185, 18.81930194175946, 0.9048292439244016, -0.02235100657117141, -0.4251875725423442, -0.34701723770958176, 0.5399131425045578, -0.7668590713314047, -0.24670443058771294, -0.8414239306414498, -0.48077301595689104
15, 294.597154876879, -68.79133374469384, -69.19638368794826, 8, 13.411263590643118, 18.775143991676842, 16.388383860404474, 7.83952394651748, 0.7572821332407845, 0.49327805166358357, -0.4280193154768437, -0.527800009461388, 0.8482412422322892, 0.04374865699402884, -0.3846438881444051, -0.1927785224634778, -0.9027100977556155
16, 267.1758715776833, -17.267303044905695, -113.87657644515015, 16, 14.879340948635065, 21.261171332500158, 14.602003065484594, 10.610881481667247, 0.08216202161384939, 0.0882187937066859, 0.9927068281427617, 0.7951515994951043, -0.6062932998869389, -0.011931820170605973, 0.6008188878727954, 0.7903327646941786, -0.11996159813104258
17, -314.1771324803035, -55.65849831620196, -241.4003419711779, 128, 39.40818004852559, 54.736645905675914, 36.4289384775183, 30.692653618591105, 0.2708451660212616, -0.7227029382007126, -0.6358799880157987, -0.7944282578966246, 0.20523280265574323, -0.5716320842722203, -0.5436236189665125, -0.6599848178785068, 0.5185493236632621
18, -109.60397479289817, -41.67730638420533, 193.06564634913056, 11, 15.293776263468315, 20.330331786427195, 16.048143912530126, 10.964148800342963, 0.3079548226435755, -0.5522228000655982, 0.7747346683208866, 0.5459197917149172, 0.7694779752580861, 0.3314743226958274, -0.7791889425707382, 0.3208638725073712, 0.5384338093907814
19, 14.120824992475786, 306.6892393496495, -270.6570393348915, 45, 23.273183693653248, 32.972814474721886, 22.492249482285718, 16.997242914534763, -0.22128880791671102, 0.920302142389277, 0.32260692832688515, -0.004819010000923671, -0.3318361179344268, 0.9433247415269146, 0.9751964113107737, 0.20719256151685622, 0.07786656418946392
20, -308.0648049117132, 200.59701005728164, -245.65987015790859, 18, 20.284271634353836, 27.929884118786703, 22.593217548462306, 13.226076647891244, 0.27115799548443625, 0.9332502862414496, -0.2356209768147029, 0.7953100869718018, -0.3551186088139737, -0.4912968952018046, -0.5421763615704461, -0.05417265827223389, -0.8385166164423652
21, -198.759168326349, -181.2724209490865, 303.43170229406826, 5, 6.910227261200947, 9.621708393055817, 6.844114058225214, 5.010805697687557, 0.8328838816453276, 0.03691033695781614, 0.5522155980421708, -0.12994446480478136, -0.9568400045420666, 0.25994545923046436, 0.5379766498297215, -0.28826174344439054, -0.7921403231147811
22, -104.77233743397656, 39.14717233710476, -37.62727013909446, 134, 37.62826027333977, 60.53963520657619, 34.22550160610367, 25.71300276658548, 0.5461141472533367, -0.5882235862942676, -0.5964497889151031, -0.7522496686602679, -0.6576516157045404, -0.04018442934426978, 0.36861873822457397, -0.4706244414480818, 0.8016438491882814
23, 191.28306290617965, -234.42900831898208, 209.82597391866483, 7, 6.5014816767485035, 9.70840679367269, 5.670671781044757, 4.991769834028508, 0.6700822137076161, 0.5679349569130293, 0.47795367096497565, -0.44597755757743074, -0.2066882687624666, 0.8708524431229688, 0.5933749615630656, -0.7966993437126519, 0.11478811226716841
24, -175.2483631123785, -1.82198231974665, 157.5146281133002, 7, 9.79814130265451, 11.626653126780775, 10.367479153152374, 7.8037474912655105, 0.7502933000384595, -0.08823887568510694, -0.6551899455388691, 0.61024797377062, 0.4736237361360271, 0.6350417049906278, -0.2542781438233529, 0.8762958731994465, -0.40920431105667726
25, 94.09953156553014, -253.30430790224315, -68.14784544145068, 8, 14.458733560230662, 19.63014957518801, 13.147140088071541, 11.712129482363887, -0.5927827722907191, 0.3037097591098609, -0.7459014459677363, -0.07852916704288852, 0.8999579889305288, 0.4288458791730059, 0.8015246439123879, 0.3127874683895585, -0.5096295172177245
26, -269.30320650004865, 297.3069206340445, 151.24130245757647, 48, 26.942240458476643, 38.86535855281039, 25.94178176533003, 19.397182122914224, 0.5704661823150174, -0.46764251812869717, 0.6751879812860864, -0.45258757055054316, 0.5070135249409667, 0.7335542082969005, -0.6853705755414998, -0.7240495568434433, 0.07758487878914797
27, -48.46046211028692, -103.9818836290721, -335.7090561205462, 69, 35.36467458293468, 53.87182667160678, 34.37875057915114, 23.88125838994369, -0.5663005634585335, -0.6551819313475923, 0.500040307037529, 0.09175517431987289, 0.5528114489438706, 0.8282393916628863, -0.8190754909115991, 0.5149137197164368, -0.2529411027012133
28, -50.79314958876961, 228.59437891570775, -285.39886451049824, 10, 12.581822777034604, 17.454321405440968, 11.6494960815113, 9.795364068975287, -0.47835056095619777, 0.7084433330969415, -0.5189304236825848, -0.2668059674575254, 0.44574575974763253, 0.8544736937999086, 0.8366572276398172, 0.547191704485276, -0.02420582534336389
29, -331.8510365702892, 337.57103797422144, 322.35736139787826, 69, 32.962991561392386, 41.72279129005269, 31.104065050528177, 27.598746087042983, -0.9046634573609837, -0.2391722098445868, -0.35267645647778706, -0.4189731433077536, 0.6502501012738331, 0.6337478291719746, -0.07775303275430648, -0.7210904657748762, 0.6884642373181631
30, 218.12081879344572, 63.211217465513904, 158.8933732770292, 20, 20.82924909499813, 28.038438642975564, 19.715360524815292, 16.34791203394264, -0.8697356756422188, 0.21703120526458652, 0.44323505102436783, 0.0073692662632474796, -0.8923022010955345, 0.4513784175553876, 0.49346281362420297, 0.3958462300710548, 0.7744676970078345
31, -304.1875627939226, 125.32449287440501, -115.38291004046205, 71, 29.598499220238047, 40.30438418878331, 26.29032746029071, 24.471511079465284, -0.08414482895788401, -0.8435262104549622, 0.5304556343702452, -0.9874184685941174, 0.1421100535446802, 0.06935056280071693, 0.13388209603564072, 0.5179461989019896, 0.8448711850951506
32, -294.83616860818313, -283.91011430874994, -335.3210226445017, 39, 26.62015034328636, 30.840982541499258, 27.167329601847666, 22.514191434608982, -0.12479025490761696, 0.7144691784485059, 0.6884483897339068, -0.3723441715218373, -0.6768817679942017, 0.634973141235722, 0.9196669017714013, -0.17710128515671852, 0.3504966826976118
33, -48.45343782398075, -185.62889248340085, -202.77865383030317, 6, 7.564343051998176, 13.98357621995617, 7.925040782956639, 3.905655103410714, 0.24090695248667673, -0.82726757535912, 0.5075354165011787, -0.5233888324812741, 0.32964671912127297, 0.7857462507746819, -0.8173297806133525, -0.45493010378740983, -0.35356842391608656
34, 113.40104399188115, -40.013931326255104, -277.9599687152095, 7, 10.578848731669753, 16.032892562824806, 10.53004361020097, 7.0125047632013136, 0.4427492402009677, -0.8090956144225577, -0.38644197109481976, -0.8191230191317036, -0.5402784144870132, 0.1927088850259939, 0.3647061691691379, -0.23122180165716055, 0.9019566999631351
35, 160.7860118692711, -235.15250895079225, 348.3301306740986, 13, 13.559102487547733, 17.951447245440896, 15.633656020749399, 8.882450805493217, -0.610531462219061, -0.04020994037260568, 0.7909706027001805, 0.5093791233616617, -0.7846787820656854, 0.35328758492086515, -0.6064521764524891, -0.6185970980138393, -0.4995531883642576
36, 118.85382679964292, -5.292275339781592, 38.265772663325386, 7, 9.802666741733276, 13.55152351759617, 9.848348114440432, 7.057992627959825, -0.7458785556066813, -0.5296736983032847, 0.4038699711687066, -0.6649480506113804, 0.5567541888865233, -0.49786430193922765, -0.038849327847677265, 0.6398988564476658, 0.7674765033815388
37, -212.65123496724746, 61.7483497149311, -299.8559657036942, 58, 28.671074112255067, 40.679789938639814, 25.902085548029426, 22.367551964188518, -0.4895553325668761, -0.8452632188385568, -0.21416271205328297, -0.8430420229984048, 0.39607452994844744, 0.36387513543092453, 0.2227458727206706, -0.3586851789589278, 0.9064928122059813
38, -104.9536391289352, -216.2295309275058, -213.32749948290174, 10, 8.942860722301656, 13.928577321074604, 9.22585194546555, 5.565653445725454, 0.502379678240083, 0.21532218408835166, 0.8374073178154181, -0.7902770520574434, 0.5073052595278228, 0.34366197730736137, 0.3508230891529062, 0.8344325800775221, -0.4250240339350018
39, 3.071461898964437, 266.6076331531693, -238.06552407214934, 23, 19.56201420875185, 27.303268063113908, 18.883729556074332, 14.519053482041162, 0.00395739172046007, 0.6678697762803508, 0.7442676272564897, -0.9972252201747426, 0.05796426880313868, -0.0467119234195465, 0.07433841065160685, 0.7420175910807992, -0.6662459720166726
40, 265.7516209740115, -237.02724777319634, -190.75425808142455, 17, 19.734032703176474, 23.619065205060448, 20.017331117614447, 16.25468854712885, -0.8856149250680878, 0.36865160401317704, 0.2824574292794528, 0.46407830004540174, 0.6791374695119329, 0.5686858789629811, -0.017819537693653315, -0.6347190657002832, 0.7725374888721868
41, -96.93014972145001, 124.79204555913176, -110.0437668147414, 18, 15.674857989795749, 18.752642353701752, 16.624439984283637, 12.353822280796008, -0.47593786207361466, 0.8629711064572876, 0.16959958981283474, 0.8710647175478128, 0.43592523855984117, 0.22630829465553168, -0.12136477779053492, -0.2554409047244216, 0.9591770091622417
42, 281.5534216593004, -350.7456613503653, 92.74059916576441, 10, 14.700348282539052, 19.003831698336214, 15.924562367559174, 10.497217385919148, 0.11137533348336745, -0.16732214212707486, -0.9795911574965731, 0.07025730890058586, -0.9819317417289807, 0.1757098891102548, 0.9912918065017567, 0.08839318604449928, 0.09760737176763948
43, -109.74616157812852, -173.4586329390971, 160.95600140397235, 15, 20.006448777264367, 29.014836757032082, 20.110900315212227, 13.723294227949282, -0.4042385421606909, -0.2867017875551843, 0.8685581650324066, -0.9125847039079734, 0.06258954574530536, -0.40406893837140306, -0.06148462592385304, 0.9559731344426258, 0.286940772632516
44, -285.9670333008033, 352.57280903301364, -251.40445469132254, 5, 7.96850080114119, 14.135178008763283, 9.964509637828298, 3.59230041360561, -0.8171845471800583, 0.5106224967794825, -0.26734637015080404, 0.5632420110824566, 0.6090061420758031, -0.5584531814447266, 0.12234317636024102, 0.6069400173795056, 0.7852744504321101
45, -38.404614635987116, 160.21012156353333, -259.109308417491, 65, 29.672322767307495, 35.51506601106981, 28.025842702695513, 26.247220943020764, -0.09692243547894329, -0.9914753215006675, -0.08707886285418577, -0.07929785081586972, -0.07952016144610367, 0.993674189450229, -0.992127961684789, 0.10321448918990749, -0.07091457441494062
46, -341.40179787652784, 216.17930615974615, -134.0299367388049, 101, 36.6143524737297, 56.36167906642712, 32.67880619049004, 26.65041453957832, -0.09135013654676925, 0.57499929758915, 0.8130381050878677, 0.17477876837352332, -0.7945204614572903, 0.581540728110705, 0.9803609206199118, 0.195225623568421, -0.027918116404947273
47, -59.96648763497595, -11.59493143591293, 351.29950254351627, 31, 19.855971900277986, 27.605125503780183, 24.073301961245736, 11.780075103650137, -0.7761312280783411, 0.6254654244938557, 0.08008320400887464, 0.6302435406178435, 0.7653512530886286, 0.13050110691159156, -0.020332149691832085, -0.1517579064114505, 0.9882085516380247
48, -55.067717123513916, -1.9935130919854964, 237.14964347720831, 8, 15.363743790472954, 23.02793273465168, 17.74802556816195, 8.873320546133506, -0.2687197795396022, 0.8434718387093146, 0.46512894705502433, -0.8776695799675757, -0.015463042490578288, -0.479016704005689, -0.3968447914282441, -0.5369507906887394, 0.7444447997635628
49, -261.46205127755087, 65.91175675200847, -28.461717495972035, 45, 25.904134406695107, 37.31080168074332, 24.391786310280978, 19.099810884752287, 0.6989168595211939, 0.10735428707827387, 0.707099908445014, 0.35830159147264556, -0.908211656028318, -0.2162673285599784, 0.6189791539504393, 0.4045079046201887, -0.6732296503234114
50, -79.45646130511972, 182.39144131875796, 351.99482195222095, 13, 11.242097665576294, 14.229685859358495, 11.249337550354294, 8.876051239720468, -0.7216713245444485, -0.5827991379048852, 0.3735447284965803, -0.6519304519278623, 0.7536487053254335, -0.08366788398442536, 0.23275993035613973, 0.30390589632091763, 0.9238311647709145
51, -38.22638026317359, 304.6136353209142, 28.01428507057129, 23, 18.864559286165107, 24.01301957989817, 18.99492372381063, 14.718232601742004, -0.7811688847883193, 0.20444361889357796, 0.589896584269032, 0.5937413137346955, 0.5353587754305927, 0.6007180985570969, 0.1929933309810768, -0.8195082600335113, 0.5395922404313052
52, 342.875228521618, -95.91549258002958, 85.76149935335128, 24, 21.549644147458874, 30.488969766845173, 21.04671899297003, 15.595279288155712, 0.2853146240447192, -0.029597469710472845, -0.9579768030035791, 0.4702272149227429, -0.8666350638785716, 0.16682335688441516, -0.8351538371175825, -0.49806390738832046, -0.23334612168377003
54, 112.15527584481227, 298.64308355804627, -140.34842025834035, 28, 22.209533704095136, 31.54882492285936, 20.38446263599804, 17.034753996133304, -0.9612334657737704, -0.1481090916216227, 0.23258099934337553, -0.23426408544853985, -0.006224159184519372, -0.9721530733950313, -0.14543232978091453, 0.988951443106012, 0.02871377079089012
55, 290.7318031652752, 77.53955505424538, 185.85600775558007, 11, 13.66569813187742, 18.652453435957188, 13.57680565606912, 10.077711086447298, 0.4831996502063607, 0.5795806915188647, -0.6562044803709933, 0.4963475562457834, 0.4360804872260452, 0.7506483278270416, 0.7212192464495727, -0.688418499663693, -0.07695952099318555
56, -45.68550453465332, 49.99752844678066, -109.15274044200666, 30, 21.263202079964177, 27.644458367373847, 20.384703888027804, 17.05978318591881, 0.33435172142230235, 0.8910487436165488, 0.30698707282443116, -0.4523337450687969, -0.13404152758384166, 0.8817182384157803, 0.8268029447540566, -0.4336646231621388, 0.35823439974918747
57, -349.5115985889655, 181.22083679870747, 21.67803506373509, 10, 15.337211678330489, 20.33237020904289, 14.199236125819485, 12.496438170277937, 0.9224510410427449, 0.2136982864069998, 0.32158532190675, 0.25063155280999894, 0.3021654506107842, -0.9197172745975964, 0.2937139792641894, -0.9289935860079412, -0.22517330112804496
58, 179.04934899969706, 45.44783077839816, 328.87067189692937, 10, 13.556801639149752, 19.093003230680957, 13.091034218272712, 9.968355565492256, 0.7755007769965251, 0.6007801374601249, -0.19406640953853757, 0.45392065952808364, -0.31692477373776967, 0.8327753134218456, -0.4388104143378729, 0.7339086552321462, 0.5184819245103603
59, -352.7558220001801, 86.5859402547723, -188.74279921519027, 6, 8.187687286101076, 18.388906275186553, 13.512804639367767, 2.2089319879295632, -0.06961006356861901, -0.4284807944536283, 0.9008654993029537, 0.15478503425662937, -0.8967584564027807, -0.4145670802660001, 0.985492786488134, 0.11058245635945024, 0.12874582760370692
60, -151.5359507630856, -30.636574131319964, 345.94109014560337, 56, 31.440082996655587, 42.34998662255513, 36.33148919701721, 20.198288654693325, 0.01691013473997397, -0.997694976509158, 0.0657174344559092, 0.9396808293334695, -0.006599713780713174, -0.34198886350461133, 0.3416342873984386, 0.06753649107263024, 0.9374032408986847
61, -171.81364547845746, -300.1091161653938, -352.8622474551993, 7, 9.300323591026585, 13.535758592419155, 9.615755950356728, 6.1805645393765705, 0.01158288028956644, -0.994772497726129, 0.10145695960315605, -0.9457966524264286, -0.04383180421877907, -0.3217879195959477, 0.3245528141045134, -0.09223042180671963, -0.9413601968163917
62, 124.53207935436232, 268.48567163132486, -306.2951543457295, 28, 22.06014531097945, 29.116197811911395, 23.785808563122433, 15.501457217222944, -0.4810230298626738, -0.7696264179459913, 0.4198714345384258, 0.6033282602049568, 0.056880752450750936, 0.7954618723978517, -0.6360910745952923, 0.6359557821108778, 0.4369764158623986
63, 234.15667242833334, -186.77047734742615, -209.16374624743202, 10, 16.181256145135, 20.50659145547462, 15.536112241765155, 13.298445222568843, 0.6399306696230027, -0.75964849186333, 0.1158572694552386, -0.6038483025109648, -0.4038752785496942, 0.6872059276017876, 0.47524305952899654, 0.5097243649132092, 0.7171646297631695
64, -61.61759189558366, -189.67314875498795, 90.60065196258375, 8, 11.158953160465007, 15.168584030426553, 10.167972630454692, 9.009298026942794, 0.33344976875515475, 0.14444529774626, 0.9316366285607968, -0.46626246290457946, 0.8841443079392873, 0.02980198692561128, -0.8193964653348765, -0.44432465461366505, 0.36216713531069833
65, 202.17297523881018, -29.13363930278352, 213.11514368800363, 52, 25.65338716076771, 30.198617918360824, 26.122638072993205, 21.400801857452027, 0.6447751501630249, -0.5541115549703709, 0.5265219752114495, 0.1702153716214032, 0.7756192996497523, 0.6078169373048231, -0.7451789939310122, -0.302283123344896, 0.5944183546500048
66, -262.8828349857202, 335.06469166003393, 316.5762416382862, 46, 25.96957419238483, 28.353165738523533, 27.83264429071931, 22.194147126222276, 0.32309903238598914, -0.9117512814929826, -0.2536072080346726, 0.7690264349020827, 0.4091314241449911, -0.4911311639459304, 0.5515481463055036, -0.03634664321483971, 0.8333508047839013
67, -39.32935323238283, -346.5839388687112, 238.44670374245288, 43, 22.738354054768436, 28.983955445231135, 26.260255149398837, 15.44615820361634, -0.559145266034384, 0.39414039434556297, 0.7293901020828718, 0.8202006360865924, 0.13463430166214024, 0.5560076630578905, -0.12094415254358733, -0.9091352783612967, 0.3985543345698817
68, 311.86821890898904, 176.0282310670314, -281.1358879123931, 9, 11.548435096613904, 20.81327612488262, 10.132448347280056, 7.303223126151704, -0.04516411461468728, 0.6812680159635647, 0.7306395097283882, -0.9203505383506041, -0.3127934906749393, 0.2347660936957036, -0.38847791354055655, 0.6618414633554285, -0.641132426316686
69, 237.1178471822151, 275.80638694288615, 112.58956743317556, 13, 15.423331418838847, 18.656280606394223, 16.20503179288806, 12.135554358141023, -0.69633558256242, 0.5717422461721565, 0.43385200287594883, -0.3364307243212958, -0.7939849694772111, 0.5063617639365364, -0.6339803815498578, -0.20663657030228139, -0.7452316442715025
70, -38.8714593431773, -255.63361608578035, 202.36906986630038, 76, 31.14554409988901, 42.07333776440324, 29.032810606823126, 24.733849779742684, 0.6823519799714702, 0.5441564074962947, 0.4881491366475423, 0.26506901428841656, -0.8064903927878398, 0.528499445605275, 0.681273948638271, -0.23122943264567816, -0.6945493189005201
71, 180.18806593472624, -14.312308150656106, -286.02597121542095, 22, 18.82405131353044, 31.465478498942275, 17.91561346045024, 11.832411636915005, -0.15834148627081024, -0.9763346904943973, 0.14730426288047638, 0.24211899888813596, 0.10623878238451336, 0.9644126251220806, -0.9572389273859258, 0.18837168910073995, 0.21956717113989624
72, -2.8119642633064412, -227.85956232233923, 5.773019218931195, 9, 9.863685727830301, 17.476019407917466, 8.840137597195719, 6.211781004517546, 0.11612727082336617, -0.9510439223273389, 0.28640864996600063, 0.3290292991546978, 0.30891304438964506, 0.89236340764494, -0.9371521633485592, -0.00939088974228984, 0.3487945439954063
73, 273.9153036548826, -10.956149218845539, 24.70917575103758, 18, 19.187552249403538, 26.230390754711113, 18.69827415758215, 14.402982824823514, -0.9311596154472954, 0.3114412682797739, 0.18959458582019348, -0.06188043820883722, -0.6474338480869529, 0.7596053078529682, 0.3593223927437967, 0.6955815902995176, 0.6221363751696783
74, -318.77518459319657, -146.7282797986933, -260.52588226839487, 9, 14.494377703515902, 19.17797928824027, 13.712642498814889, 11.579097844376193, 0.19425335088803386, 0.798196525902891, -0.5702174512458609, -0.33926294757155157, 0.6000848108097379, 0.7244300326743115, 0.9204163666916362, 0.052730691935495975, 0.387366991435991
75, -352.07767469148, 75.91159122010828, -317.45563851482507, 18, 16.382959902137078, 20.966688896747506, 17.419108828554812, 12.039856791967066, 0.025086979803799286, -0.7489231719400438, 0.662181792241064, -0.017602011112453454, 0.661956659110709, 0.7493354059857213, 0.9995302960136431, 0.030454293461727077, -0.0034239393432382867
76, -299.2227600911613, -157.7209074403103, 222.66056698101374, 6, 8.08091329700357, 14.601766179319752, 7.485989495718986, 4.82754952877452, -0.5670906555480036, 0.8204056237549778, 0.07309446559994323, 0.7805684952162363, 0.5069778392636735, 0.3656313645892507, -0.26290875349823634, -0.2644013672558123, 0.9278851784177073
77, 145.32333510908364, 321.18139881809395, -206.17154112116017, 9, 12.794483253891935, 16.06835875611148, 14.38550130845425, 9.060908194895955, -0.9790650058210707, -0.130035442958936, 0.15659660900243075, -0.13425929647389823, 0.9908062059410269, -0.016658438674783435, 0.15299070457684963, 0.03733424491296175, 0.9875221508755426
78, -284.6728833781618, -32.32687219667784, -206.27165810728943, 26, 21.248413340626577, 31.47014859584786, 18.505991059010533, 16.472836065402824, -0.02148784524787996, 0.3168130123542437, 0.9482445822200267, 0.4758659338391304, -0.8308932037120341, 0.28838879492200237, 0.8792553016718275, 0.4574341474225348, -0.13290641539746054
79, 37.059262812679826, -204.27754258442684, -330.0025494114183, 7, 15.289585119542258, 21.990185373594624, 14.694629927599653, 11.061131605166961, 0.8422637514877825, -0.41235579987100834, 0.34720954370879265, 0.1972975238902951, 0.8352127054824177, 0.5133161050147353, -0.5016626954403579, -0.36384396506398264, 0.7848261648862341
82, -96.97485676922739, -324.8992248763811, 302.8152941831144, 101, 31.420250488232895, 43.11301085680396, 28.170231143463937, 25.54054527979519, 0.4428265303823732, 0.3014105801317697, 0.8444266256899644, -0.5023704429189085, -0.6966752772309541, 0.5121205875344526, 0.7426497169399353, -0.6509955608756535, -0.15708652917811702
83, -53.76679398873335, 192.48317165490965, 69.85830251149875, 30, 21.552310910880312, 26.874718278996184, 20.934986827279623, 17.793644855020933, 0.2695876205516846, 0.13447361341161398, 0.9535404355040769, -0.3252888706806482, -0.9192805591243128, 0.22160867362853695, 0.9063717038040127, -0.3699190464305873, -0.20408388871073627
84, 326.14734475979475, 230.05991516049917, 273.2546943788875, 75, 34.82563536316482, 46.32869255844414, 38.62189762487557, 23.60551571420006, -0.06471823960226454, 0.35402286970707225, 0.9329948323475074, 0.9971402070273185, 0.05950564999967311, 0.04658846582184175, -0.03902508157967602, 0.9333417837761718, -0.356861538506482
85, -262.450461862628, 91.33939170841278, -224.1501041633881, 13, 16.56215161817466, 21.504654678329004, 19.12369026468995, 11.047044262311879, 0.36407573018544803, 0.48158116191631456, 0.797200380818565, 0.3693390239646639, 0.7111142193966882, -0.5982518302092091, -0.8550073380192491, 0.5122461824739855, 0.08103271237016371
86, 335.30644288020363, -151.9578794040892, -69.20440745886062, 6, 6.625509322409481, 10.849726010328517, 7.708075870378225, 3.477707535612631, 0.19020728568390752, 0.5855545565753696, 0.788001935116014, 0.6027332435109426, -0.7032275483616522, 0.37707247631196705, 0.7749411755995026, 0.4032330300199657, -0.4866922003293027
87, 336.20233345157317, 154.65220758366493, 344.23559867682616, 16, 14.732160321497837, 18.155734386694487, 15.568046576561274, 11.312311783211646, -0.6105372279625403, 0.145222926896572, -0.7785593071663907, -0.6325137228281993, 0.5021951686542698, 0.5896833073899255, -0.4766242584109925, -0.852473057687985, 0.21475335203500048
88, -335.34186337369323, -343.7920501823299, -352.0557345169289, 12, 17.950057515314917, 23.98824398470376, 20.83332181914382, 11.572856110852431, -0.4381966246870882, 0.8859400509197332, 0.15196691840392046, 0.8986328387388284, 0.43572806786381846, 0.05099090130462928, 0.02104137003709246, -0.1589065041211479, 0.9870693915297737
89, 338.4803831766434, 262.7955107870957, -214.56903128485462, 12, 14.157322015192147, 18.837032632174544, 16.676151456417045, 9.033062399174987, 0.3710862074131978, 0.6744959886213283, 0.6382399141399934, 0.1962072771113315, -0.7287500684790454, 0.6560686260600669, -0.9076330376734015, 0.11823070255023947, 0.4027701204139034
90, 163.6421275176485, -240.89844288330374, 64.79934299775302, 5, 8.6943456870539, 13.80808439485866, 8.948927385217218, 5.318709792849925, -0.7646822222407473, -0.6109168185163564, -0.2050408248198528, -0.6406170331141041, 0.6862156875118091, 0.34455456330859674, 0.06979194705003676, -0.394827394017371, 0.9161006566204484
91, -253.07713409649324, -16.522040585474866, -126.39450978907507, 19, 18.35604507375381, 30.24710864328911, 16.39399049412644, 12.472939079295863, 0.23877075807467144, -0.9710369957347085, -0.008699310487536225, 0.632110077652849, 0.14861806378260187, 0.7604929459549378, -0.7371739108366201, -0.18708239904390328, 0.6492879185306165
92, -312.7858379599678, -84.62518755265661, 100.16393847982175, 11, 13.616929167841151, 20.388669027826694, 13.355218857462582, 9.272517246304687, 0.8549864013563677, 0.47213703663419204, -0.21467387389706202, 0.4287712239353907, -0.8763125131308981, -0.21961697761137808, 0.2918107109422741, -0.09572354970691994, 0.951674057128212
93, 232.17073301832903, -26.679743305286667, 33.08081350017335, 85, 35.19310319528555, 49.1442623693159, 35.31189630342002, 25.11763976541336, 0.023302340270860238, -0.9462958759040068, 0.32246103049046043, 0.8938109932709705, -0.12476872044589489, -0.4307373616326487, 0.44783803907870817, 0.2982564025219959, 0.842902253590993
94, 131.39489948888158, -86.00348554075723, -256.64632041834443, 95, 32.888286076918476, 51.78816130172126, 30.511441475894877, 22.512851496209976, 0.7291111179245926, 0.683052507530172, 0.04285148393574593, 0.5870784129028899, -0.6563897394556336, 0.4738052838886343, -0.3517611616170479, 0.3202995190350893, 0.8795864387788818
95, 157.72217985472392, 273.0085384988492, 224.06353942346726, 72, 32.72653719825365, 46.3302909789678, 30.04337453697841, 25.181779980020167, 0.35860404754315706, 0.8610126684007868, -0.36063876932329647, 0.7037810880331421, 0.004436793387727237, 0.7104030510853127, -0.6132661063621161, 0.5085641549674844, 0.6043733805104742
96, 283.05367100070447, -76.72458253464912, 87.25739387328659, 7, 8.631993939053329, 11.36814154868141, 10.897646667047038, 5.191719078761383, 0.6020120492243052, -0.43391772959665026, 0.6702961259998755, -0.42292862182553453, -0.88531342312316, -0.19326542287410575, -0.6772834513182114, 0.16713930351547934, 0.716485575424134
97, 297.1723792650876, -323.29075154124087, -232.25324524908223, 52, 25.394701562276257, 31.549441385036808, 23.67452941859484, 21.925843548275893, 0.7764329969852127, -0.31019095261087526, -0.5485739458914525, -0.2597515388174254, -0.9506152731588704, 0.1698815484950197, -0.5741784907801238, 0.010591286769973255, -0.818661642786576
98, 255.1141531587098, -148.07022507097238, 341.5375708905821, 54, 27.8574413223086, 40.88277586808861, 25.368037294516814, 20.844737471755135, 0.7858421297051456, 0.2852812903252644, 0.5486954825500512, 0.33930489773750705, -0.9406712537425755, 0.003127099888197724, 0.5170341705843248, 0.18371765775973634, -0.8360164404337129
99, -38.7662739400569, -272.4881295987039, -5.007610216500289, 28, 18.560869728264144, 32.90856059442902, 17.455560896787514, 11.131463649947147, 0.4597577868786014, -0.8879131094704321, -0.015267201283756783, -0.57855180667565, -0.3125260132680241, 0.7533958441769747, -0.6737214442162518, -0.33754673907674315, -0.6573900018572119
100, 256.9258995034155, -260.1683127675361, -283.57274935278247, 81, 31.732876912159615, 42.83729090855828, 31.14477603707757, 23.950861073145848, 0.32515636930129954, -0.022434164934241725, -0.9453941208546308, 0.34463605471982367, 0.9337761496959519, 0.09637474796936181, 0.8806243951253855, -0.357153763108702, 0.31135488466915395
101, 50.88242751547744, 254.35194750777995, 184.29838899618926, 65, 27.57360213785927, 36.68290376543628, 27.27383162917021, 20.954179160923644, 0.09991820411181629, -0.1834306194797975, 0.9779414912582076, 0.9505308650825315, -0.27293709167961616, -0.14831189605330744, 0.29412144942612334, 0.94438262998783, 0.1470850813806271
102, 167.82188083226606, 168.85450888983428, -84.00607882440872, 34, 24.71913651086718, 35.12328327476745, 23.317055076028076, 18.442979469790174, -0.6995468857446678, -0.1796898077067355, -0.6916254243817627, -0.7051926331472923, 0.3300175841231247, 0.6275282816928053, -0.1154881154046813, -0.9267146093462935, 0.3575787018607537
103, 171.05715360672139, -263.1019551508684, -304.38279803993953, 141, 38.45745689989835, 63.10443572339843, 35.465660430889656, 25.41404220172013, -0.012121675823221116, 0.8454416075980734, 0.5339302886306617, -0.9741993052533373, 0.11036093996023022, -0.19686588474138758, 0.22536365860349267, 0.5225408606731914, -0.8222908672165639
104, -131.96319336720418, 98.52284806515848, 13.183524885281408, 6, 7.991646597480529, 15.42682600514038, 10.851237276412608, 3.0489687294512104, -0.14782311375716467, -0.5055888393383684, 0.8500166189996627, -0.9622705199773903, -0.12498914457339558, -0.24168814642272773, 0.22843767951364688, -0.8536730283166337, -0.46803695078821317
105, 9.924860775544332, 51.718948617566454, 6.549938849586965, 68, 33.13318716383034, 45.835718758063216, 31.308358859090987, 25.3469257243601, -0.9937337801093741, -0.010000478038409933, 0.11132459166121961, 0.03350353405549594, 0.9235419656274143, 0.3820310863409469, -0.10663342569441456, 0.38336696279681526, -0.9174197972360412
106, -128.0737080445503, 118.61416943768073, -136.90159958109942, 26, 20.028334531119377, 28.460638438054758, 18.814083340608853, 15.00399147468772, -0.061662039063430915, -0.09855580749139203, 0.9932192838181605, 0.6275823458913234, -0.777612510951477, -0.03819924000922623, 0.7761044981599345, 0.6209714450934584, 0.1098010578931641
107, -226.19834539619058, 331.50915295856726, 98.84605983487636, 11, 12.428009714202854, 17.38273136973462, 12.76367938740423, 8.651887164983513, -0.04102068483139451, -0.34277084504765704, 0.9385230158079654, 0.9870375091457625, -0.15976739548558827, -0.015209696876678403, 0.15515881849025565, 0.925733507617104, 0.3448814490801744
108, -216.42259010404288, 123.78446889152877, -86.58355076614522, 238, 47.83387268005582, 77.98481547009018, 40.16860083392073, 34.938952179055484, -0.31535852464259967, 0.4249809287157016, -0.8484929057824718, 0.36245499554470706, 0.8802712822882133, 0.30618433301420084, 0.8770264403881615, -0.21098265285706494, -0.4316375134918953
109, 143.84283913253697, 109.99613111434671, -121.41933113474593, 49, 25.728075946156398, 42.128130775099784, 22.33349533508921, 18.1006028283435, 0.4628751483031425, -0.863780032095104, -0.19907449167867994, -0.6800777961004307, -0.2020090569411162, -0.7047599110086652, -0.5685426882253655, -0.46160198988689544, 0.6809425927329948
110, -101.9038755220179, 141.41677080653434, 317.65674218691555, 75, 29.067272458874026, 32.25726730659116, 30.971238011796274, 24.582537228019422, -0.13836339791659907, -0.6781228567958714, 0.7218067339724528, -0.884399761491359, -0.24342430784215505, -0.398223138737059, 0.4457495170956446, -0.6934652099727661, -0.566050678443571
111, 293.7155906431411, -130.57135866893498, 28.05731246830133, 10, 9.906594911295175, 10.856408505974686, 9.868205081869279, 9.075046750819459, -0.4064912166871913, -0.8895817997352284, 0.20834853571839346, -0.892476175693187, 0.33779234589892587, -0.29896924067897696, -0.19557905454375596, 0.3074744747648697, 0.9312401842660345
112, -74.75472546785474, -166.72270032297473, -297.2145469867439, 105, 34.594225365924245, 46.36504876675899, 36.524384571568554, 24.447654712801302, 0.7876603601500869, -0.08687272754482424, 0.6099543312881369, 0.5126762887534339, 0.641473540348191, -0.5706791743030083, 0.34169310791738355, -0.7622104868355467, -0.5498008673689757
113, 329.79063561330713, -205.4005310149199, -338.2057140717979, 43, 24.58128898839007, 33.567443021347636, 23.434077619998572, 18.881993042709567, 0.3027545572776835, -0.5354326971016857, 0.7884487966393305, -0.8474935485706799, -0.5296970783398415, -0.0342883410113726, -0.4359981229072786, 0.6578243170274648, 0.6141439609315386
114, 349.24500404825693, 6.357047376563082, -334.5694561429233, 9, 11.796510768888142, 22.173248417708443, 12.445531029118506, 5.948643614200371, 0.40469044366750107, -0.7005037612948295, -0.5878095994588705, 0.41333596779074894, -0.43326267383826245, 0.8008975172823326, -0.8157076820373127, -0.5670784212702125, 0.11420613641568392
115, 342.53046055122, -340.69878037430107, -306.0467387872419, 11, 13.611720102550782, 18.67386489846077, 15.955948666684007, 8.46412731947468, 0.6688920882750088, 0.7422894074503849, 0.0398724194156112, -0.5597748393697692, 0.467680323138575, 0.6840520773724373, -0.4891170651813813, 0.47987659969616564, -0.7283426018107126
116, 193.60882658888173, -174.8298922965189, -31.335959050963993, 43, 24.534497892560218, 27.46603119783903, 23.86644011339055, 22.529314060712107, -0.721345637255054, 0.5303173298992943, -0.4454480903781978, -0.07711570737756755, 0.577675120894827, 0.8126159131931914, 0.6882685807798848, 0.6205279883354419, -0.3758076321785027
117, 171.41523762703264, 155.63674582871863, 286.71718192278297, 7, 11.0728759787992, 16.517641883759424, 11.667736429233063, 7.044442863213794, -0.052129423230085896, 0.44878288349104917, 0.8921190765358389, 0.6861632385837145, -0.6329688528221394, 0.3585114243275005, 0.7255773792298149, 0.6308283085297333, -0.274942015536929
118, -289.5564661489736, -288.0287417953704, -52.90972284109054, 18, 17.97821641483134, 23.08225556233422, 18.301868934864235, 13.755175185440743, -0.8713900730502547, -0.07040916957987099, -0.4855119869051069, -0.007861634574564352, -0.9875163815998578, 0.157320026613715, -0.4905278129640437, 0.14090402730581186, 0.8599584407386878
119, -306.4291511729903, 49.060020583699426, 133.1955349476301, 7, 14.072503053675595, 16.83482796859967, 13.635377236779318, 12.140545873133851, -0.38598480195105256, 0.8776505525392643, -0.2841570697525066, 0.9143721721746861, 0.3231679968291772, -0.24389747144643223, 0.12222627956112408, 0.35396603432100654, 0.927237177388669
120, -80.42138178348809, -286.91999889279595, 230.5844992671995, 24, 19.01448321446111, 24.539012274637923, 21.676250784373433, 12.92445784779225, -0.021944681389646704, 0.9996317081438437, 0.01596493132237411, 0.3266142164962896, -0.007924321601078269, 0.9451245202139651, 0.9449029498002542, 0.0259548300049124, -0.3263200304274844
121, 287.41535332557436, 345.4025182333514, -117.75548870523426, 104, 38.735397836375085, 62.32795872462862, 40.60891776627347, 22.962530333736765, 0.9966271859592557, 0.0817340016265127, -0.007335201773125549, 3.371546728161928e-05, 0.08897772829853293, 0.9960336152611013, 0.08206248272019628, -0.9926744264082508, 0.08867486726715636
122, -137.62056201556186, -345.01688733205964, -114.8802148750305, 36, 24.82998094893658, 37.59531264279539, 22.254846963441864, 18.296619060170677, -0.38603034152762417, 0.2631805581116135, -0.8841473685150713, 0.9108518563043755, -0.04299473544619987, -0.41048793964108715, 0.1460461272575858, 0.9637880713912009, 0.22312122749099936
