# Void_ID, X_c, Y_c, Z_c, N_particles, R=(abc)^(-1/3), a, b, c, vector_a, vector_b, vector_c 

0, -15.748727671499887, 330.5092587851703, 277.9015894338995, 8, 11.348774040747559, 14.961975394716088, 11.21924743073064, 8.707514071886008, -0.15224728320143627, -0.7322968872898331, 0.6637484716542881, -0.0362705943988217, 0.6752648199957612, 0.7366830165397114, -0.9876766721654094, 0.08808343625059974, -0.12936807766427083
1, 6.938866703839004, -172.5585331032801, -55.12348961037104, 32, 22.982577841787524, 39.02471991651221, 18.686430418156714, 16.64677372774728, 0.07393585850927091, 0.7538276212679479, -0.6528992313060297, 0.9105921162453635, 0.21592305158131075, 0.35241911643326745, -0.40663925862892725, 0.6205813026585019, 0.6704650327439854
2, 238.52351907625356, -37.12600891602659, 186.96006121335887, 16, 14.670599581126533, 17.767720128429584, 13.841821498207393, 12.838628783358109, -0.8343860806475124, -0.39836330450849844, -0.38092853141075206, 0.07875327142139783, -0.7701874129918267, 0.6329370198601004, -0.545525242919254, 0.49811447127144026, 0.6740060703345797
3, -96.82637850960329, 300.4162766980805, -62.843080092064156, 13, 11.335547426063778, 16.465455856668427, 11.653896566665608, 7.590713094134915, 0.7310991273932014, 0.2581436855593498, -0.6315503966673879, -0.3098693255734392, 0.9503144006141672, 0.029724418480400073, 0.6078446076042472, 0.17396659906767148, 0.7747648387835283
4, -347.69085336394346, -284.2096444812509, 116.87962758063175, 12, 15.639688913261903, 19.202363887886825, 14.832674536674658, 13.43105625701691, -0.23711541376223141, 0.6771771234843488, -0.6965683196828785, 0.9477398110869314, 0.0036954738626955117, -0.31902287371572247, 0.21346084192955395, 0.7358107684061121, 0.6426639728974489
5, 13.716433593821487, 33.94893240857186, -271.76740821971214, 7, 12.182308147361157, 17.669656063110725, 11.74024890273861, 8.715320073801383, -0.9415323347803335, -0.3363384828185189, -0.01983147847314588, -0.18463522910802674, 0.4658342306211928, 0.8653948819780413, -0.28182742012678735, 0.8184588533071775, -0.5006979236104135
6, -103.87859436671208, 264.3923341951858, 40.50386121992843, 42, 22.89850472612482, 34.440280630102116, 21.87230702370704, 15.93896424344248, -0.12418287729062268, -0.9590741414578485, -0.2544708316776465, -0.6141669156328108, 0.27572002948814933, -0.7394440243055141, 0.7793443479809816, 0.06446127927636063, -0.623271313910847
7, -278.1549435773649, -352.9338956870388, -300.8074883846019, 28, 19.40294465689599, 34.08413284073408, 19.596188670363013, 10.93651803310776, -0.03244566761802865, -0.0052671044797103226, 0.9994596221274875, -0.9912897967850793, -0.12753528336971853, -0.032852553715072765, -0.12763940395746373, 0.991820048751892, 0.0010832595155526763
8, -44.61943730752032, 185.31677537168076, -140.43351972236238, 33, 20.012923682731113, 32.282510857962926, 18.000051405157276, 13.794010955012613, 0.35405616538915957, 0.4591888716884936, 0.8147329696700459, 0.4424764249528463, -0.8497389443422103, 0.2866327612627945, 0.8239289078014389, 0.2590160353832062, -0.5040355625384915
9, 276.5725855795987, 261.0634329990931, -311.8047446409423, 36, 21.473198136471453, 35.35019550842802, 19.886650448057946, 14.084347574943424, -0.8557371256453183, -0.46926117558632013, 0.21796311816367797, -0.15348548473842585, 0.6325204687910718, 0.7591838134041934, -0.49412162244421076, 0.6162075994725064, -0.61329602687889
10, 220.80521629290806, -51.48262770664336, -37.9268196248477, 35, 23.408053805171363, 30.780240908821952, 23.090587510744506, 18.046331190338666, -0.6123060270146755, -0.7288889403186991, 0.30627151673406927, -0.7848167998250649, 0.6072058249953635, -0.12395029973357903, 0.09562384636609782, 0.3162625472179475, 0.9438400718518835
11, -167.89599665724134, 287.5404237646243, 30.384238600166995, 9, 13.905855084029124, 19.52234370903076, 14.516475213308922, 9.488552525265877, -0.4670000439519387, -0.6047324524439454, -0.6451431003351262, 0.10727733641119246, -0.7629448350447688, 0.6375003935457847, -0.8777257726883765, 0.22850347839724824, 0.42116935823840596
12, -94.66557257513576, 165.13829124772914, -15.055277408708177, 155, 39.36491150684257, 51.40683147672671, 42.639462231918856, 27.82885149690725, -0.19306561438516567, 0.7520078320667447, 0.6302458957044886, -0.8657567380834845, -0.43283092426337066, 0.2512422366250573, 0.46172604323897926, -0.49713339408210216, 0.7346206160211444
13, 248.3178492715828, -238.80601579231873, 118.94764483462696, 14, 11.77689770167589, 18.79154526968247, 11.113314411703994, 7.821438089735164, -0.5456545975270164, 0.7566510829640096, 0.3601946679880495, 0.826187782413543, 0.5576724745961777, 0.08009468938929581, 0.14026691836716787, -0.34129246948499625, 0.9294324299725135
14, -169.75011134202023, -226.78407874975173, 278.56590954635055, 5, 7.318787314524639, 13.504051391380141, 6.660668710900606, 4.358484087108231, 0.8928085752974927, -0.4359276908059044, 0.1134014826353386, -0.37014646078782326, -0.8534990298054015, -0.36678468300555656, -0.25667965529334336, -0.2854933528295707, 0.9233683447295672
15, -264.6480155577054, -307.32669522679373, -112.13386602332625, 8, 10.468672999455308, 14.77041925188808, 9.380890119110225, 8.280146700692411, 0.3374297444681613, -0.2415828907142185, -0.9098235402880678, -0.41191909828283235, -0.9069562203184115, 0.08805152409583421, -0.8464418609792463, 0.34506248903626535, -0.40554661216941207
16, 125.94851290858749, 146.27919340643513, 347.2058291173021, 28, 22.846286333319338, 28.91210854577166, 23.47282228740539, 17.57121408333491, -0.6841860793361687, 0.6793352760540469, 0.26531677585703783, 0.7275481025735328, 0.6105140575090394, 0.31296380625481507, -0.05062773236334342, -0.40715619643132134, 0.911954310491115
17, 81.79134102817251, -23.763039617367745, -65.8538513000469, 10, 12.797553594374067, 15.234605460126108, 14.079982125320377, 9.771192200510354, -0.7930531077356593, -0.375042066505396, 0.4800106422384559, 0.4989559471914807, -0.8519747030446199, 0.15868858854462148, -0.349442028200766, -0.3653526429675767, -0.8627906554915517
18, 250.64763026304232, -140.94401720800514, -153.96253827901512, 68, 28.891044978996025, 48.47179358888208, 23.28073681874253, 21.36997134475279, -0.8029586459178087, -0.050649424047128216, 0.593878816585954, 0.24391363422021176, 0.8812092355085679, 0.4049400230847702, -0.5438414768913135, 0.4700052330539607, -0.6952204894237272
19, -42.98486548952562, 97.27859608261916, 93.80557956584745, 9, 14.56510082476526, 17.270752920564405, 14.287023100675523, 12.522396991605495, 0.5470161379691192, 0.6416328430692863, -0.537662198314308, 0.29093249450790143, 0.45652469498896964, 0.840799314048625, 0.7849405254162628, -0.6163541981361474, 0.0630545319480523
20, -297.7128997540691, 210.48670708407352, -206.448951983446, 411, 57.03433241029548, 74.03684560747452, 53.00853191151522, 47.27324381323369, -0.8206808065755578, -0.007768045020825778, -0.57133411520322, -0.037819545214613746, -0.9969764022086438, 0.06788030228916486, -0.5701339278785744, 0.07731565763584101, 0.8179056139714936
21, 78.14684238468362, 76.60404907646502, 216.39017423815935, 112, 36.28860053036018, 58.41529233134749, 29.258295123896318, 27.95986622745979, -0.20797136590424448, -0.40446878498354927, -0.890591327679455, -0.9322522908584577, 0.35755571780518275, 0.055313423813556556, -0.29606346811635004, -0.8417594137511923, 0.45142830240046766
22, -252.72905497864983, -169.10573586903618, -122.82333572605127, 46, 27.057002022929286, 33.7089366986043, 25.853164532966606, 22.72899634074929, -0.5145221472292518, -0.6492656337564519, -0.5601081117368617, 0.07301079446261372, -0.6840043880334974, 0.7258150046966918, -0.8543631452155095, 0.3325539564848894, 0.3993388061830562
23, -152.9873694144254, 122.90583883858771, -291.47693639537647, 74, 31.60040111938014, 47.34411555219146, 29.2273049807078, 22.80462877322075, 0.47954454932106655, -0.3085074983586227, 0.821498721041585, 0.5287003737383433, 0.8487482505314489, 0.010115435173101138, -0.7003662898979303, 0.42947587903898615, 0.5701206269714318
24, -90.73874839855661, 1.569673092950573, -151.26968147844985, 35, 21.853699821899145, 25.686537960202163, 22.0405141143448, 18.435190329758765, 0.2550005844822183, 0.6625234403518714, 0.7042992211397421, -0.7419420272180959, 0.6011574505076155, -0.2968699175509133, -0.6200780032876733, -0.44684718940987594, 0.6448494856594573
25, 341.81552744336, 316.1908225338821, -267.41741729021464, 24, 19.90624289392998, 25.974166697006087, 21.292733431894064, 14.262473694452881, -0.7805819062816084, 0.4064489535229019, 0.4748590693731229, -0.5013189552755603, -0.8608531479258377, -0.08724197835673313, -0.3733245138846247, 0.30615536233473584, -0.8757269559894199
26, -25.72178291757533, -4.9595776743485285, -328.1631580539593, 78, 29.96478584001832, 44.63706420038098, 28.98356996176229, 20.79629809070745, -0.5561656119954294, 0.42246456733702625, 0.71568393958401, 0.8262538338441439, 0.1884903627429571, 0.5308257578630506, -0.08935554874546449, -0.8865636313868105, 0.453894826375702
27, -61.75873140705237, 287.6095564070931, -323.22727506047124, 25, 17.336385802384914, 20.953458350418764, 16.943085165231352, 14.676668416194463, -0.8719179899732856, 0.09711306907235519, 0.4799250676681658, 0.4539346580568485, 0.5277897241552448, 0.7179006430495397, 0.18358198434421064, -0.8438051071731422, 0.504272343216207
28, -25.97396521723086, -126.50420110448395, 88.30332288322673, 6, 11.903216264701422, 13.722351898431102, 12.266100307335138, 10.019773596235556, -0.9727769732665914, -0.04742455490998831, 0.2268388676437065, 0.1798183271250372, -0.7719269267064852, 0.6097492837678727, 0.14618594156840967, 0.6339398484218128, 0.7594405434730795
29, 13.156766155478582, 76.66645474162422, -275.6691990576533, 52, 22.215874111373054, 31.808569754023537, 19.78314439571296, 17.42411603465316, -0.24669211959718593, 0.829003729692949, 0.5018922337353183, 0.9195218458418688, 0.0367166594215176, 0.39132015274003795, -0.3059780599131421, -0.5580364710985332, 0.7713447502742764
30, 16.579177259104743, -322.20869469311026, -255.61614968051543, 325, 55.10793484644964, 92.17323330228419, 47.140280992540525, 38.51637618157445, -0.06846598575456239, -0.4121925944506263, 0.9085205962853663, -0.9536211285058812, -0.24052042988146868, -0.18098802744050013, -0.29311968896992985, 0.8787759600089738, 0.3766080987558263
31, 344.80203986622996, 178.03612151435007, 240.63826748218162, 23, 19.41607548561496, 28.10543663268266, 16.258594341566905, 16.01810083586071, 0.3501450995976801, -0.816279755362802, 0.4594407145786875, -0.6746683820463036, 0.12047728782322144, 0.7282223543573647, 0.6497853364725443, 0.5649536123467191, 0.5085336099036672
32, -282.20709556857656, -91.67928963886791, -138.52783655060153, 5, 4.266184297160001, 8.462704524171995, 4.368024058994278, 2.1005094464625076, -0.9585530323636261, 0.18874190144439432, -0.2134305010668619, -0.058748787356401246, 0.6020716214182901, 0.7962778049568526, 0.27879143482296864, 0.7758132876677909, -0.5660292205773867
33, 223.14908142056908, 246.1499884065547, 348.6945619261442, 7, 8.556348837750422, 12.889713176795068, 10.213027320592358, 4.758473986512307, -0.019642561166551168, 0.7061058784624695, 0.7078337786454971, 0.8410208310699488, -0.3711660004291276, 0.3935984779338678, 0.5406460316114703, 0.6030342349536953, -0.5865591018615092
34, 35.56104707005743, -11.496882748114905, -261.0048875752378, 5, 7.370317924802726, 10.943595238032522, 7.8546979449824486, 4.657674719691811, 0.26229052351735826, 0.40069033365016116, 0.8778672666139868, -0.5184648058063043, 0.8257767819139513, -0.22200664763035755, -0.8138783240836561, -0.39691304207743233, 0.4243372604610837
35, 2.9188380051643743, -183.44264726526035, -167.36660053361598, 13, 13.689075056775113, 17.55668544745865, 14.22952630426658, 10.268082351862734, 0.129627121387104, -0.43931537539529847, 0.8889312742513793, -0.9375581274884359, -0.34612922783397165, -0.03434115926168179, 0.32277169482665347, -0.8289731953328447, -0.45675143616455416
36, 32.76736214988528, 139.55147350854384, -348.82224472103184, 11, 15.860319592657468, 22.331903099358374, 17.448610714035304, 10.238803652873202, 0.5618663493798518, -0.8155707435794827, -0.13838557602498902, -0.5131002471354107, -0.47481438099433293, 0.7150380689100048, -0.6488715911674191, -0.3307501561876852, -0.6852517729693834
37, -27.7222759553101, -159.38080079606394, -174.55283104194345, 7, 10.19629839498545, 13.780930794928175, 10.295493233526997, 7.471398494933108, -0.9338192468849077, -0.06492111508585703, -0.3518051491426932, -0.008808937941855114, -0.9789249723010716, 0.2040301478156669, -0.35763671058721075, 0.19362630870146605, 0.9135670943171083
38, -97.42294983789536, -32.43085589140242, 196.19452988239473, 21, 15.154624858666198, 23.138259698853638, 13.653994995852216, 11.016538082234002, -0.8068149277451127, -0.19124612402148683, -0.5589942686776018, -0.5907834078090124, 0.26910967521245616, 0.7606279956487378, -0.004963610099401551, -0.9439305603453058, 0.3301067400417297
39, -63.12547950313446, -233.81447306432295, -322.21857963086893, 56, 28.49380086872889, 44.50337023113286, 26.332844251724175, 19.74060610554832, -0.35662969542763717, 0.016248209296779594, 0.9341045209364093, 0.9261174581945967, -0.12545691715734575, 0.3557625831429636, -0.12297037841029149, -0.9919660062885334, -0.02969391186096769
40, -174.6859180273148, 323.8980897568321, -199.08841897221598, 28, 20.411451958444992, 25.9080067389178, 19.078767216756965, 17.204315052077074, -0.021194351128080158, 0.26779969275285526, 0.9632414671523107, -0.7111966138292957, -0.6811869692870779, 0.17373453701331026, 0.7026735913338443, -0.6813718789581521, 0.20489555048129973
41, -175.50128811200437, -326.49693322122675, 0.5000428087156956, 15, 18.7648208692278, 24.91517953287125, 16.876743879806067, 15.71377709677253, 0.7230679568864063, -0.188246676071228, 0.6646321679487475, -0.5766683074105761, -0.6941960363438094, 0.430749958041514, -0.38029776879747595, 0.6947337994316111, 0.6105068017434201
42, 46.336777050474055, -271.1651918463697, 126.47909437273707, 183, 43.41709296420836, 60.144281910011166, 40.138634544144615, 33.901997382757976, -0.30457603766940716, -0.3934804796187438, 0.8674137129632016, -0.9329126144137749, 0.30691803264433426, -0.18834907779276952, 0.19211322480573542, 0.8665878105516689, 0.4605627812340092
43, 38.75585206091611, 293.30445161467026, -59.209348837205006, 52, 26.9832880571029, 36.20100725818891, 23.816013271259138, 22.787406032449653, 0.08390020869568943, -0.790402881896294, 0.6068146663280749, 0.7038955831618652, 0.4780490879296929, 0.5253570952550337, -0.705330959894737, 0.38305659349451754, 0.5964695157292992
44, 323.43199509797853, 184.2757759754411, -323.2405344458797, 16, 15.392775912216266, 26.424150844407475, 13.062860384155824, 10.56602212797367, -0.5537721320772986, -0.4522863822030668, -0.6991233469197151, 0.34104351972878605, -0.8891621898616541, 0.3050900158501239, -0.7596221056456729, -0.06948113840524674, 0.6466425813541395
45, -195.52044457929583, 272.7729838719359, 346.97234564566054, 21, 18.723290225879015, 23.000908505205896, 21.506131854329876, 13.269031138093437, -0.7491348643703499, 0.35750955201268286, -0.5576592823620066, -0.6401779042230402, -0.17442865698152762, 0.748162345061696, -0.17020342514007808, -0.9174756475478306, -0.35954030403735626
46, -166.64130244092576, 307.6526027654804, -104.39729341541617, 8, 9.69053410061435, 15.73303455342637, 9.219994686457579, 6.273356601999983, 0.3744657196127592, -0.6533175093395565, 0.6579906206210366, 0.3948594214393741, 0.7544192967393235, 0.5243448884159234, -0.8389645178048123, 0.06346460980501607, 0.5404727385972726
47, 351.9435149361799, 173.67671251375936, 72.39841792763453, 19, 17.59983226571169, 29.978982477516603, 17.17487165736874, 10.588030843582192, 0.0414212855061915, 0.965828668974068, 0.2558500719069566, -0.38997822055877923, -0.22013069779699576, 0.8941249707827289, 0.9198919852878503, -0.13681176146511723, 0.3675340492090347
48, 61.272747537362115, 272.61882626039227, 108.62250009632713, 18, 18.87897488391226, 25.132934512532334, 18.393215119754455, 14.555742908841545, -0.9674359350901166, 0.04374441497220354, -0.2493073156869877, -0.18681176673913832, 0.5411966214806262, 0.8198826627669092, 0.17078956438879275, 0.8397574906225573, -0.5154010881237949
49, -193.3461324506884, -71.21881778726686, 342.97346757786397, 51, 25.37762698805219, 33.41993395968125, 28.226533287242095, 17.32566445109526, -0.2953668061216753, -0.9113051771909054, -0.2868472134543638, -0.9551744374140387, 0.27539042878177084, 0.10863657692585274, 0.0200060978767743, -0.30607676448963766, 0.9517966013215743
50, 283.50080690429803, 188.2232355312437, -189.5857355935629, 11, 10.883213682231867, 13.40358469782145, 11.067163941852382, 8.689887665825879, -0.35354012229599385, -0.8524661985761329, 0.3851113633899821, 0.6871892548582057, 0.04263387922202702, 0.7252263649026457, -0.6346497537495448, 0.5210410085853494, 0.5707328249172321
51, -350.38236894657325, 291.0505966537766, -101.61812518208508, 12, 16.036879815981898, 18.886928762736158, 15.229442948643591, 14.33884806466764, -0.998026056435443, 0.05625445548024343, -0.027918218326735574, 0.025199766331518936, 0.7659137746154135, 0.6424492677489846, 0.05752358171006761, 0.6404775765731329, -0.7658195031822131
52, 347.79184348141337, -163.99228990062156, -17.132481997079754, 57, 26.70702784952308, 44.04340824748703, 22.248073059438376, 19.440317648839248, -0.05272154751641075, 0.43635414324164273, -0.8982290911027804, 0.23072542796523954, 0.8804651876685597, 0.4141821220115915, 0.9715895302635429, -0.1854079690294356, -0.14709748367204695
53, 7.462599069674772, -52.455548470542695, 109.68118425396268, 103, 34.26410674689639, 39.874108903107995, 36.153631967458224, 27.904569050743973, -0.825849791044092, -0.029650156395076063, -0.5631101054484613, -0.2913542797199445, 0.87742721141066, 0.38109601462752846, -0.48278857310555967, -0.4787926032238381, 0.7332617791599655
54, 147.9985841645589, 206.62984263066818, 213.67323664861775, 9, 12.196732883596441, 13.377262048439711, 12.938410837567687, 10.482922277500153, -0.35433931919764455, -0.8987523773614152, 0.25823983243828574, 0.8769899679173376, -0.22354507344850952, 0.42534244592945053, -0.32454929216206474, 0.3771892950815332, 0.8674076277235513
55, 67.00103588406238, 100.07018949735831, 201.69437184309538, 17, 15.451880590160624, 21.15612121866012, 15.269750085063848, 11.42026164755953, 0.80752411161096, -0.4227409545900989, 0.4113330700043233, -0.33735619546721285, 0.24102158414245417, 0.9099996666798014, -0.48383427591151185, -0.8736124319683837, 0.052016460505008154
56, 346.1209753223714, 168.51247901822987, -38.07250457476612, 22, 19.856929838560514, 26.58019234489644, 18.720187882187876, 15.735044714557333, -0.08532419740360825, 0.4855140552476302, 0.8700551037115012, 0.9962868514062581, 0.03149437525298436, 0.08012873418711303, -0.011501784749980445, -0.8736613797601592, 0.4863985017073348
57, -6.006527865990068, -307.4587292562997, -95.86064644078266, 22, 19.89164011392795, 30.870432280702612, 16.7640637441652, 15.20861847177553, -0.10822606159814953, 0.9341087808652008, -0.340188043736816, 0.9827778565573078, 0.048973237464677605, -0.1781833512785414, 0.14978252318470622, 0.353613358801328, 0.923321606064575
58, 178.50597474110396, 18.81520024239494, 280.87618282346557, 24, 21.612268439893697, 34.474964163658576, 18.08057649004528, 16.195149538028975, -0.13118774694298665, 0.5145534251032811, 0.8473632914910256, 0.2968686205719816, -0.7951353781580034, 0.5287993499629303, 0.9458640479327413, 0.32092756677482853, -0.048442746745792756
59, -146.54092379114277, 191.5936021235333, 172.48254342610542, 52, 26.926792789343818, 35.553346471028604, 26.966311355202475, 20.363473286667755, 0.27738639109526025, 0.9285697574048815, 0.2466069659766056, 0.3269084845965579, -0.33258523461878525, 0.8846004207620238, 0.9034310337452044, -0.1647582087381596, -0.3958119501978993
60, 84.95013728721307, -305.84429682209594, 68.27279425252532, 36, 24.44031125697631, 37.98434807368082, 19.78845839108506, 19.422429714218303, 0.5855190569434475, 0.36003049413975297, 0.7263232594689097, -0.5355668694083232, -0.500793936235733, 0.6799805598851256, 0.6085520210698759, -0.7871362504160244, -0.10040398862979061
61, -93.0041826438696, -210.28224068660168, 37.71578190731595, 51, 28.1873999054527, 40.402286556433346, 28.097747054997686, 19.728206628718645, -0.8429960767468235, 0.5192879012900198, -0.14034845978232294, 0.023287033108514005, 0.29589510936241015, 0.9549365415274517, 0.5374154153710764, 0.8017394588201421, -0.26153109087127546
62, 154.36348798707797, 102.46744210164468, -135.35515960732616, 25, 21.19032154823912, 35.12063501817466, 18.67560268567918, 14.50693465642576, 0.11547618218129124, 0.5626367399727323, 0.818599505363697, 0.8600650599126349, 0.3556613617909704, -0.3657773755256992, 0.4969440049606304, -0.7462874074790805, 0.44283378526467665
63, 170.52786805475498, 247.52944439172947, 74.59892238275874, 6, 10.322027834869209, 17.272170825665505, 12.754767828941377, 4.992011708784773, 0.6528426546104494, 0.04092079576229563, 0.7563874382850114, -0.5785981518663152, -0.6175337386870412, 0.5328003943693074, -0.4888973787801139, 0.785479197724157, 0.3794756684750005
64, 254.02329873534856, 42.85500342954283, 350.0868940956891, 13, 13.580752166929296, 22.77510578872482, 13.749699770771029, 7.998671362646599, 0.8904480184174807, -0.4496728485995029, 0.0699761082712559, 0.23432476018868226, 0.5848566924639058, 0.7765529962872443, -0.3901207931639871, -0.6750829419505345, 0.6261539652741269
65, 307.209271745134, -110.77897395095306, -113.96073609669882, 8, 10.71489276125958, 14.898497206570418, 10.904175204743712, 7.572306800862619, 0.3639625873195217, 0.17671126708380266, 0.9144967813597359, 0.8786963778685756, 0.26048690063340196, -0.40004905964025195, 0.30890760844033205, -0.9491679001546782, 0.06046806399772759
66, -65.458305193924, 182.12859547394805, -311.94738572696843, 62, 28.38434168990748, 40.58194705759379, 28.770971725192705, 19.586149649672773, 0.248977321310918, 0.93276400249104, -0.26069447468202167, 0.7318252744357625, -0.35749838531972383, -0.5801953741549575, 0.6343832131841617, 0.04632731538396995, 0.7716292624566882
67, -285.24677599116615, 164.52545742218635, 256.3281446698565, 284, 51.48507291491175, 72.3464318007175, 45.986785617745156, 41.01982714479175, 0.2979442128713382, 0.9088233200873442, 0.29200927875993155, 0.8092173723228017, -0.4027301197719492, 0.42775658377101755, -0.5063560904615022, -0.1088513825998009, 0.8554267275217993
68, -88.17425752041133, 153.37732423952642, 275.7224886070395, 18, 17.16878238408887, 22.033029589933726, 19.958987264149204, 11.508156760369607, -0.7337484162630384, -0.6593708488579977, 0.1638393887554707, 0.11606247671945472, 0.1159570449464039, 0.9864499304197064, 0.6694346593426638, -0.742821679411406, 0.00855508428889741
69, -196.45963943662596, -213.39385188808004, -58.95720029035799, 29, 19.77829914389309, 31.009174329188394, 18.050156714587402, 13.822787903904656, -0.9083516467786925, 0.40727079531363497, -0.09501465718002106, 0.4085784489415579, 0.9127024987103844, 0.006148163004632365, -0.08922408225893054, 0.03323624726740455, 0.9954568875710446
70, -205.07424094216017, 71.83036067482479, 41.744870559877306, 25, 18.504268694686377, 28.432356891918644, 15.501455304341631, 14.375747757395462, -0.6553518126738943, -0.3995625364804195, 0.6409865685537991, -0.7283262400222613, 0.10942749923939606, -0.6764366271168699, -0.20013717725619173, 0.9101513071196157, 0.3627253898314519
71, -154.5577975389662, 231.32066621330395, -197.19705178702216, 10, 13.425945493359787, 15.299072702748255, 14.552559424850015, 10.870015147466207, 0.7184907353258752, 0.6668851009548159, 0.19757359483333925, -0.5373010992428614, 0.3517873007700543, 0.7665202044103808, -0.4416770222722659, 0.6568941749942715, -0.6110740142202903
72, 186.8257091122695, 17.499971916280348, -239.5853624278792, 9, 12.880496322154118, 16.981696639531812, 12.976350253127885, 9.697597531124853, 0.41739826478627196, 0.5027734255395813, -0.7569660303637175, -0.2671818923180522, 0.8640797220773748, 0.4265912215599747, 0.8685577269075175, 0.02418918076087245, 0.49499733187499506
73, 329.17191846489914, 214.48931428433664, -344.4202576134426, 89, 33.876822923141546, 43.15915466456872, 38.9983389526961, 23.09877681893688, -0.5405429563420976, -0.8412595994285692, -0.009777459702224026, 0.8268018182735946, -0.5333309308767449, 0.1787648496478619, -0.15560226749126535, 0.08854605885880969, 0.9838432445324554
74, 36.60104335209516, -138.41243396132134, -40.170760721376254, 35, 21.032453080926985, 25.5534259465801, 20.582342517131057, 17.68991926887137, 0.8724869933230021, 0.4868323434389027, -0.04196088492839661, 0.35177249769144775, -0.5661853491437551, 0.7454463497012274, -0.339149755049459, 0.6651529296310366, 0.6652435823464526
75, 3.934305504582725, 25.31099536030464, -286.904958432351, 8, 11.013168153325992, 15.87909211305596, 12.21041222916813, 6.889390733345924, -0.7368397354938517, 0.3125221667122364, 0.5994973723969437, 0.6375019794353997, 0.025973688929474527, 0.7700107750540521, -0.22507427754698545, -0.9495552973876161, 0.2183719459770845
76, -234.95588970499585, 237.03217540347026, -14.638339560275375, 166, 41.83586395888102, 63.4227261468849, 39.805464711414196, 29.00404846211471, 0.007109709690229316, -0.26926389359574376, 0.9630401900407793, 0.32053019693755863, -0.9116353164906882, -0.2572575413434804, 0.947211615680092, 0.31051248820712984, 0.07982574639880863
77, 196.0599102822113, 14.492130808824673, -11.800327987623934, 7, 13.931119225445128, 23.776298977578016, 13.233476647590187, 8.592901203430218, 0.1379482774128346, 0.9280462879008534, 0.34597739849920534, 0.9314116855270395, -0.002764705344203748, -0.3639569046852102, 0.3368123287863891, -0.37245461994423734, 0.864774543600633
78, 252.21125354007725, -156.172178482058, 342.70066965496017, 96, 34.51799038181554, 49.80058179182397, 33.455245937415576, 24.685269158359713, -0.7167948454543362, -0.6888899603852799, -0.10786923569981131, -0.6607602537904782, 0.6216609750385803, 0.4206346622959458, 0.22271290160391832, -0.3727844613103515, 0.9007944875856614
79, 114.16677388657638, -111.05282575078995, 244.73447792009705, 57, 29.738299879741163, 46.91168226845935, 27.794261564729503, 20.170295567576503, 0.04333071066962852, -0.5832265120486171, 0.8111530590193624, -0.927825558226645, 0.2775969255277676, 0.24915794275709052, 0.37048911321964567, 0.7634047305205377, 0.5291039920512656
80, -95.13079280321546, 99.53937663875354, -66.53052382261038, 75, 29.55014684053291, 41.085400756272215, 28.239348246550207, 22.240099877356258, -0.3537247691761534, 0.869925839335668, 0.3436681855037069, 0.2512917873098104, -0.26552895146758054, 0.9307775317245084, 0.9009612784697897, 0.41560006014034767, -0.12468105192619018
81, 241.50757485892217, -194.505851350142, 244.7297313802817, 53, 24.81399582390164, 30.407259820813973, 23.79394108850437, 21.117691802746542, -0.15498553577413715, 0.8982484463584932, -0.41125322164738937, 0.21245125207855425, 0.4368479793779818, 0.8740871286111179, 0.9648025441462406, 0.048099600080744674, -0.258539125242223
82, -268.39830845643087, 298.91798771335874, 156.83793325662558, 59, 28.695256970759285, 37.73712786972645, 27.05031576435349, 23.146704767628144, 0.40096206135572465, -0.589576578398837, 0.7011625229266665, -0.3624430324916103, 0.6008370232285913, 0.7124815223681881, -0.8413468212049383, -0.5398095309656222, 0.02722492841167242
83, -54.419480838817975, 105.56078999618465, 20.653411799137732, 137, 39.78580499043474, 56.11031124158885, 40.42993330392887, 27.761232684163698, 0.9053831901767008, 0.0622580953861127, 0.4200062005546514, -0.3018363702414278, 0.7900849549720934, 0.5335359121242216, -0.298623650344275, -0.6098275932471736, 0.7341213945727367
84, 229.0930232841208, -251.82484106138847, 3.155115887952533, 9, 12.26737484420771, 14.421827646443306, 14.098317317713612, 9.07961273467733, -0.8680300139797158, -0.4115084843624808, -0.277821277313435, 0.19790336256849392, -0.7999296469237926, 0.5665216845421361, 0.4553659560336675, -0.43677606077951886, -0.7758018553828484
85, -175.42892847455374, 34.49134223795954, -223.9347228814922, 45, 26.972964448242596, 35.891947697827874, 29.540046126117467, 18.508782183273127, 0.26723030695178346, 0.49487650946340955, 0.8268525886926685, 0.9331471876342313, 0.08122614907765896, -0.3501979995892873, -0.2404668152922143, 0.8651586866507933, -0.4400865342814915
86, 141.9024079349873, -305.8181299036696, 97.1874543387243, 38, 23.027091758416148, 27.978840885965663, 22.61304889715064, 19.29871685519169, 0.3403417954252659, -0.38209945889012975, -0.8591667275928326, 0.6382962683127581, 0.7648251903938514, -0.08729434115116647, 0.6904674765292809, -0.5186930032831366, 0.5041946372190078
87, -270.6343849365968, -84.05348758654496, 340.3447208115013, 5, 4.5635134176887755, 14.639887562342363, 4.635540952298309, 1.4004249254003815, 0.7099902242086262, 0.2865857541176386, 0.6432592689305059, -0.45878309631903036, -0.5047582130602463, 0.7312572850099683, 0.5342583195984004, -0.8143020028742732, -0.22689269722677435
88, 107.91761937966673, 275.4457162350781, -179.72901766284485, 6, 10.167700986923265, 14.278721362464175, 10.902658063312368, 6.752220053218399, -0.07658573305291572, -0.38814954231470516, 0.9184087098311038, -0.44795063765913506, -0.8095248772618083, -0.37948609897469066, 0.8907720537340189, -0.4404649882739146, -0.11187377883730631
89, 253.45974660619018, 205.4167307838635, -328.09872042528673, 18, 13.801736437188527, 18.447694336956697, 12.32809349832313, 11.56014217891743, -0.08803627457360406, -0.9051938899510819, -0.4157807546705709, -0.9552262745984065, 0.19508169753328486, -0.22245425508266134, -0.2824754479172503, -0.3775806574531599, 0.8818392531755366
90, 256.0920452083884, -142.4646939091374, 223.23668979584366, 31, 22.037542399646924, 27.940395388043832, 23.336302451300426, 16.414395379237085, -0.011399258938859796, -0.9968277957384162, 0.07876802992924933, -0.5188853595535934, -0.0614402163506395, -0.8526330297705601, 0.8547678284403215, -0.05059096221734596, -0.5165389762693036
91, 196.76306843107008, -282.46731590788784, -295.8315335840881, 195, 44.557449331091846, 76.93564217364268, 41.58623993714993, 27.649273700914087, 0.5891310934862841, -0.189888786153313, 0.7854086857050134, -0.4476085872084234, 0.7325463055298034, 0.5128571564401877, -0.6727340539506919, -0.6536957695655217, 0.34656995470930235
92, 10.76053280930686, 167.1781160524953, -336.594589186943, 52, 29.908874081343708, 36.886354382386266, 30.069469072101853, 24.121743700692384, -0.06805277103067014, -0.6557697734967858, 0.7518875078913211, 0.9247702064557333, -0.3242716158887481, -0.19911801621330158, 0.37439135354180664, 0.6817726331386995, 0.6285039308518748
93, 232.78369767026217, -43.50787710000317, -304.6593088245243, 45, 23.835948040208784, 29.387852434370533, 23.003712346881784, 20.032332099664394, 0.7966078270534448, 0.13160259300633023, 0.5899972265961927, -0.35080543353582694, -0.6942062759318798, 0.6285007511996553, 0.49229210604978135, -0.7076428505756288, -0.5068432483029337
94, 2.9241515868819214, 47.56547855326059, 6.384713316130357, 109, 37.673784124232085, 45.948101732089626, 38.82992948389534, 29.969780270727156, -0.2984069160527168, -0.9184821793651988, -0.2595068373674602, 0.8187789697895796, -0.38606886455438655, 0.4249139094593176, -0.49046336364933585, -0.08568149164342313, 0.8672395118463743
95, -173.91538832258618, 354.1289774100148, -67.49510642547425, 5, 8.297147606486075, 16.689161858109898, 7.249917723750249, 4.7208352469687425, 0.03299273785092351, 0.023728289727079195, 0.999173882522821, -0.9314309492197953, 0.3632446409831619, 0.022129564670925292, 0.3624194615147085, 0.9313915927598023, -0.03408569863956596
96, 61.28693514436184, 172.0647925454111, -223.2955948304026, 24, 21.004535561563255, 31.438157079613568, 20.405235953782856, 14.445765107731582, -0.7827427179361361, -0.06028305631593288, 0.6194189136918249, 0.14215345886007932, 0.9516671715731841, 0.27225353750504616, -0.6058929209456617, 0.30115701497907377, -0.7363411034818224
97, -247.01194358284775, -82.80101042864264, 144.45142526706607, 7, 13.139552505661934, 21.69779635950496, 11.13777781151, 9.387015723246304, -0.425743554625914, -0.6963014710369023, -0.5778465948037914, -0.8961049150506292, 0.41299810812222326, 0.16256858217247638, -0.12545280752775606, -0.587023699793552, 0.7997904531588843
98, -353.13343143150297, -221.2412752788787, 235.35169575504275, 15, 16.275438802763652, 28.333245811340387, 15.84591359732899, 9.602504211390704, -0.01113298728640772, 0.6645781232123427, 0.7471358475817105, -0.3743459617040143, -0.6956169099696022, 0.6131738868544868, 0.9272222805508814, -0.272860830299811, 0.25652643087627514
99, 62.10369915974011, -95.01613817970589, 33.3257656771721, 25, 21.426861744802057, 23.848424316120745, 21.53707421142072, 19.152669187704227, -0.3956370320925953, 0.4414855842406976, 0.8053333581471791, 0.914723529988385, 0.11096677106613456, 0.38854502879942243, -0.08217178665789268, -0.8903801742103238, 0.44773981602113877
100, 330.8556887179466, 332.8762017369517, -336.49592478041563, 13, 16.945826180843458, 22.244947478006956, 16.797892977191648, 13.02273033248563, -0.01495725367212862, -0.5878168819781646, 0.8088557311560919, 0.5094902859539816, -0.7005323425327803, -0.499673979294565, 0.8603464006323948, 0.40463038730056383, 0.30996503124042646
101, -351.32068766935157, -192.89826899309998, 198.27572408263865, 14, 18.5264686684738, 25.743151820729242, 19.511296451485357, 12.659894699369765, 0.175417258806869, 0.9189888550616704, -0.3531122620146801, 0.258004398035046, 0.3032254797415906, 0.9173265716363261, 0.9500855308377543, -0.25201942922703785, -0.1839121838944352
102, 200.88636504539147, 322.4328703430632, -41.39920140001779, 5, 7.009344763708803, 14.662654160293366, 6.645703576099665, 3.5340989754661583, -0.11729255127470241, 0.781715860890151, -0.6125053226284989, 0.27098810638407633, 0.6185500722237188, 0.7375372901422711, 0.9554098092514254, -0.07947402710824551, -0.28438701693528956
103, 119.19668564968494, -89.46351110749463, -280.4735332396658, 148, 38.05218173549616, 54.58756024273833, 37.97420380474781, 26.580082564877262, 0.7289240385585356, 0.26672484718258466, 0.6304979000020074, 0.4697535057796675, 0.4750804076715677, -0.74406333739429, 0.49799737932967714, -0.8385442517494489, -0.22100259735742983
104, 146.51156369202567, -190.6801193087223, -331.1695788039564, 6, 6.735875519067857, 11.438275958107562, 9.07738004556919, 2.9434798653634253, -0.481261452950394, 0.8140037332621164, 0.3252465774445799, 0.2502618458333865, -0.22800695439046234, 0.9409473084448734, -0.8400931034261272, -0.5342384776342146, 0.0939831186486967
105, 105.10091436483104, -209.75625308559816, -353.4125675624268, 18, 16.93477622107641, 22.232034723937428, 18.501783604229104, 11.807163502654708, -0.8230741270359564, -0.5258809479747798, -0.21447193280507618, -0.5490234491516365, 0.6401151964848923, 0.5374251459605774, 0.14533490181521685, -0.5600908531535348, 0.8155832284494986
106, -157.90199045335876, -194.5009896094097, -226.7234536213908, 24, 16.468405341297046, 21.651213957969816, 16.11427014627588, 12.80152627041731, 0.13276887824757141, -0.16396750741675029, 0.9774901950814747, 0.4638888871921705, -0.861254859806632, -0.20747811161437824, 0.8758878497321968, 0.4809934749775681, -0.038285137070565786
107, 122.90275639950707, -343.5121871716092, -318.3302508816068, 50, 25.952565714194552, 38.305917911790345, 24.698950450202588, 18.475513832768456, 0.5184127413362677, 0.42291997558150757, -0.7432273702403276, 0.7959479413284665, 0.0790692500029643, 0.6001790802743334, -0.31259415272073127, 0.902710777579456, 0.2956317772613464
108, -131.98828299734976, 48.568601353338394, -217.6335971423422, 17, 16.967508628601227, 20.370568388288504, 16.350283819063463, 14.666476586966356, 0.8749603709026728, 0.033742778568566965, 0.483017364330031, -0.399053482415812, 0.615233806798184, 0.6798850499492013, 0.2742274011138771, 0.7876222367779381, -0.5517703730821786
109, 272.259052314767, 341.73221321548795, -113.4335051728658, 86, 32.24509297039745, 51.78405267414043, 29.07543996662478, 22.267351742370742, -0.7638001585695565, -0.27665826921306697, -0.5831547992129966, -0.6412902299559494, 0.2228309343558075, 0.7342296750044656, 0.07318578230890305, -0.9347762174821032, 0.3476165480780305
110, 89.33064376158676, -281.1700264569448, 194.0536126191701, 13, 15.138278689226428, 23.1495374741328, 14.769904415362266, 10.146341732606231, 0.6396240210701779, 0.7425017537203158, -0.19892776928390857, 0.38971235880415117, -0.09016775918167019, 0.9165118944124299, 0.6625748177114197, -0.6637476334620045, -0.34703557455723083
111, 156.68672116307206, 302.9000662363405, -214.29708919868068, 13, 12.484268746991953, 18.290232010771007, 11.388632475598367, 9.341111041735326, -0.9070152735877248, 0.2952905730062356, 0.3002112106038576, -0.09232761017008533, -0.8350318317732969, 0.5423997163767816, 0.41085144015673736, 0.46424704352206736, 0.7846500982617377
113, -105.1367430666425, 280.9321899634292, 8.158245754646044, 20, 13.703469623913655, 23.139636756385553, 13.327050279708496, 8.344514063957096, 0.3803158468431189, -0.17040543709252762, 0.9090224659761199, 0.7650603569441132, 0.6102239314329233, -0.2056924980136448, 0.5196561429181284, -0.7736851688612447, -0.3624482757740763
114, -51.17984719990309, 297.00015117530336, -66.89942760517593, 15, 16.088252971710375, 19.119024028436797, 15.784170761507747, 13.798731680032557, -0.0912910535148757, -0.34978891540355256, 0.9323699148990975, 0.9382486843509558, -0.3439586548889181, -0.037173243612934254, 0.3336994903529878, 0.8714012614105013, 0.35958933764830026
115, 348.02314301403106, -38.850220867650556, -179.05998680508398, 9, 12.002733010542066, 14.623313700742518, 13.10100219978951, 9.025891758713518, -0.5798451404450878, 0.8140526704803988, -0.033134012524109066, -0.4311251928439199, -0.27207184652539984, 0.8602952855988183, -0.6913108426731851, -0.513122948241443, -0.5087181526056447
116, 284.8898171046186, -197.33624222053325, 319.2563144328536, 10, 9.975811477690291, 14.092599918637676, 9.806889841654018, 7.183271478558887, -0.4600475621676959, 0.6703011226492412, 0.5822822730589751, 0.8578362522248985, 0.16635592009188338, 0.48625371177927595, -0.22907030561008968, -0.7232026775569554, 0.6515402384060024
117, 259.2136310186158, 39.555361596835525, -316.2888744832085, 6, 8.321881287210047, 11.341389396651403, 8.143222251547318, 6.24025014141641, 0.2495166644756267, 0.9577623642136207, 0.14294295311379787, 0.8599973831129851, -0.1513115785315287, -0.4873492661747984, 0.4451358614937411, -0.2445323289428888, 0.8614278872395481
118, -345.5086434462112, -190.64008325398666, -184.38574350177865, 13, 18.43022377186293, 24.403460599134867, 19.97151383705757, 12.844861393236107, 0.6868701074066673, 0.21580365058148893, -0.6940016137926885, 0.4609752873144285, 0.6088815384825289, 0.6455734323688735, -0.561881873739075, 0.7633426861448608, -0.318742377905127
119, -333.0638708938505, -261.11861243372635, -58.36349774640202, 8, 9.680846290203208, 14.64750972675097, 11.731933826913423, 5.279667515699823, 0.8037879360233757, 0.5843547524018504, -0.11159962924962433, -0.43396165246970075, 0.7042319323561975, 0.5619027225735987, -0.4069425488801193, 0.4032206700991757, -0.8196406853711713
120, -318.24421731906267, -348.81525802363507, -90.63574732691544, 9, 14.131153586029056, 20.918081740593795, 13.555034073789882, 9.952000299914, 0.20363275415745133, 0.28202716342822265, 0.9375470017673148, 0.8780625723793707, 0.3709684501768373, -0.3023053554932785, 0.4330586801124911, -0.8847842042340189, 0.17209616938561142
