# Void_ID, X_c, Y_c, Z_c, N_particles, R=(abc)^(-1/3), a, b, c, vector_a, vector_b, vector_c 

0, 155.93787123938532, -331.70614612823493, -200.29886999903133, 17, 15.546504030740278, 19.966890361329003, 16.027597403171697, 11.741386202676203, 0.33865398327709295, -0.9392913915751754, 0.05518298037736898, 0.31236903006032923, 0.16755694828457796, 0.9350669805638142, -0.8875466571790623, -0.29942670354250267, 0.3501493688926799
1, 355.19799355849545, 219.8240555017457, -317.2701824335932, 9, 9.625617895128164, 13.679603947183814, 12.277086999963258, 5.310274797682615, -0.1712314516249606, -0.6462086589492493, -0.7437030046150288, -0.04265050542983992, -0.749282019498878, 0.6608762286860242, 0.9843072306759653, -0.14488210501885893, -0.1007395219579505
2, 248.4406585460139, -285.2760264516283, -23.580514309788107, 9, 13.360079784728791, 18.042666308791574, 13.195385405616292, 10.016231613901429, 0.8407227729669174, 0.4665581051900054, -0.27478856143647795, 0.40775837128550374, -0.21162911748945423, 0.8882264504489991, -0.3562559889481309, 0.8587995407032696, 0.36816439157860237
3, -290.55519071957013, -293.5399624715827, -334.87743325058693, 19, 16.145108274347887, 18.699463214783794, 15.622964512362076, 14.405565102714089, 0.6923435387425011, 0.07901337661503396, 0.7172289109324873, -0.23263510104399512, 0.9653527791215385, 0.11821557259757444, -0.6830383108755769, -0.24869840803312787, 0.68673704408458
4, 333.44861846576345, -352.48414434130143, 261.71018086793543, 11, 14.131162657660608, 17.600780011119216, 14.668196586442404, 10.930123008096166, 0.6834887240660276, 0.21931268990148672, -0.6962363881059133, 0.5425780765846875, 0.48541845614832185, 0.6855493805994145, -0.4883156713482115, 0.8463278717369259, -0.21278378377355495
5, 48.157171604528614, 256.48412812474794, 190.9605032934639, 36, 23.111892683782617, 34.25777030394774, 22.947776690448386, 15.703874962181859, 0.32987450414408404, -0.4312641263330703, -0.8397583371743731, -0.3522482830168351, -0.881536088780524, 0.3143489641930252, -0.8758447114799439, 0.1921077237273645, -0.4427083281991702
6, 282.21209529956667, -237.79656562403684, 158.21145055428073, 96, 31.592299178011928, 42.48717672161177, 31.047225306088105, 23.90358466127212, 0.6152608465259104, 0.3650328821591739, -0.6987167420885138, 0.5570743520278193, -0.8284540102725543, 0.057724511051265893, 0.5577833423875319, 0.4247528078846428, 0.713065771965746
7, 241.70882718334056, 342.8557532229528, -200.0887807146677, 69, 28.686393994474333, 31.68454771234398, 31.50366624956739, 23.649353169103826, 0.3848000866867971, -0.9200167374167606, 0.07414914806559014, 0.16328226491379294, 0.14692052138213307, 0.9755784245059052, 0.9084425107019436, 0.3632954214820639, -0.20675744600792179
8, -46.21542060466764, 21.91259316477427, -178.5054009925317, 5, 4.946708890641839, 12.673406830643348, 7.667892684919834, 1.2456030336077084, -0.9877654939494681, 0.1464550880927611, -0.05357458478145228, 0.10359205160619482, 0.8730104937953591, 0.47657251763735076, 0.11656764476810412, 0.46519198713533805, -0.8775012246705371
9, -141.6599006715876, 296.7582276378726, 148.32573047972423, 153, 39.60153906132045, 56.4584067069114, 35.89893463289157, 30.64262845903199, -0.07516306756458138, -0.9746235725114362, -0.21085399019067094, -0.9958230942883679, 0.06237244879674976, 0.06667865110391133, 0.051835105442379854, -0.21498504491276146, 0.9752407663278004
10, 350.1224172502035, -47.75515612935853, -278.8967048613239, 8, 11.715302013342738, 17.120910915921463, 12.597682926633688, 7.454918945888616, -0.19478868484349462, -0.2950532570807657, 0.9354148511451874, -0.016675656143495123, 0.9545407776649788, 0.2976135518872102, 0.9807034672871946, -0.0423730959544951, 0.1908539493699451
11, -337.1773867744482, 71.74184688340229, 162.23292274803154, 87, 28.09937250319647, 34.49373912265336, 28.41769941673283, 22.633966781845295, 0.3214204586799905, -0.9429145361190354, -0.08718409440585476, -0.885147031690246, -0.3318843846442767, 0.32614028809583817, 0.3364574579822711, 0.02765741861984438, 0.9412924339244394
12, 218.6402589149242, -47.89304412233478, -110.31679602074898, 48, 22.47750577491759, 27.09993728855514, 22.044159414798887, 19.010017858448197, -0.9224413017604969, 0.31605097292903206, 0.22184189711822247, 0.3806760874193639, 0.6480507285235637, 0.6596332084781382, -0.06471291427130096, -0.6929228209336808, 0.7181018054258222
13, 81.08781149593221, -289.99270492151567, 348.114308830506, 7, 8.444577327751027, 12.089965034645797, 9.641545080105367, 5.166091211784775, 0.17480603450352733, -0.8986532900943668, -0.4023246382011939, 0.6015045454911739, 0.42096989603534735, -0.6789525965672752, 0.7795095458393106, -0.12331508761931131, 0.6141321169836613
14, -100.68701984210978, -265.9144744772102, 121.24328575623758, 9, 16.891330421751917, 23.262334531530446, 17.28341802864463, 11.986948552558106, -0.0116676644732069, 0.03406417491896831, 0.9993515385452861, 0.7992997420192984, -0.6001936817123591, 0.02979038167674997, 0.6008192640167457, 0.7991290111237691, -0.020224627727673066
15, 193.07869656080894, 318.1555101812537, -71.23460098936464, 6, 7.732892397539668, 13.377932806646976, 9.775326398979104, 3.535945995649626, 0.17328961938160853, 0.6236087300096164, 0.7622879112713062, -0.7875390761810013, -0.37703308468286006, 0.4874712879160191, 0.5913991133765362, -0.6848052313689783, 0.42578032339121397
16, -325.2360984334415, -161.1444685737921, 125.13494540869335, 5, 11.386529684567343, 17.771100277642702, 12.924873539620384, 6.4273733545339615, -0.9692772193271882, 0.22252781766795063, -0.10480001172372645, 0.2313275339460219, 0.9695064211174194, -0.08090037979234077, -0.08360169933563567, 0.10265802343719728, 0.9911972992760633
17, 209.80994411558055, 47.20834372755121, -157.52783367363787, 25, 17.906415995459515, 27.395985189362865, 18.36182413848559, 11.413616146007364, -0.9462999579595155, -0.1834873227000487, -0.2661743638560771, -0.3204199116767227, 0.4228527724003016, 0.8476594912312726, 0.042982202908882695, -0.8874277070735094, 0.4589385524788184
18, -297.6083394802654, 203.7410941076839, -192.80743233052235, 423, 59.41428342878169, 86.13879979172789, 55.14062393330515, 44.15725812177814, -0.9639863329018081, -0.12865936221672528, -0.23275978710359266, -0.256898646031667, 0.22406521762831397, 0.9401052408726762, 0.0687999683547931, -0.9660442778481543, 0.24904822342513783
19, -348.0200488221513, -107.14879223200451, 157.00854238854654, 24, 23.057824721937767, 35.32564874249226, 21.635370477753007, 16.03985795293049, 0.26188274753537766, -0.9474888060485483, 0.1835276245038275, -0.8785415543742009, -0.31275826806343937, -0.36103601343317654, -0.39947736328994204, 0.06668754134509781, 0.9143142829729073
20, 40.03588212590323, 293.47036687297947, -60.038085236753346, 64, 25.946770269446045, 39.203441705158326, 23.564683304593856, 18.908806458748536, 0.6035487751484171, -0.7205015519029297, 0.34147677772041135, -0.44099266603712833, 0.055154945629771066, 0.8958143783586211, -0.6642697829333435, -0.6912564254153787, -0.2844472003793355
21, 229.20394014464586, -43.3898250202024, -313.02788077156856, 61, 26.663431782826848, 35.740858052326864, 26.242301701436133, 20.210694527833382, -0.9477297000417984, -0.23470084456751406, 0.21615718636672365, -0.2983976332119511, 0.41204219969809547, -0.8609181599672878, -0.11299233669673686, 0.8804185023199204, 0.4605388068562297
22, -141.31404657522535, -231.19066484046576, -257.48226441096733, 72, 30.009734930249994, 54.95034426947268, 23.68190630070907, 20.768226045664722, -0.8658876453515736, 0.4600827701588246, -0.19637319122143304, 0.48004660619609446, 0.8746405741767195, -0.06752126985943144, -0.14069058784125907, 0.15273411736347892, 0.9782016396868694
23, 280.0373807793603, 351.2206704925951, 135.42557452620233, 14, 17.73201909523375, 27.145294574963707, 18.314475448939106, 11.214644925334998, -0.9511616506882482, -0.306629481873281, -0.03563530701607708, 0.069296524560105, -0.3245855464095698, 0.9433144834814591, -0.3008147369127674, 0.8947751582985104, 0.32998168153395735
24, 133.57483700236523, -151.71270888996506, 337.95079547660396, 10, 12.878228847602589, 14.638623600861106, 12.775956331810404, 11.420227411442752, 0.7897723510938351, -0.4107931103500934, 0.4555311777876595, -0.4291260496156725, -0.9006648945667083, -0.06821716233021947, -0.43830408050685854, 0.14160426612230642, 0.887602255983501
25, -89.58734841435975, -128.98630980059008, 58.41204226578528, 33, 23.043832285306877, 31.9659717813861, 20.710721833004584, 18.483362020307975, 0.689610507532062, -0.18447798805215448, -0.7002893829165203, -0.5857123599872613, 0.42660939052678226, -0.6891628684661704, -0.4258854062532852, -0.8854221026372647, -0.18614328057139018
26, -132.15420947578937, -212.3652390379631, 193.00178317740034, 113, 35.773343896057405, 60.538691991767635, 30.230291720127713, 25.01515747222779, 0.1547660974873072, -0.008391618606648985, -0.9879155003368, -0.8022133691496517, 0.5825731091694796, -0.13062267349189519, -0.5766291402852534, -0.8127349833800499, -0.08343069797214822
27, 99.50704516527263, 250.61347847206855, 48.62711041318755, 13, 15.121783365701987, 17.209651200968167, 14.921561998141962, 13.46550607642535, 0.5011415926226144, -0.8495872584526971, -0.16449496776041342, -0.430835768458942, -0.4098061432059369, 0.804014592906788, -0.75049160205832, -0.3320548377384441, -0.5714034826411473
28, 270.8158824810969, -97.09520194028694, 250.58612349203204, 6, 7.324761974686769, 11.241567060123506, 7.576457642753515, 4.614105222205572, 0.39566005044394503, -0.7831373652488339, 0.4797384616995069, -0.7931139541315245, -0.5547413569991767, -0.2514603002395607, -0.46305872224217276, 0.280994473230037, 0.8406061656742831
29, 170.95563855638835, 115.01529971886241, -281.6949196933579, 41, 25.962383779144165, 34.41581516665302, 26.95211041915357, 18.8661315522623, -0.2190565517505963, -0.8292642120792779, -0.5141352873511723, -0.008075079677956882, -0.5253744899253681, 0.8508327911075443, 0.9756787484737651, -0.1905321807469642, -0.10839034955416146
30, 215.5284578129557, 183.47334712535664, -118.03928601262209, 16, 13.141147436056501, 16.84505742278859, 12.570987245857493, 10.716623717678534, 0.29175016885894994, 0.7545224894870955, 0.5878585304552194, 0.6668273298626214, -0.6010625844183373, 0.44052818497870894, 0.6857281904071478, 0.26347596184575267, -0.6784963274848242
31, 286.42831666035113, -242.18488848827633, 322.8241351320992, 54, 25.823781087074046, 31.303746962894785, 27.324047360481703, 20.133447222515176, -0.3634176247602118, 0.8394448041018182, 0.40405451473793214, -0.7519592878754322, -0.008266903692817846, -0.6591577107803616, -0.5499862356382365, -0.5433820747593664, 0.6342326556073005
32, 127.50882964220705, -298.5479082684414, -188.86476834711385, 66, 27.088667667716663, 33.80570567387036, 29.7054105922593, 19.794173374078756, 0.46147401990098114, 0.8678545432754664, -0.18403863907495244, 0.7938001576955267, -0.4965620319602116, -0.3511516169094239, -0.39613512669161977, 0.015957447530153684, -0.9180535503277228
33, 323.3810108418773, 206.46145673659538, -334.8897507352249, 9, 13.604749387302109, 17.123887735626226, 12.777318398294044, 11.508786913723595, -0.968744559076934, -0.20099196847445921, -0.14538296966150718, 0.02597181506240901, -0.6650394131050911, 0.7463565125589782, -0.2466970694621254, 0.7192529510718736, 0.6494734392515218
34, 178.6681068805591, 164.42722534491142, -78.36253431210027, 78, 31.09851689819247, 51.205099335796625, 24.545450748291035, 23.92956526169976, -0.8921296305897648, 0.025487110587037818, -0.4510600064489133, 0.4449048158544707, 0.2230748203932996, -0.8673507533495296, -0.07851386535681136, 0.9744680762859457, 0.21035099535372037
35, -298.048671181342, 278.44738541380474, 182.57401425793594, 112, 34.71785509093677, 46.4172470844083, 32.82353856862941, 27.465902871302415, -0.4855903650273678, 0.8337477357939527, 0.2628054612275873, 0.19149422360534998, -0.19187710155329005, 0.9625555257881452, 0.8529548403745487, 0.5177334168835984, -0.06648420356492588
36, -269.50937346786856, -271.523277436554, -144.81847152259175, 107, 34.95725939972011, 48.03176757626137, 33.145090837025265, 26.832698389815594, -0.8655949334560095, 0.49119593168637254, 0.09732403541799443, 0.4430276576830712, 0.8418088642896144, -0.3083574719887312, 0.23339217146926378, 0.22379542599925142, 0.9462788709459148
37, -1.699481688230975, 81.44760426359166, -119.58696339345582, 9, 9.406376679517416, 12.918259871869733, 9.795548846930203, 6.577097908437287, -0.9045410484489312, 0.40505652059636127, -0.1331717191947214, 0.42287740420652264, 0.8922071186533428, -0.15855963684321842, -0.05459114106209791, 0.19973901107863007, 0.9783272125270098
38, 305.90535161502623, -241.11408838146798, 224.26468616898936, 8, 13.523567064006471, 23.207320073695143, 15.77656015660684, 6.755172868630598, -0.007048995765316654, -0.9997591795701238, 0.020782072177080932, -0.6793523447286226, -0.01046235643298481, -0.7337376443999529, 0.7337783748315448, -0.019290463010048046, -0.6791149936987366
39, -184.75724646145025, 224.71725052535064, -304.63164832246565, 6, 8.935237330289443, 13.166154437192391, 8.123469705771857, 6.669876105248964, -0.5077042316246627, 0.7559949932748664, 0.41316822643294543, 0.8149611804930411, 0.5769681255250712, -0.05427758669538024, 0.279418480920284, -0.3091591051083905, 0.909035731007742
40, -177.9128253873866, -82.2152975785792, 113.47043366769347, 47, 25.573605108851375, 38.462111289706144, 22.380750415875735, 19.429789704724826, -0.5944419620778267, 0.7240631687457548, -0.34981606793702336, -0.17166982900651304, 0.3107247699842584, 0.9348687539580646, 0.7856005495988009, 0.6157780809545648, -0.06040804156712492
41, -76.65162227724278, 110.61073583829756, 8.009195546750373, 72, 28.306018882810495, 33.19365837667838, 30.52658152446818, 22.382216019817417, 0.5733804025683816, 0.2090795988873825, 0.7921620006536616, 0.6588475469079318, 0.4570490916776929, -0.5975165585404278, -0.4869854452485419, 0.864518275761529, 0.124311411344222
42, -53.797473704594964, 254.28452786242502, 15.06242035930238, 8, 10.779063061526047, 15.048536681475158, 11.476563523670949, 7.251651123524075, -0.4566150722616911, -0.825591200626161, -0.33151447213071217, -0.18631565744381326, -0.2756272186219999, 0.9430355837114418, -0.869936291675851, 0.4923705980289175, -0.027965024976115957
43, -338.3711156635683, -76.7442426226124, 180.68299626431607, 10, 13.96733659763662, 16.338653508705807, 13.734112671684855, 12.142942236699621, -0.9374228325954492, -0.2429243656946994, 0.24945176984850662, -0.3464089512126049, 0.5782300920453832, -0.7386817983225055, -0.035203287467328793, 0.7788695097415328, 0.6261972655213988
44, 31.397622496877425, -278.4220277490277, -179.9139344043655, 81, 29.311037700574836, 37.779087450314115, 31.19620333716218, 21.366843861388038, 0.28912497224472816, -0.19906746251209922, 0.9363647237019765, -0.9197205292219885, 0.21357766541349527, 0.32939145247584434, -0.2655577122813611, -0.9564291537827123, -0.12133579538773674
45, 20.9360436008859, -66.69230238306695, 185.1826326157184, 37, 20.84254225343509, 27.826537358858648, 22.623569509481804, 14.382413674345823, 0.7469021704250943, 0.6647684633468663, 0.01483367633897897, 0.6139763668397114, -0.6980560617327843, 0.3684436939892218, -0.25528448596926445, 0.2660838680145062, 0.9295317135019372
46, 286.8144282883041, 17.654342948120224, -92.4070274689853, 7, 12.098940845790485, 18.227368781072833, 11.143564038035798, 8.719547875572896, 0.15506531911650948, 0.7565538720959532, -0.6352802416445164, 0.9334940325675352, -0.3226784736926556, -0.15642088663659956, 0.32333208620255577, 0.5687748598804262, 0.7562747654126141
47, -93.14939976617342, -272.4428581160448, -169.05417633215504, 12, 11.733641024934414, 15.26732811333125, 12.427671222648277, 8.514234310119356, 0.5155103641201265, 0.7199245361773216, -0.46471252048401174, 0.7359550113183336, -0.6497643647722793, -0.19020118713485396, 0.43888413710245466, 0.2439568250366135, 0.8647923344467671
48, -74.82746244155774, 45.289232212488564, 211.97597327205332, 33, 20.558480505416114, 25.851413114766785, 21.265733788995366, 15.805504999250836, -0.9567437446164566, -0.2801739306224146, -0.07838351699730448, 0.17782046241274893, -0.7763867571866621, 0.6046515413132552, -0.230263523565059, 0.5645583865861576, 0.7926238312406699
49, 151.13276211206318, -234.3301810467911, 293.00001261944044, 106, 32.495729151726685, 45.91796722004347, 32.00930287501665, 23.346403612708222, 0.6361014987140179, -0.6444775640110552, -0.4242918250687335, -0.37321007702161735, -0.7382599948560986, 0.5618597853598276, -0.6753437063772041, -0.1990498668209784, -0.7101338104718375
50, -320.8148881088674, 154.0998020230887, 274.8745110782557, 7, 10.71969660380794, 15.13047531530639, 11.004807162228538, 7.39796842433223, 0.5921039705291592, 0.37213565386226327, 0.7147922377922904, 0.4301513988462032, -0.8960101027337455, 0.11016201645629636, 0.6814562804423032, 0.24224151362548973, -0.6906058115322897
51, -162.2712073824582, -352.2210544279822, 236.34874717332073, 12, 13.4158061316821, 18.724031082481837, 12.751419629035734, 10.113289280506129, -0.9052478119100011, 0.07356823860858955, 0.41846638252096746, 0.4246761034640969, 0.1874711817342066, 0.8857227349265298, 0.013289325743116543, -0.979511240510904, 0.2009505499720844
52, -64.86729638595668, -124.11164477653068, -211.33047222100814, 8, 12.094875909541429, 19.261510057449414, 12.415955095440891, 7.398331480691066, 0.7741030495149276, 0.49615445231297267, -0.3931859969298295, 0.31494663366456704, 0.23694141600560772, 0.9190578781146563, 0.5491567050260301, -0.8352781122663707, 0.0271548981526675
53, 61.667174476918895, -285.37388233696294, -141.250013583083, 169, 41.33384110409324, 62.52532025944369, 39.35499723391216, 28.69865118870851, -0.8704787507535093, -0.16198532091888188, 0.46478758620838484, -0.041508953250919516, 0.965090114503607, 0.25860796137672887, -0.4904525984094927, 0.20581988896659442, -0.8468142783510181
54, 44.9875247598295, -6.321230657204365, -316.6867002218561, 5, 8.359626157103289, 16.044166773451376, 9.161706206623995, 3.9743585065887403, 0.06843990035390562, -0.8454997469903084, 0.5295716739770662, -0.9758830542160031, 0.053554243142550834, 0.21162279540605822, 0.20728783016277938, 0.5312834656572263, 0.8214436283675548
55, -56.813304345933574, -130.72419106227258, 349.3535459011271, 45, 25.75930173385848, 40.95029859898781, 23.925715377248057, 17.445372775170426, -0.344372299225112, -0.9335917896631355, 0.0990660880422444, -0.9318204354370303, 0.35276500280412915, 0.0852498029237949, 0.1145355649060717, 0.06295413465521249, 0.9914224030661504
56, -14.749618784399463, -34.31710266121967, 308.87951853042614, 5, 6.329833548344291, 9.29156217882922, 5.30895280430558, 5.141374832592205, 0.023201441929555738, 0.9156461025607988, 0.40131522268362596, 0.7419009377055417, 0.25329970884704506, -0.6208238527389555, 0.6701079701988456, -0.3121401485922996, 0.6734417836106994
57, -225.31345682016138, 240.44523027591273, 6.474889573671311, 120, 37.48087960420531, 65.33981682249653, 33.15357536383955, 24.3064223465612, 0.2410714771845234, 0.6115457268467257, 0.7535889906730205, 0.7338531971736034, 0.39326520812375476, -0.5538970672222956, 0.6350937158295229, -0.6865524743636797, 0.35397976221665284
58, -40.35907831999922, 354.16908626765684, 305.2111433924013, 6, 9.32027570421055, 16.74517626794035, 8.160702013770448, 5.924736429761969, 0.9274082488630446, 0.11169910519834271, 0.3569835428120894, -0.1363915872284236, -0.7876816576953258, 0.6007952571913786, 0.34829768140786205, -0.6058720294156459, -0.7152676485747655
59, 316.68108184118654, 7.0781806664524956, 6.3761372564400975, 19, 12.38071845137207, 18.468573368526478, 12.474534950759054, 8.237204142078616, 0.19341085500816627, 0.5965943130660322, -0.7788886099964996, -0.891707063413996, 0.43800391368694497, 0.11406614156929817, -0.4092074708782799, -0.6724788451781872, -0.6167020743967164
60, -250.91525954983334, -11.667628545235823, -326.7563017214183, 11, 15.838394165101722, 19.55134513695803, 15.98630794190127, 12.711846031195657, -0.16802682435013713, -0.006864164787106925, 0.9857585249647013, 0.6865228048184274, -0.7184277095465356, 0.11201814415512472, 0.7074273282557352, 0.6955677604644239, 0.12542753222262726
61, -103.03736319135137, 293.95497598079794, -127.11722701151697, 7, 8.023940857415134, 11.563886292652816, 7.918819316535832, 5.641556090425991, 0.6544650575815463, 0.7156800045695354, 0.24388033841237247, 0.6960210454540364, -0.4442697535791439, -0.5640736568390665, 0.29534757945487383, -0.5389123464108759, 0.788887374848952
62, 333.6254801018493, -205.39747017033477, 307.8617001794876, 42, 23.046822067919653, 36.67530401685954, 19.132856936426773, 17.445346503359758, -0.32376376919229366, 0.41588587800322924, 0.8498329001844317, 0.8775458925723097, -0.20376890414040644, 0.43404082772809083, -0.35368096950199546, -0.8862940652982502, 0.2989859555718788
63, -17.721277821438804, -273.33301832631383, 47.93155217255708, 26, 19.22398400137195, 25.305047410522516, 19.74865124947865, 14.21626771406824, 0.3339186248883374, 0.7318864929258505, -0.5940037991674639, -0.47538634798893475, 0.6749210473972814, 0.5643486510357758, 0.8139448212860778, 0.09393477126631904, 0.5732975550695459
64, 15.132301017330885, -117.53833715275101, 135.24195213186377, 9, 9.404625697659526, 17.470124854621073, 9.365123258164237, 5.084111186069359, -0.8573187809151648, 0.37900796158469796, 0.3483639949041056, 0.5139810573517114, 0.6680348562437568, 0.5381012019378882, 0.028774651583510037, -0.6403767608984535, 0.767521741403755
65, 83.76942539113563, 116.8559379519824, -15.328081676104265, 36, 21.651488686664084, 29.018977881373402, 23.148437708892565, 15.109826933481067, -0.7495955502466604, -0.0235963817251653, -0.6614754128611938, -0.2844591124273429, 0.9138518251541823, 0.28975481880275605, -0.5976533480266426, -0.4053616316720781, 0.6917314675224017
66, 6.98997129442964, -77.51070887639169, 98.33178327834634, 34, 23.200581518753573, 33.267189620430905, 20.64334137085594, 18.18446396526296, -0.4595233087377075, -0.8858088762076969, 0.06466037084959168, -0.8811168700198186, 0.46382056552132095, 0.092214664592786, 0.11167537818708077, 0.014598555789498362, 0.993637505368851
67, 13.150584382538336, -172.36912454538944, -345.05493677336716, 6, 8.425910054884207, 10.828509945980564, 9.428945110092387, 5.858934584420232, -0.4281489321405287, 0.8413198474748782, 0.3299536424284061, -0.396203571504166, 0.15340046144605998, -0.9052574376140078, -0.8122260903432419, -0.5183138167876514, 0.26765568458889233
68, -280.4042633284012, -274.2543868178358, -54.32727176916564, 95, 33.78599916139193, 39.39659095590018, 34.67352933215498, 28.232777652133798, 0.2710146374222317, 0.6670840839884985, 0.6939379591808783, -0.8055728821472311, 0.5517901591436801, -0.21582389075631858, -0.5268808194002707, -0.5005261683083285, 0.68692805808664
69, 197.53407360013566, 156.5950523431138, 300.51246054923564, 7, 10.216171594513165, 15.464858946808597, 10.167056754925516, 6.781461891047613, 0.21824368339445305, 0.7130180621970669, 0.6663144435168439, 0.7734845218220671, 0.28994101198508915, -0.5636097089926242, 0.5950557865949286, -0.6383881676141889, 0.48823064046625436
70, 4.702120925285673, -94.95038367289115, 231.5707109768031, 16, 14.032865758099561, 19.3755565054535, 12.624507297900838, 11.297191460577139, -0.36846063125745826, -0.8805124397603642, 0.29821905814452326, -0.03498371877995318, 0.33369433148414474, 0.942031970028446, -0.928984877505377, 0.33666888267643785, -0.15375682360051104
71, 126.13578953507566, -100.898648621069, 170.1233086172321, 23, 19.21056069633447, 22.611069912444073, 19.706440936372253, 15.910755918406196, -0.8631821859323997, -0.2152566470761653, 0.45670678753275773, -0.11865409903432456, 0.965714083512238, 0.23090585459981572, -0.49075219680742815, 0.1451236879204969, -0.8591282771117695
72, 297.9291926604752, 182.2553689110692, -77.64993833052834, 66, 27.51568007784572, 37.3773540135494, 25.851582526251388, 21.55981679275329, 0.43800422677066386, -0.7484098137352866, -0.49803117175107264, -0.8191903644576581, -0.5604492158465272, 0.12175312413544953, 0.37024241263091673, -0.35465395410417555, 0.8585692335085804
73, -113.18817164398256, 212.85082245662053, -257.66099493389294, 7, 8.639078526379475, 10.753641733594772, 7.95534158767888, 7.536815243402086, -0.6622052515984033, 0.6921780357472771, -0.2870083127446605, 0.7445330409512333, 0.6510315203218113, -0.14774474772180568, -0.08458578892109825, 0.31152451970352507, 0.9464659095477679
74, 193.05803409673945, -233.73072501745366, -188.49293060644266, 18, 16.75286065495969, 23.081870399145608, 16.109601700431856, 12.64477562582698, -0.7212602840107151, 0.39479134126391885, 0.5691426882354007, 0.08734490208556434, -0.7632745620479601, 0.6401428051694071, 0.687134972758952, 0.5114212938405384, 0.5160366163539404
75, -42.10007934373472, 44.05980376156905, -105.55412674163256, 70, 29.82190626109308, 42.395966825101816, 25.93255105289722, 24.123283296053074, -0.7748744520638873, 0.3023028367771067, -0.5551419443846813, 0.5840529567163103, 0.6782999221066593, -0.4458602465134513, -0.24176792030711172, 0.6697180082292956, 0.7021581461207719
76, 341.79069437692925, -220.7369879892726, 250.35106748925892, 39, 23.9166660515721, 29.692986246466127, 23.530605575177162, 19.580101431430133, -0.8641061474603418, 0.5020902118050815, 0.03501407046852206, 0.49192259001124383, 0.8277959041283014, 0.26975193520165486, -0.10645530215952728, -0.2503185177287851, 0.9622930470102067
77, -124.46958492508688, 27.784920041397562, 324.5005643321454, 25, 19.35122473384816, 31.452542227700807, 17.687051680368196, 13.026092892554717, 0.6145980357091252, 0.6764133096790994, -0.40587472080859077, 0.473639031974801, 0.09502647537881144, 0.8755775444625414, 0.630821148894406, -0.7303663488045208, -0.26197266010310094
78, 54.537834007815434, 219.55866008189085, -229.62344003319484, 53, 22.633426130518366, 34.28580898995341, 19.52986524544649, 17.31558834597141, -0.11192737549854817, 0.7844074828452166, 0.6100632454675814, 0.9681909767810202, 0.22433568839957216, -0.11081394943825502, 0.2237822492822449, -0.5782546149982045, 0.7845655518434758
79, 299.9165920925506, 240.82248908142458, 278.08164407774035, 44, 25.21370142673232, 38.59890144014218, 22.03226907894078, 18.848450172384467, -0.700105901131658, 0.6279745592101788, 0.33985243883987504, 0.7081552984565808, 0.5496721966009602, 0.4431439377355244, -0.09147568238882058, -0.5509159911172087, 0.8295322599289574
80, -189.4617460060288, -182.65879055020693, 278.76815631943606, 39, 24.685276728997163, 32.29911725011669, 23.839529463428867, 19.535551144874386, 0.4728903632511697, -0.8631010435750921, 0.17728872757105443, -0.7569744511857938, -0.5009318035784568, -0.41959147800640645, -0.45095940459884426, -0.06421772919701949, 0.8902312613364205
81, -257.6803467838728, -232.19736276651113, 150.35121912523286, 8, 9.455132055272534, 11.926857308883188, 9.8376166154397, 7.204218552485098, -0.20297426985035116, 0.927734871536498, -0.31322428691574067, 0.6953709013809178, 0.3617818015337379, 0.6209454384981766, 0.6893915834207786, -0.09177110773091993, -0.7185522308742988
82, 339.807276767159, -202.2007590433082, -316.75147762290095, 62, 26.756908454615683, 39.93479386562997, 25.248539860727558, 18.998533701677985, 0.2795642599675317, 0.7765358509081861, 0.5646555558950124, 0.8327971843322521, -0.4887874134849399, 0.2598763440311088, -0.4777998266189301, -0.3975914192648045, 0.7833443617017479
83, -19.398783249755347, -84.92248639169115, 345.29620891320224, 47, 23.69543543258508, 44.773460008800754, 18.018004934493852, 16.491749243262735, 0.9748185656178072, 0.2215736727355016, 0.025176808323167394, 0.15901756447961143, -0.6115317800633094, -0.7750756712473774, 0.15633994471603585, -0.759561708831546, 0.6313666384622239
84, 266.0045052624031, -65.93765040099404, 269.44486534774234, 69, 31.840174748395565, 51.66839201261751, 27.616935974674895, 22.621733864373535, -0.5776863557398597, -0.7310456596583906, -0.363112541626737, -0.7476313456421091, 0.2953390865203091, 0.5948295512049806, 0.327606235296843, -0.6150992338379063, 0.7171660108556807
85, -254.72477024548118, 33.411363936596835, 199.0291958264362, 22, 20.281411966306653, 28.278183792121876, 17.940621612868636, 16.443927784990823, -0.6641408745678847, 0.6446099247838198, -0.3786752481987742, -0.07078498114531655, 0.45002171467052365, 0.8902078087554945, 0.7442488731415465, 0.6180279129579829, -0.25324911378391457
86, 124.63766762809288, 207.09357145253983, 29.46059518270387, 45, 22.260471981163544, 28.95749166134848, 21.70545819324683, 17.54984183754612, -0.1738263096878088, -0.4159586988699327, -0.892615692722658, -0.20860955796626532, -0.870290704744036, 0.4461794947790054, -0.9624273823959072, 0.2637659001284299, 0.06450646125777915
88, -117.96277216163293, 207.47554244766064, -76.47945034680293, 41, 21.8720704661708, 39.40207688807662, 17.34189842280136, 15.31277626186386, -0.565977590702834, -0.11709238646581833, -0.816062950913687, -0.8231565233651496, 0.02546762749604412, 0.5672431030793786, 0.045636661398649324, -0.9927944263448815, 0.11079946820685876
89, -192.06874027094037, 30.85499715893059, 330.02362707636325, 127, 38.02804439714564, 47.422401501232, 39.67021056581044, 29.232363335333044, -0.9849341578051007, -0.14721947555459974, -0.0907255796685023, -0.17250267972408184, 0.7995790083504382, 0.5752531919888328, 0.012146204212345699, -0.5822369237885542, 0.8129284312290188
90, -0.11243348484574645, 233.8521545278268, 243.4854264280303, 12, 13.596697278717874, 16.902809233092345, 14.797143496597183, 10.049940943408572, 0.28635691112556405, 0.9517524111246176, 0.1103044304146599, 0.5435517969831853, -0.06656623098110537, -0.8367319647828211, -0.7890191147538673, 0.29956015224232807, -0.5363884336388852
91, -291.7162692725385, -199.34653415445726, -84.05678637828437, 107, 30.98302148367264, 43.79435902026859, 30.684566152597846, 22.132636071407337, -0.04039606122298231, -0.9807366364731155, 0.19111203027823565, -0.5307432522151719, -0.14099274410856666, -0.8357228286560074, 0.8465694055809786, -0.1351913310391469, -0.5148238004853041
92, -66.94361950889576, -212.40408518678294, -237.40053309936582, 9, 14.199814483715093, 20.242486669745308, 14.562091001556734, 9.713157005238937, 0.5092095449118181, 0.00639001410235515, -0.8606188512288531, -0.6740023430631281, 0.6247910012389545, -0.39415358214310087, -0.5351882667960052, -0.7807658884009967, -0.32245642588308027
93, -199.29207783508446, -343.81032001746394, 206.87151977829518, 8, 15.509495417116119, 19.971735819551615, 17.53464503364342, 10.65320330400499, 0.4278040194595761, 0.8755508108051039, 0.22448719035338294, 0.8456381673266685, -0.29999684670510895, -0.441472515483563, -0.3191861696480981, 0.3786986528435464, -0.8687390398962501
94, 24.564730150821045, -356.23347818618527, 281.0112589390754, 6, 8.175896725462845, 15.51414643676163, 6.580291014664089, 5.3534432569898085, 0.4491849329847765, -0.16644698143864964, 0.8777974130455294, -0.6288995753073886, 0.6389501082654349, 0.44297639138646566, -0.6346008352954243, -0.7510247409490239, 0.1823283256238625
95, -260.6555324795428, 313.47656955356376, -339.61556138724626, 10, 10.997553241651557, 13.801586993953105, 11.11020695084279, 8.674352041394544, 0.8468810439948808, -0.3608683907590804, -0.39059762143808874, -0.41988168246748087, -0.003030670544378812, -0.9075737919113405, -0.3263309210761649, -0.9326118268534895, 0.1540886444958838
96, 22.949989226896662, -350.79440348240104, -109.77550521311194, 6, 10.423895007028015, 17.761634014674286, 10.721963732560216, 5.947477862735821, 0.8774462122907606, -0.1744569602833233, 0.446825372539766, -0.29961206233190246, 0.5281217903530435, 0.7945564716617189, 0.37459412254041285, 0.8310548378795465, -0.4111290549148515
97, -0.806764685001376, 115.59437879648999, 351.78686029156137, 17, 17.369046469664806, 22.766830321446772, 19.26667534533226, 11.945891919203149, -0.25269895423203836, 0.9361409823870738, -0.2445062363732235, 0.9667447736032229, 0.23401931727563907, -0.10314796097207644, 0.03934185100992536, 0.2624405079960188, 0.96414583882414
98, -279.0301223329398, 0.5202614911095127, -223.1561837494255, 25, 22.257284819088913, 26.051015129822915, 21.417603528127362, 19.761550844370934, -0.701910867317698, 0.31654941416116056, 0.6380576797872924, -0.021255278590423702, -0.9047253997552709, 0.42546464502906567, 0.7119475735427155, 0.285076164264731, 0.6417649360122037
99, 153.69239442790447, 289.22563575960885, 352.5559381692126, 24, 19.590293059444644, 32.15493461321741, 21.284684259098835, 10.985199679755146, -0.12468478533408146, 0.9793367244639511, -0.159227147253265, 0.8968017574543183, 0.17989566495111925, 0.40420806221380656, 0.4245000731837871, -0.09239659002373218, -0.9007011480057888
100, 140.9751143254002, 135.27016947993522, -95.88221112098377, 6, 9.315477156927356, 13.510482617242051, 9.64832387002233, 6.201440474216139, 0.336580924864057, 0.159716629816512, 0.9280107107020431, -0.39148446414883625, 0.920039328600509, -0.016356899413490205, -0.8564188200569595, -0.357796355471069, 0.3721942673710406
101, -54.47092514915792, 297.3465901300197, -321.77518632276934, 12, 16.864950613748825, 21.384636576479135, 19.986504962666366, 11.223194556376619, -0.7223693305384928, -0.6247591788214475, 0.2964093770036977, -0.1565013004279117, 0.5652257957812131, 0.8099550251389684, 0.6735650623820558, -0.5386982163158187, 0.5060774036413922
102, 249.8115820156527, 136.07897751404417, -339.544415182572, 6, 11.03366259471033, 13.08477333269209, 10.678199504108605, 9.613795136384752, 0.7009771082822024, 0.22989130026672955, 0.6751156076747107, 0.39774805133057434, -0.9117495890522815, -0.10251426498652051, 0.5919692401865596, 0.34038607040339885, -0.7305544071102984
103, 17.896227953117208, -172.86553325199213, 168.9943108817568, 8, 13.1002064894728, 20.25632771263857, 12.239797699192692, 9.067748564055837, 0.32296307751776887, -0.8114886694500449, 0.4870123098181886, 0.3093336760022013, 0.5768365673631604, 0.7560239754423476, -0.894431398963172, -0.09351852173169532, 0.4373176861755094
104, 283.5867745047618, 341.2110182888265, -319.10338260419303, 64, 28.92671862436785, 39.31943349255877, 26.24156823115949, 23.45851281639881, -0.7381111714506384, -0.4186800250735704, -0.529054756319382, -0.6422867362818608, 0.676109362866291, 0.3610316853697656, -0.2065421191335109, -0.606286372969848, 0.7679565007048935
105, 97.67850709256405, -166.81171566237632, -80.17161842688571, 7, 9.780870308329428, 15.119115971059085, 13.203254964250513, 4.687325280426582, -0.5820722853967625, 0.811821038084268, -0.04624345031214192, 0.21658810448619506, 0.20960639481145737, 0.9534960682924815, -0.7837610908740416, -0.5449878543398236, 0.2978368530823676
106, 335.8747722923692, -192.09576471647512, 270.8166585631947, 28, 18.309406644645836, 27.21058230855428, 16.245416623537707, 13.885263363797668, 0.652161280648383, -0.34738164965541724, -0.6738038687227478, -0.5173127334746837, -0.8536484723536281, -0.06059555621716918, -0.5541418589206305, 0.38808539669897063, -0.736421431695867
107, 86.00362311229043, -347.3135398849993, 157.47526295774242, 9, 9.942251661063453, 11.522070896425387, 9.590031689183007, 8.894134042631467, 0.8751003548624976, 0.2891183288149901, -0.38808499180303035, 0.3199532603646125, 0.2560061552701359, 0.9121900896446187, -0.3630830209491849, 0.9224269295760121, -0.13152672538835802
108, 220.08102527127096, -55.43269068777741, 29.29107121456086, 18, 17.774324217876536, 23.695444567114894, 17.16352781390942, 13.807271795011728, 0.7417640227070046, -0.6398875206554271, 0.2008235432586841, -0.32690744584910275, -0.08351648852411438, 0.9413588678038878, -0.5855917148200939, -0.7639168521861862, -0.2711335214981915
109, 304.3272191673681, 105.93340795932158, -25.149755433695063, 22, 19.106780909264497, 24.474878404378785, 17.71956829464139, 16.083808422463978, -0.707168222704876, -0.5256864361071628, -0.4728285901776422, 0.06130308217858161, -0.711806983441322, 0.6996947551894123, -0.7043827346775564, 0.4658160465431778, 0.5355934781819613
110, 312.91469048397096, -95.57342941683116, 42.39034569470565, 10, 12.293293975569881, 15.666629255350525, 12.612049127083813, 9.40250519017896, -0.900257631144257, 0.18725089362435182, 0.3930309153278051, 0.4350434111997222, 0.42121796913316933, 0.7958094324968998, 0.016535656571195847, -0.8874190246530725, 0.46066695859975565
111, 222.77258097242753, 221.20899367542384, 343.93030877837174, 5, 7.854038601500115, 13.227457457346565, 8.587615159695865, 4.265109121269522, 0.6972212116902302, -0.7122677296723394, 0.0809769302741109, -0.39387677862587006, -0.28625434211961187, 0.8734526517659532, -0.5989521393471382, -0.6408846486576816, -0.48012831814672885
112, 296.435064792066, 165.76045114133927, 114.96694182155058, 52, 23.078035514668397, 30.18116662890797, 23.436186428187675, 17.376949737919954, -0.19576461103496168, 0.33822065056564016, 0.920479770878907, 0.5022362267438547, -0.7716188404315131, 0.3903372101622167, 0.8422796386072893, 0.5387124990401484, -0.01881100118261544
113, 289.21233850934334, -322.5362118287737, -23.78089204547334, 119, 37.69585771530019, 58.7157285664162, 38.11645318110353, 23.93392647776152, 0.6131800340505608, 0.7710295287710154, -0.17182465365860333, 0.6853117319916284, -0.6274076952919222, -0.36973965689808436, 0.3928843033723636, -0.10896352440897032, 0.9131094537414386
114, 296.66851903969285, 188.21105671121592, 353.1534218745726, 13, 10.653949101645736, 19.538548010580236, 8.211351693850412, 7.537458137474301, -0.8023898471206499, -0.4800782182463799, -0.3545355237533769, -0.5394320139219836, 0.8375519242219809, 0.08671722198116211, -0.2553108607046948, -0.26082883007336416, 0.9310127205408033
115, 33.21127273517238, -262.9081383681922, -336.483173535192, 75, 30.141448071121072, 40.325489065489556, 29.446268168800145, 23.061228189901165, -0.5983251134770462, -0.6369325773520017, 0.48613161848455844, 0.1302641859276898, 0.5213179865024499, 0.8433616062008203, -0.7905936380007597, 0.5679299682678911, -0.22894813975211967
116, -101.07679908230033, -15.50836447001332, -218.6409119170636, 29, 20.763969261587082, 24.724139015755426, 23.62956988098199, 15.323364720985442, -0.5828183305892947, 0.8126024817192948, 1.5256167173854315e-05, 0.5691394447748654, 0.40818729844974405, 0.7137670640942024, -0.5800026602787806, -0.4160052116115197, 0.7003831651186316
117, 166.26340412083428, -25.578150577745138, 166.76071272754692, 14, 16.324775030569867, 25.304965939923402, 13.943500829609452, 12.33002710110527, -0.5721592171674296, -0.43248767302779006, -0.6968416196592747, -0.781895050810258, 0.03120288225074824, 0.6226287093105088, 0.2475357746443475, -0.9010997685152587, 0.3560129877588315
118, 164.78492567424192, -114.7011194859393, 279.642304963376, 107, 32.19112555674777, 43.46777104900745, 30.049514031544515, 25.538986712436277, -0.7745853693677672, 0.5455712761280178, 0.3199523218003669, -0.12419551593252907, -0.6272330495392289, 0.7688655118991696, 0.6201556090076531, 0.5558153328487481, 0.5536030494737021
119, -154.48028683413438, -79.60241761278111, -217.2997007734825, 14, 15.351216585207256, 22.68187402968772, 12.998690792468151, 12.270149379711278, -0.37657122134861415, 0.12455325841540511, 0.9179763619342921, 0.9259921248633695, 0.07956259180245676, 0.36906419316522404, 0.02706843074570268, -0.9890178359381497, 0.14529631878745042
120, -30.79483364939066, 231.0684460121923, 355.18538736783375, 7, 10.1221143443119, 15.051329019291432, 9.074055493240875, 7.593420259201427, -0.793191163348949, -0.5911617011787337, -0.14620404045239835, -0.5610707000083288, 0.8027586815867105, -0.20193605108878013, -0.2367434222471769, 0.07814308796453, 0.9684246020346977
